,confirm,heal,dead,confirm_add
03.12,4,0,0,3
03.13,6,0,0,2
03.14,13,0,0,5
03.15,20,0,0,7
03.16,28,0,0,8
03.17,64,1,0,36
03.18,78,1,0,14
03.19,122,1,0,44
03.20,136,1,0,14
03.21,160,1,0,24
03.22,160,1,0,24
03.23,194,2,0,37
03.24,235,2,0,41
03.25,265,16,0,30
03.26,290,18,0,25
03.27,329,18,1,39
03.28,372,28,1,43
03.29,424,30,3,52
03.30,481,30,3,57
03.31,532,30,3,51
04.01,571,31,3,39
04.02,663,33,5,92
04.03,736,43,7,73
04.04,770,43,7,34
04.05,822,57,7,52
04.06,833,62,8,11
04.07,853,87,8,20
04.08,881,114,9,28
04.09,921,138,10,40
04.10,937,149,12,16
04.11,967,173,13,30
04.12,1013,197,13,46
04.13,1039,211,14,26
04.14,1067,265,16,28
04.15,1111,297,17,44
04.16,1159,358,18,48
04.17,1201,402,19,42
04.18,1248,523,20,47
04.19,1291,545,20,43
04.20,1339,580,22,48
04.21,1401,609,24,62
04.22,1473,633,24,72
04.23,1523,659,24,50
04.24,1596,728,27,73
04.25,1677,803,28,81
04.26,1746,833,28,69
04.27,1808,848,29,62
04.28,1867,866,30,59
04.29,1932,900,30,65
04.30,2066,929,32,134
05.01,2148,977,33,82
05.02,2273,1010,33,125
05.03,2273,1010,33,0
05.04,2507,1071,39,234
05.05,2619,1111,40,112
05.06,2782,1135,40,163
05.07,2884,1185,42,102
05.08,3029,1218,43,145
05.09,3175,1267,44,146
05.10,3313,1325,45,138
05.11,3392,1359,46,79
05.12,3538,1430,47,146
05.13,3718,1500,48,180
05.14,3860,1572,49,142
05.15,4044,1666,52,184
05.16,4283,1791,55,239
05.17,4472,1925,60,189
05.18,4823,2019,61,351
05.19,5041,2164,64,218
05.20,5271,2419,67,230
05.21,5606,2581,70,335
05.22,5928,2874,74,322
05.23,6302,2936,77,374
05.24,6661,3064,81,359
05.25,7113,3145,87,452
05.26,7402,3220,91,289
05.27,7774,3255,98,372
05.28,8216,3287,113,442
05.29,8676,3297,120,460
05.30,8927,3317,127,251
05.31,9282,3386,131,355
06.01,9492,3402,139,210
06.02,10009,3427,158,517
06.03,10009,3427,158,0
06.04,11221,3468,176,1212
06.05,11817,3513,183,596
06.06,12364,3720,190,547
06.07,13130,4014,200,766
06.08,13325,4099,211,195
06.09,13675,4451,217,350
06.10,14103,5226,227,428
06.11,14669,5466,245,566
06.12,15281,5639,258,612
06.13,16004,6081,264,723
06.14,16667,6214,269,663
06.15,17064,6276,285,397
06.16,17489,6571,293,425
06.17,18033,6814,302,544
06.18,18698,7560,309,665
06.19,19157,8266,319,459
06.20,19708,8854,332,551
06.21,20268,9002,350,560
06.22,20588,9131,360,320
06.23,21006,10144,372,418
06.24,21717,10797,386,711
06.25,22488,11335,397,771
06.26,23247,12149,410,759
06.27,23909,12911,421,662
06.28,24645,13116,426,736
06.29,25127,13297,433,482
06.30,25542,14048,443,415
07.01,26065,14563,453,523
07.02,26658,15036,459,593
07.03,27320,15484,469,662
07.04,27900,15935,477,580
07.05,28606,16140,484,706
07.06,28936,16302,491,330
07.07,29285,16907,503,349
07.08,29820,17427,521,535
07.09,30346,18000,535,526
07.10,30903,18709,546,557
07.11,31392,19419,559,489
07.12,31969,19633,565,577
07.13,32151,19865,573,182
07.14,32490,20729,581,339
07.15,33005,21348,592,515
07.16,33559,21931,607,554
07.17,34001,22492,620,442
07.18,34462,23123,631,461
07.19,34877,23294,641,415
07.20,34981,23502,650,104
07.21,35254,24206,662,273
07.22,35693,24766,678,439
07.23,36162,25244,688,469
07.24,36613,25734,692,451
07.25,36996,26243,700,383
07.26,37317,26478,705,321
07.27,37390,26665,711,73
07.28,37629,27357,719,239
07.29,37937,27824,723,308
07.30,38196,28366,728,259
07.31,38550,28997,738,354
08.01,38841,29557,749,291
08.02,39050,29750,754,209
08.03,39102,29861,762,52
08.04,39298,30372,768,196
08.05,39586,30850,770,288
08.06,39819,31556,772,233
08.07,39985,32008,777,166
08.08,40185,32395,785,200
08.09,40410,32520,791,225
08.10,40433,32616,796,23
08.11,40593,33157,803,160
08.12,40794,33492,806,201
08.13,41023,33897,809,229
08.14,41299,34164,814,276
08.15,41495,34484,817,196
08.16,41663,34584,818,168
08.17,41701,34655,824,38
08.18,41846,34982,832,145
08.19,42056,35226,833,210
08.20,42319,35476,836,263
08.21,42477,35693,842,158
08.22,42616,35907,850,139
08.23,42792,35991,852,176
08.24,42825,36049,854,33
08.25,42936,36475,858,111
08.26,43067,36726,861,131
08.27,43270,36988,864,203
08.28,43451,37264,869,181
08.29,43626,37563,872,175
08.30,43750,37650,877,124
08.31,43781,37722,879,31
09.01,43878,38356,881,97
09.02,44075,38631,884,197
09.03,44271,38855,887,196
09.04,44461,39257,891,190
09.05,44649,39823,895,188
09.06,44783,40089,897,134
09.07,44845,40121,900,62
09.08,44953,40592,903,108
09.09,45152,41023,905,199
09.10,45326,41233,906,174
09.11,45503,41434,909,177
09.12,45675,41605,911,172
09.13,45862,41659,916,187
09.14,45969,41693,919,107
09.15,46119,41941,920,150
09.16,46376,42069,923,257
09.17,46671,42231,925,295
09.18,46910,42369,926,239
09.19,47154,42551,928,244
09.20,47431,42608,930,277
09.21,47552,42637,936,121
09.22,47667,42676,938,115
09.23,47877,43026,942,210
09.24,48251,43266,945,374
09.25,48643,43401,947,392
09.26,49072,43576,948,429
09.27,49400,43613,951,328
09.28,49574,43665,957,174
09.29,49901,43849,958,327
09.30,50359,44001,959,458
10.01,50850,44219,963,491
10.02,51382,44406,966,532
10.03,51925,44583,972,543
10.04,52496,44672,977,571
10.05,52677,44710,984,181
10.06,53083,44932,990,406
10.07,53755,45110,995,672
10.08,54473,45312,1004,718
10.09,55087,45528,1010,614
10.10,55736,45771,1016,649
10.11,56451,45824,1020,715
10.12,56821,45891,1026,370
10.13,57566,46318,1032,745
10.14,58624,46713,1039,1058
10.15,59995,47119,1046,1371
10.16,61460,47541,1056,1465
10.17,63000,47925,1067,1540
10.18,64694,48104,1081,1694
10.19,65460,48208,1091,766
10.20,66694,48734,1101,1234
10.21,68530,49219,1121,1836
10.22,70836,49787,1131,2306
10.23,73310,50276,1145,2474
10.24,75523,50701,1157,2213
10.25,77837,50908,1180,2314
10.26,78810,51162,1196,973
10.27,80410,51814,1222,1600
10.28,82651,52508,1243,2241
10.29,85034,53257,1272,2383
10.30,87432,54316,1300,2398
10.31,89813,55317,1341,2381
11.01,92254,55827,1363,2441
11.02,93448,56466,1391,1194
11.03,94776,57599,1413,1328
11.04,97150,58811,1448,2374
11.05,99563,60135,1476,2413
11.06,101773,61782,1506,2210
11.07,104249,63258,1533,2476
11.08,106424,64179,1559,2175
11.09,107466,64910,1580,1042
11.10,107466,64910,1580,0
11.11,108687,66835,1609,1221
11.12,112680,70130,1668,3993
11.13,114383,72116,1697,1703
11.14,115855,74105,1738,1472
11.15,117337,74984,1763,1482
11.16,117886,75865,1788,549
11.17,118870,78343,1811,984
11.18,120459,80069,1839,1589
11.19,121979,88388,1870,1520
11.20,123646,90754,1900,1667
11.21,124839,92829,1931,1193
11.22,126224,94090,1952,1385
11.23,126709,95099,1976,485
11.24,127522,98944,2002,813
11.25,129085,100913,2040,1563
11.26,130870,103055,2068,1785
11.27,132346,105149,2090,1476
11.28,133594,106479,2121,1248
11.29,134768,107364,2142,1174
11.30,135124,108442,2164,356
12.01,135967,110365,2193,843
12.02,137231,111795,2228,1264
12.03,138508,113228,2254,1277
12.04,139692,114990,2277,1184
12.05,140959,116066,2309,1267
12.06,141937,116796,2326,978
12.07,142344,117649,2344,407
12.08,142928,119147,2372,584
12.09,144066,120532,2393,1138
12.10,145240,121882,2416,1174
12.11,146317,123474,2445,1077
12.12,147312,124521,2462,995
12.13,148325,125169,2486,1013
12.14,148682,125966,2503,357
12.15,149120,127452,2529,438
12.16,150218,128694,2556,1098
12.17,151392,129990,2581,1174
12.18,152253,131213,2596,861
12.19,153173,131931,2616,920
12.20,153825,132532,2630,652
12.21,154065,133176,2656,240
12.22,154602,134586,2673,537
12.23,155440,135638,2691,838
12.24,156142,136766,2714,702
12.25,156763,137815,2733,621
12.26,157349,138669,2752,586
12.27,157834,139113,2768,485
12.28,157948,139675,2775,114
12.29,158296,140942,2797,348
12.30,158878,141844,2807,582
12.31,159409,142801,2823,531
01.01,159738,143355,2828,329
01.02,159798,143640,2836,60
01.03,160027,144091,2850,229
01.04,160220,144831,2864,193
01.05,160544,145759,2878,324
01.06,160853,146576,2890,309
01.07,161054,147388,2901,201
01.08,161415,147961,2908,361
01.09,161794,148893,2922,379
01.10,162131,149312,2929,337
01.11,162288,149873,2931,157
01.12,162643,150602,2941,355
01.13,163128,151246,2951,485
01.14,163576,151849,2963,448
01.15,163972,152320,2974,396
01.16,164235,152615,2987,263
01.17,164586,152772,2992,351
01.18,164676,153064,2998,90
01.19,164912,153500,3007,236
01.20,165221,153857,3016,309
01.21,165528,154046,3021,307
01.22,165711,154259,3030,183
01.23,165909,154535,3034,198
01.24,166036,154708,3039,127
01.25,166094,154932,3047,58
01.26,166232,155404,3052,138
01.27,166427,156053,3056,195
01.28,166669,156645,3067,242
01.29,166728,156910,3069,59
01.30,166901,157314,3071,173
01.31,167026,157519,3080,125
02.01,167088,157800,3084,62
02.02,167231,158335,3089,143
02.03,167421,158693,3096,190
02.04,167568,159045,3107,147
02.05,167726,159350,3109,158
02.06,167937,159577,3114,211
02.07,168088,159720,3117,151
02.08,168177,159876,3123,89
02.09,168300,160169,3126,123
02.10,168496,160405,3130,196
02.11,168676,160670,3135,180
02.12,168830,160838,3138,154
02.13,169022,160942,3140,192
02.14,169167,161015,3141,145
02.15,169255,161105,3147,88
02.16,169391,161348,3150,136
02.17,169597,161476,3155,206
02.18,169820,161577,3156,223
02.19,170011,161790,3158,191
02.20,170234,161903,3159,223
02.21,170402,161994,3164,168
02.22,170402,161994,3164,0
02.23,170672,162329,3171,270
02.24,170945,162517,3175,273
02.25,171227,162984,3179,282
02.26,171510,163165,3183,283
02.27,171793,163309,3190,283
02.28,172058,163394,3192,265
03.01,172216,163511,3195,158
03.02,172456,163738,3200,240
03.03,172816,163906,3202,360
03.04,173307,164085,3208,491
03.05,173749,164463,3215,442
03.06,174257,164654,3219,508
03.07,174679,164784,3221,422
03.08,175016,164954,3225,337
03.09,175198,165096,3232,182
03.10,175538,165259,3237,340
03.11,176286,165441,3239,748
03.12,177104,165718,3243,818
03.13,177104,165718,3243,0
03.14,178385,166180,3255,1281
03.15,178702,166410,3265,317
03.16,179287,166702,3277,585
03.17,180141,166913,3282,854
03.18,181165,167186,3301,1024
03.19,182056,167518,3320,891
03.20,183127,167977,3332,1071
03.21,183713,168289,3348,586
03.22,184219,168721,3360,506
03.23,185020,169172,3384,801
03.24,186184,169485,3398,1164
03.25,187441,169727,3416,1257
03.26,188446,170160,3434,1005
03.27,189540,170903,3450,1094
03.28,190317,171506,3464,777
03.29,190741,172096,3476,424
03.30,191491,172605,3497,750
03.31,192639,173064,3515,1148
04.01,193736,173681,3533,1097
04.02,194852,174545,3552,1116
04.03,196044,175401,3575,1192
04.04,196634,176009,3592,590
04.05,197113,176889,3614,479
04.06,197873,177601,3627,760
04.07,198898,178227,3647,1025
04.08,200129,179043,3675,1231
04.09,201158,180160,3697,1029
04.10,202167,181180,3720,1009
04.11,202817,181963,3735,650
04.12,203327,182836,3753,510
04.13,204053,183660,3775,726
04.14,205128,184243,3794,1075
04.15,206142,185125,3817,1014
04.16,207103,186200,3835,961
04.17,207973,187256,3859,870
04.18,208520,187466,3878,547
04.19,208818,189017,3895,298
04.20,209485,189688,3919,667
04.21,210518,190271,3944,1033
04.22,211399,191158,3969,881
04.23,212114,192281,3984,715
04.24,212878,193360,4001,764
04.25,213288,194080,4018,410
04.26,213469,194900,4040,181
04.27,214064,195701,4058,595
04.28,214872,196289,4071,808
04.29,215528,197171,4087,656
04.30,216064,198135,4108,536
05.01,216596,199115,4128,532
05.02,216863,199755,4139,267
05.03,217008,200472,4149,145
05.04,217407,201107,4165,399
05.05,217900,201559,4178,493
05.06,218325,202273,4192,425
05.07,218681,203307,4209,356
05.08,219092,204121,4225,411
05.09,219270,204578,4234,178
05.10,219353,205200,4249,83
05.11,219596,205675,4256,243
05.12,219950,206078,4272,354
05.13,220217,206752,4291,267
05.14,220447,207464,4301,230
05.15,220729,208100,4314,282
05.16,220860,208454,4323,131
05.17,220927,208899,4333,67
05.18,221139,209222,4346,212
05.19,221368,209508,4357,229
05.20,221559,209980,4364,191
05.21,221699,210464,4371,140
05.22,221880,210835,4386,181
05.23,221948,211057,4392,68
05.24,221982,211375,4394,34
05.25,222139,211634,4400,157
05.26,222269,211957,4411,130
05.27,222409,212265,4416,140
05.28,222513,212566,4423,104
05.29,222555,212752,4428,42
05.30,222636,212981,4432,81
05.31,222670,213208,4438,34
06.01,222778,213429,4445,108
06.02,222870,213578,4446,92
06.03,222978,213813,4448,108
06.04,223050,214059,4452,72
06.05,223143,214268,4454,93
06.06,223180,214363,4458,37
06.07,223212,214504,4463,32
06.08,223285,214609,4463,73
06.09,223384,214690,4474,99
06.10,223460,214857,4478,76
06.11,223555,214998,4482,95
06.12,223643,215118,4482,88
06.13,223682,215195,4484,39
06.14,223723,215228,4488,41
06.15,223805,215455,4489,82
06.16,223904,215533,4490,99
06.17,224000,215655,4491,96
06.18,224086,215893,4492,86
06.19,224167,215999,4496,81
06.20,224227,216049,4498,60
06.21,224253,216112,4499,26
06.22,224330,216182,4502,77
06.23,224430,216230,4503,100
06.24,224533,216312,4505,103
06.25,224635,216423,4505,102
06.26,224728,216489,4506,93
06.27,224797,216558,4508,69
06.28,224851,216645,4510,54
06.29,224967,216718,4514,116
06.30,225095,216778,4514,128
07.01,225221,216882,4517,126
07.02,225221,216882,4517,0
