,confirm,heal,dead,confirm_add
01.28,5,0,0,0
01.29,7,0,0,2
01.30,8,2,0,1
01.31,9,2,0,1
02.01,12,2,0,3
02.02,12,2,0,0
02.03,12,2,0,0
02.04,13,2,0,1
02.05,14,2,0,1
02.06,15,5,0,1
02.07,15,5,0,0
02.08,15,5,0,0
02.09,15,5,0,0
02.10,15,5,0,0
02.11,15,5,0,0
02.12,15,5,0,0
02.13,15,5,0,0
02.14,15,5,0,0
02.15,15,5,0,0
02.16,15,5,0,0
02.17,15,5,0,0
02.18,15,5,0,0
02.19,15,5,0,0
02.20,15,5,0,0
02.21,17,5,0,2
02.22,17,5,0,0
02.23,17,5,0,0
02.24,22,10,0,5
02.25,23,10,0,1
02.26,23,15,0,0
02.27,23,15,0,0
02.28,24,15,0,1
02.29,25,15,0,1
03.01,28,15,1,3
03.02,33,15,1,5
03.03,40,21,1,7
03.04,44,21,2,4
03.05,57,21,2,13
03.06,60,21,2,3
03.07,64,21,2,4
03.08,76,21,3,12
03.09,83,22,3,7
03.10,101,22,3,18
03.11,117,22,3,16
03.12,159,24,3,42
03.13,159,24,3,0
03.14,236,24,3,29
03.15,272,24,5,36
03.16,368,27,6,96
03.17,449,27,6,81
03.18,556,27,6,107
03.19,636,27,6,80
03.20,877,46,7,241
03.21,1051,46,7,174
03.22,1353,46,7,301
03.23,1709,88,7,356
03.24,2136,118,8,427
03.25,2423,118,8,287
03.26,2799,170,12,376
03.27,3166,170,13,367
03.28,3635,170,14,469
03.29,3969,244,16,334
03.30,4245,244,18,276
03.31,4559,358,18,314
04.01,4862,422,20,303
04.02,5116,520,24,254
04.03,5330,649,28,214
04.04,5550,701,30,220
04.05,5687,757,35,137
04.06,5797,1080,40,110
04.07,5895,1080,45,98
04.08,6010,1080,50,115
04.09,6108,1472,51,98
04.10,6204,1472,54,96
04.11,6292,1806,56,88
04.12,6315,1806,60,23
04.13,6351,1806,61,36
04.14,6494,2186,61,143
04.15,6440,2186,63,-54
04.16,6462,2355,63,22
04.17,6522,3808,66,60
04.18,6547,4124,67,25
04.19,6547,4124,67,0
04.20,6547,4124,67,0
04.21,6547,4124,67,0
04.22,6547,4124,67,0
04.23,6547,4124,67,0
04.24,6661,4124,75,114
04.25,6677,4124,79,16
04.26,6694,5364,80,17
04.27,6714,5541,83,20
04.28,6721,5588,83,7
04.29,6746,5670,90,25
04.30,6754,5717,92,8
05.01,6765,5747,93,11
05.02,6781,5796,93,16
05.03,6781,5796,93,0
05.04,6823,5863,96,42
05.05,6851,5890,97,28
05.06,6875,5986,97,24
05.07,6897,6035,97,22
05.08,6914,6079,97,17
05.09,6929,6134,97,15
05.10,6941,6163,97,12
05.11,6948,6179,97,7
05.12,6966,6231,97,18
05.13,6975,6271,98,9
05.14,6989,6301,98,14
05.15,7020,6338,98,31
05.16,7036,6363,98,16
05.17,7045,6367,98,9
05.18,7060,6394,99,15
05.19,7068,6413,100,8
05.20,7079,6444,100,11
05.21,7081,6472,100,2
05.22,7095,6479,101,14
05.23,7111,6494,102,16
05.24,7114,6509,102,3
05.25,7118,6532,102,4
05.26,7133,6553,102,15
05.27,7139,6566,103,6
05.28,7157,6580,103,18
05.29,7173,6582,103,16
05.30,7185,6606,103,12
05.31,7195,6614,103,10
06.01,7204,6619,102,9
06.02,7221,6625,102,17
06.03,7228,6632,102,7
06.04,7240,6664,102,12
06.05,7251,6683,102,11
06.06,7255,6693,102,4
06.07,7260,6703,102,5
06.08,7265,6706,102,5
06.09,7267,6720,102,2
06.10,7276,6744,102,9
06.11,7285,6761,102,9
06.12,7290,6783,102,5
06.13,7302,6812,102,12
06.14,7320,6838,102,18
06.15,7335,6851,102,15
06.16,7347,6856,102,12
06.17,7370,6868,102,23
06.18,7391,6877,102,21
06.19,7409,6880,102,18
06.20,7436,6888,102,27
06.21,7461,6896,102,25
06.22,7474,6903,102,13
06.23,7492,6915,102,18
06.24,7521,6924,103,29
06.25,7558,6942,104,37
06.26,7595,6958,104,37
06.27,7641,6979,104,46
06.28,7686,6993,104,45
06.29,7767,7008,104,81
06.30,7834,7037,104,67
07.01,7920,7063,104,86
07.02,8001,7090,104,81
07.03,8255,7319,104,254
07.04,8362,7355,104,107
07.05,8449,7399,104,87
07.06,8586,7420,106,137
07.07,8755,7455,106,169
07.08,8886,7488,106,131
07.09,9059,7575,106,173
07.10,9359,7626,106,300
07.11,9553,7724,107,194
07.12,9797,7728,108,244
07.13,9980,7769,108,183
07.14,10251,7835,110,271
07.15,10495,7928,111,244
07.16,10810,8036,113,315
07.17,11235,8117,116,425
07.18,11441,8162,119,206
07.19,11802,8274,122,361
07.20,12070,8395,123,268
07.21,12428,8544,126,358
07.22,12896,8653,128,468
07.23,13306,8775,133,410
07.24,13595,8929,140,289
07.25,13950,9017,145,355
07.26,14403,9170,155,453
07.27,14935,9311,161,532
07.28,15304,9431,167,369
07.29,15583,9619,176,279
07.30,16303,9758,190,720
07.31,16906,9982,197,603
08.01,17282,10202,201,376
08.02,17923,10423,208,641
08.03,18318,10622,221,395
08.04,18730,10795,232,412
08.05,19444,10941,247,714
08.06,19863,11146,255,419
08.07,20272,11320,266,409
08.08,20698,11561,278,426
08.09,21084,11875,295,386
08.10,21397,12141,313,313
08.11,21714,12392,331,317
08.12,22127,12779,352,413
08.13,22358,13001,361,231
08.14,22743,13350,375,385
08.15,23035,13632,379,292
08.16,23288,14083,396,253
08.17,23559,14536,421,271
08.18,23773,14927,438,214
08.19,23993,15244,450,220
08.20,24236,17851,463,243
08.21,24407,18458,472,171
08.22,24602,18757,485,195
08.23,24812,19231,502,210
08.24,24916,19601,517,104
08.25,25053,19812,525,137
08.26,25204,20098,549,151
08.27,25322,20364,572,118
08.28,25448,20631,583,126
08.29,25547,20854,600,99
08.30,25670,21114,611,123
08.31,25746,21348,652,76
09.01,25819,21501,657,73
09.02,25923,21688,663,104
09.03,26049,21910,678,126
09.04,26137,22169,737,88
09.05,26207,22328,748,70
09.06,26279,22465,753,72
09.07,26322,22601,762,43
09.08,26374,22722,770,52
09.09,26465,22861,781,91
09.10,26524,22861,788,59
09.11,26565,23215,797,41
09.12,26607,23327,803,42
09.13,26651,23460,810,44
09.14,26692,23576,816,41
09.15,26738,23650,816,46
09.16,26779,23724,824,41
09.17,26813,23790,832,34
09.18,26861,23853,837,48
09.19,26885,23960,844,24
09.20,26898,24060,849,13
09.21,26912,24155,851,14
09.22,26942,24216,854,30
09.23,26974,24414,859,32
09.24,26983,24446,861,9
09.25,27000,24521,869,17
09.26,27016,24569,870,16
09.27,27040,24630,872,24
09.28,27044,24674,875,4
09.29,27063,24715,882,19
09.30,27078,24752,886,15
10.01,27096,24782,888,18
10.02,27113,24822,890,17
10.03,27121,24848,893,8
10.04,27136,24864,894,15
10.05,27149,24890,894,13
10.06,27174,24915,895,25
10.07,27182,24935,897,8
10.08,27206,24949,897,24
10.09,27229,24970,897,23
10.10,27244,24987,897,15
10.11,27265,24998,898,21
10.12,27287,25013,898,22
10.13,27317,25037,899,30
10.14,27341,25047,904,24
10.15,27362,25061,904,21
10.16,27371,25089,904,9
10.17,27383,25098,904,12
10.18,27391,25108,904,8
10.19,27399,25112,905,8
10.20,27429,25126,905,30
10.21,27444,25147,905,15
10.22,27466,25159,905,22
10.23,27484,25169,905,18
10.24,27499,25181,905,15
10.25,27520,25188,905,21
10.26,27527,25206,905,7
10.27,27541,25213,905,14
10.28,27554,25225,907,13
10.29,27569,25239,907,15
10.30,27582,25245,907,13
10.31,27590,25324,907,8
11.01,27595,25336,907,5
11.02,27602,25356,907,7
11.03,27610,25384,907,8
11.04,27622,25407,907,12
11.05,27634,25420,907,12
11.06,27645,25428,907,11
11.07,27652,25440,907,7
11.08,27658,25451,907,6
11.09,27668,25454,907,10
11.10,27669,25454,907,1
11.11,27671,25454,907,2
11.12,27675,25455,907,4
11.13,27680,25459,907,5
11.14,27682,25467,907,2
11.15,27711,25467,907,29
11.16,27749,25468,907,38
11.17,27760,25504,907,11
11.18,27777,25506,907,17
11.19,27784,25508,907,7
11.20,27792,25511,907,8
11.21,27807,25521,907,15
11.22,27821,25522,907,14
11.23,27835,25529,907,14
11.24,27848,25534,907,13
11.25,27854,25538,907,6
11.26,27867,25565,907,13
11.27,27874,25570,907,7
11.28,27885,25585,907,11
11.29,27893,25589,907,8
11.30,27904,25598,908,11
12.01,27912,25602,908,8
12.02,27923,25612,908,11
12.03,27939,25618,908,16
12.04,27949,25630,908,10
12.05,27956,25636,908,7
12.06,27965,25639,908,9
12.07,27972,25643,908,7
12.08,27987,25646,908,15
12.09,27993,25657,908,6
12.10,28000,25664,908,7
12.11,28012,25667,908,12
12.12,28025,25671,908,13
12.13,28031,25675,908,6
12.14,28039,25684,908,8
12.15,28048,25689,908,9
12.16,28059,25691,908,11
12.17,28072,25695,908,13
12.18,28094,25700,908,22
12.19,28128,25701,908,34
12.20,28172,25708,908,44
12.21,28198,25712,908,26
12.22,28219,25716,908,21
12.23,28238,25718,908,19
12.24,28262,25722,908,24
12.25,28276,25726,908,14
12.26,28296,25727,908,20
12.27,28312,25730,908,16
12.28,28337,25742,909,25
12.29,28350,25750,909,13
12.30,28381,25757,909,31
12.31,28408,25762,909,27
01.01,28427,25762,909,19
01.02,28469,25770,909,42
01.03,28483,25778,909,14
01.04,28504,25781,909,21
01.05,28523,25790,909,19
01.06,28536,25803,909,13
01.07,28547,25810,909,11
01.08,28571,25817,909,24
01.09,28582,25822,909,11
01.10,28595,25827,909,13
01.11,28614,25837,909,19
01.12,28634,25843,909,20
01.13,28650,25865,909,16
01.14,28658,25873,909,8
01.15,28669,25884,909,11
01.16,28689,25902,909,20
01.17,28708,25918,909,19
01.18,28721,25923,909,13
01.19,28730,25930,909,9
01.20,28740,25943,909,10
01.21,28750,25956,909,10
01.22,28755,25961,909,5
01.23,28761,25974,909,6
01.24,28766,25985,909,5
01.25,28777,25999,909,11
01.26,28780,26003,909,3
01.27,28786,26021,909,6
01.28,28794,26031,909,8
01.29,28800,26034,909,6
01.30,28806,26045,909,6
01.31,28811,26060,909,5
02.01,28818,26061,909,7
02.02,28824,26070,909,6
02.03,28829,26072,909,5
02.04,28838,26079,909,9
02.05,28842,26080,909,4
02.06,28848,26083,909,6
02.07,28850,26085,909,2
02.08,28857,26089,909,7
02.09,28860,26098,909,3
02.10,28871,26105,909,11
02.11,28879,26108,909,8
02.12,28887,26112,909,8
02.13,28892,26116,909,5
02.14,28898,26120,909,6
02.15,28900,26126,909,2
02.16,28905,26128,909,5
02.17,28911,26133,909,6
02.18,28912,26134,909,1
02.19,28918,22874,909,6
02.20,28920,22879,909,2
02.21,28926,22882,909,6
02.22,28930,22882,909,4
02.23,28937,22886,909,7
02.24,28939,22892,909,2
02.25,28947,22898,909,8
02.26,28958,22900,909,11
02.27,28965,22902,909,7
02.28,28970,22903,909,5
03.01,28978,22909,909,8
03.02,28986,22914,909,8
03.03,28996,22918,909,10
03.04,29007,22920,909,11
03.05,29020,22925,909,13
03.06,29030,22927,909,10
03.07,29037,22928,909,7
03.08,29046,22929,909,9
03.09,29061,22931,909,15
03.10,29075,22936,909,14
03.11,29090,22945,909,15
03.12,29102,22949,909,12
03.13,29112,22952,909,10
03.14,29117,22957,909,5
03.15,29130,22957,909,13
03.16,29137,22958,909,7
03.17,29153,22960,909,16
03.18,29166,22962,909,13
03.19,29183,22964,909,17
03.20,29192,22965,909,9
03.21,29196,22969,909,4
03.22,29206,22971,909,10
03.23,29211,22977,909,5
03.24,29220,22982,909,9
03.25,29228,22988,909,8
03.26,29239,22991,909,11
03.27,29252,22994,909,13
03.28,29260,22996,909,8
03.29,29278,23002,909,18
03.30,29293,23004,909,15
03.31,29304,23012,909,11
04.01,29323,23011,909,19
04.02,29335,23014,909,12
04.03,29341,23026,909,6
04.04,29348,23031,909,7
04.05,29357,23029,909,9
04.06,29365,23048,909,8
04.07,29379,23049,909,14
04.08,29385,23057,909,6
04.09,29390,23071,909,5
04.10,29396,23080,909,6
04.11,29405,23083,909,9
04.12,29419,23085,909,14
04.13,29437,23087,910,18
04.14,29451,23104,910,14
04.15,29469,23108,910,18
04.16,29484,23114,910,15
04.17,29505,23147,910,21
04.18,29519,23158,910,14
04.19,29543,23164,910,24
04.20,29559,23176,910,16
04.21,29578,23178,910,19
04.22,29602,23181,910,24
04.23,29639,23190,910,37
04.24,29656,23192,910,17
04.25,29666,23198,910,10
04.26,29695,23213,910,29
04.27,29725,23254,910,30
04.28,29749,23267,910,24
04.29,29777,23275,910,28
04.30,29801,23281,910,24
05.01,29812,23298,910,11
05.02,29826,23316,910,14
05.03,29841,23328,910,15
05.04,29852,23333,910,11
05.05,29865,23360,910,13
05.06,29886,23389,910,21
05.07,29896,23397,910,10
05.08,29906,23416,910,10
05.09,29923,23433,910,17
05.10,29931,23444,910,8
05.11,29938,23461,910,7
05.12,29947,23466,910,9
05.13,29955,23479,910,8
05.14,29957,23485,910,2
05.15,29967,23491,910,10
05.16,29975,23493,910,8
05.17,29978,23495,910,3
05.18,29988,23508,910,10
05.19,29991,23511,910,3
05.20,29997,23521,910,6
05.21,30000,23528,910,3
05.22,30004,23534,910,4
05.23,30011,23544,910,7
05.24,30021,23555,910,10
05.25,30030,23559,910,9
05.26,30048,23562,910,18
05.27,30063,23569,910,15
05.28,30073,23572,910,10
05.29,30083,23575,910,10
05.30,30098,23581,910,15
05.31,30106,23581,910,8
06.01,30118,23587,910,12
06.02,30130,23591,910,12
06.03,30137,23594,910,7
06.04,30150,23601,910,13
06.05,30158,23601,910,8
06.06,30175,23605,910,17
06.07,30195,23611,910,20
06.08,30207,23620,910,12
06.09,30210,23629,910,3
06.10,30226,23641,910,16
06.11,30229,23651,910,3
06.12,30237,23659,910,8
06.13,30248,23667,910,11
06.14,30262,23678,910,14
06.15,30274,23693,910,12
06.16,30291,23711,910,17
06.17,30302,23719,910,11
06.18,30313,23721,910,11
06.19,30323,23729,910,10
06.20,30331,23735,910,8
06.21,30356,23742,910,25
06.22,30366,23747,910,10
06.23,30378,23750,910,12
06.24,30408,23753,910,30
06.25,30424,23763,910,16
06.26,30457,23766,910,33
06.27,30499,23778,910,42
06.28,30528,23781,910,29
06.29,30562,23791,910,34
06.30,30611,23807,910,49
07.01,30644,23815,910,33
07.02,30644,23815,910,0
