,confirm,heal,dead,confirm_add
03.21,4,0,0,0
03.22,4,0,0,0
03.23,4,0,0,0
03.24,4,0,0,0
03.25,5,1,0,1
03.26,5,1,0,0
03.27,9,1,0,4
03.28,10,1,0,1
03.29,10,1,0,0
03.30,14,1,0,4
03.31,14,1,0,0
04.01,15,1,0,1
04.02,21,1,1,6
04.03,24,1,1,3
04.04,24,0,3,0
04.05,28,0,4,4
04.06,29,4,5,1
04.07,33,5,5,4
04.08,36,5,6,3
04.09,40,5,7,4
04.10,41,5,8,1
04.11,42,5,8,1
04.12,46,5,8,4
04.13,47,6,8,1
04.14,49,6,8,2
04.15,49,6,8,0
04.16,53,6,8,4
04.17,53,6,8,0
04.18,54,9,9,1
04.19,55,10,9,1
04.20,60,11,9,5
04.21,60,11,9,0
04.22,65,12,9,5
04.23,70,12,9,5
04.24,72,14,11,2
04.25,73,15,11,1
04.26,78,15,11,5
04.27,80,22,11,2
04.28,80,22,11,0
04.29,80,23,11,0
04.30,80,25,11,0
05.01,81,25,11,1
05.02,82,24,11,1
05.03,82,24,11,0
05.04,83,24,11,1
05.05,83,25,11,0
05.06,89,26,11,6
05.07,92,26,11,3
05.08,92,26,11,0
05.09,92,31,11,0
05.10,92,37,11,0
05.11,92,37,11,0
05.12,93,39,11,1
05.13,93,39,11,0
05.14,94,41,11,1
05.15,96,41,11,2
05.16,96,41,11,0
05.17,96,42,11,0
05.18,96,42,11,0
05.19,96,43,11,0
05.20,96,43,11,0
05.21,97,43,11,1
05.22,97,44,11,0
05.23,97,44,11,0
05.24,100,45,11,3
05.25,100,46,11,0
05.26,100,46,11,0
05.27,100,46,11,0
05.28,100,46,11,0
05.29,101,47,11,1
05.30,102,48,11,1
05.31,102,48,11,0
06.01,102,48,11,0
06.02,102,49,11,0
06.03,102,49,11,0
06.04,102,55,11,0
06.05,102,55,11,0
06.06,102,55,11,0
06.07,103,62,11,1
06.08,103,62,11,0
06.09,103,64,11,0
06.10,103,64,11,0
06.11,103,67,11,0
06.12,103,68,11,0
06.13,103,68,11,0
06.14,103,68,11,0
06.15,103,68,11,0
06.16,103,68,11,0
06.17,104,72,11,1
06.18,104,72,11,0
06.19,104,74,11,0
06.20,104,74,11,0
06.21,104,74,11,0
06.22,104,77,11,0
06.23,104,77,11,0
06.24,104,83,11,0
06.25,104,83,11,0
06.26,104,84,11,0
06.27,104,84,11,0
06.28,104,87,11,0
06.29,104,87,11,0
06.30,104,87,11,0
07.01,104,87,11,0
07.02,104,89,11,0
07.03,104,89,11,0
07.04,104,89,11,0
07.05,104,89,11,0
07.06,104,89,11,0
07.07,104,89,11,0
07.08,104,89,11,0
07.09,106,89,11,2
07.10,107,89,11,1
07.11,108,89,11,1
07.12,111,89,11,3
07.13,111,89,11,0
07.14,113,91,11,2
07.15,116,91,11,3
07.16,119,91,11,3
07.17,124,91,11,5
07.18,129,91,11,5
07.19,138,91,11,9
07.20,153,91,11,15
07.21,174,91,11,21
07.22,194,91,11,20
07.23,219,91,11,25
07.24,274,91,11,55
07.25,316,91,11,42
07.26,326,91,11,10
07.27,342,91,11,16
07.28,382,91,11,40
07.29,447,91,11,65
07.30,484,91,11,37
07.31,508,91,14,24
08.01,574,91,14,66
08.02,599,91,14,25
08.03,648,91,14,49
08.04,679,91,14,31
08.05,715,91,14,36
08.06,751,91,14,36
08.07,761,91,14,10
08.08,830,95,14,69
08.09,878,99,14,48
08.10,898,104,15,20
08.11,945,113,15,47
08.12,989,116,15,44
08.13,1036,122,15,47
08.14,1089,138,15,53
08.15,1119,138,17,30
08.16,1252,160,17,133
08.17,1315,189,18,63
08.18,1329,191,19,14
08.19,1424,203,20,95
08.20,1531,209,22,107
08.21,1610,211,23,79
08.22,1703,221,27,93
08.23,1765,227,29,62
08.24,1765,227,29,0
08.25,1765,227,29,0
08.26,1765,227,29,0
08.27,1765,227,29,0
08.28,1765,227,29,0
08.29,2057,755,50,292
08.30,2135,782,50,78
08.31,2167,782,50,32
09.01,2217,801,50,50
09.02,2276,801,50,59
09.03,2337,849,50,61
09.04,2386,893,50,49
09.05,2386,893,50,0
09.06,2506,948,56,120
09.07,2546,976,58,40
09.08,2585,976,59,39
09.09,2657,1088,63,72
09.10,2721,1183,63,64
09.11,2721,1183,63,0
09.12,2874,1285,67,153
09.13,2928,1319,67,54
09.14,2974,1344,67,46
09.15,3008,1391,68,34
09.16,3032,1482,69,24
09.17,3087,1533,69,55
09.18,3177,1626,69,90
09.19,3177,1626,69,0
09.20,3214,1679,73,37
09.21,3370,1689,74,156
09.22,3418,1771,75,48
09.23,3467,1871,77,49
09.24,3618,1915,80,151
09.25,3699,1962,86,81
09.26,3790,1999,89,91
09.27,3790,1999,89,0
09.28,3838,2005,89,48
09.29,3838,2005,89,0
09.30,4022,2141,95,184
10.01,4123,2206,96,101
10.02,4220,2290,96,97
10.03,4220,2290,96,0
10.04,4409,2375,96,189
10.05,4409,2375,96,0
10.06,4452,2375,96,43
10.07,4559,2475,100,107
10.08,4713,2607,102,154
10.09,4713,2607,102,0
10.10,4955,2724,106,242
10.11,5023,2815,106,68
10.12,5078,2900,107,55
10.13,5163,2978,108,85
10.14,5163,2978,108,0
10.15,5191,3078,109,28
10.16,5385,3178,112,194
10.17,5517,3201,114,132
10.18,5628,3276,116,111
10.19,5703,3300,122,75
10.20,5773,3339,123,70
10.21,5923,3525,124,150
10.22,6051,3633,127,128
10.23,6135,3705,130,84
10.24,6268,3795,130,133
10.25,6268,3795,130,0
10.26,6410,3948,132,142
10.27,6502,4088,136,92
10.28,6502,4088,136,0
10.29,6549,4182,136,47
10.30,6644,4257,142,95
10.31,6644,4257,142,0
11.01,6714,4422,144,70
11.02,6714,4422,144,0
11.03,6735,4493,146,21
11.04,6790,4632,149,55
11.05,6843,4701,150,53
11.06,6882,4779,150,39
11.07,6882,4779,150,0
11.08,6947,4942,152,65
11.09,6964,4943,154,17
11.10,6964,4943,154,0
11.11,6984,4943,154,20
11.12,7060,5099,154,76
11.13,7124,5192,155,64
11.14,7163,5282,155,39
11.15,7163,5282,155,0
11.16,7186,5323,156,23
11.17,7256,5341,163,70
11.18,7312,5424,163,56
11.19,7323,5483,163,11
11.20,7348,5516,163,25
11.21,7367,5516,163,19
11.22,7395,5628,163,28
11.23,7413,5652,163,18
11.24,7431,5652,163,18
11.25,7460,5708,163,29
11.26,7469,5733,163,9
11.27,7482,5789,163,13
11.28,7496,5830,163,14
11.29,7496,5830,163,0
11.30,7517,5867,163,21
12.01,7541,5889,163,24
12.02,7543,5934,163,2
12.03,7543,5934,163,0
12.04,7549,5934,163,6
12.05,7565,5976,163,16
12.06,7570,5995,163,5
12.07,7570,5995,163,0
12.08,7579,6003,163,9
12.09,7579,6003,163,0
12.10,7585,6032,163,6
12.11,7585,6032,163,0
12.12,7623,6043,163,38
12.13,7659,6069,163,36
12.14,7674,6070,163,15
12.15,7698,6081,164,24
12.16,7698,6081,164,0
12.17,7714,6087,164,16
12.18,7725,6098,164,11
12.19,7733,6109,164,8
12.20,7746,6122,164,13
12.21,7765,6127,164,19
12.22,7765,6127,164,0
12.23,7772,6166,169,7
12.24,7788,6166,169,16
12.25,7788,6166,169,0
12.26,7788,6166,169,0
12.27,7788,6166,169,0
12.28,7834,6177,170,46
12.29,7834,6177,170,0
12.30,7846,6177,170,12
12.31,7857,6221,170,11
01.01,7871,6230,170,14
01.02,7887,6239,171,16
01.03,7887,6239,171,0
