,confirm,heal,dead,confirm_add
03.21,6,0,0,0
03.22,14,0,0,8
03.23,17,0,0,3
03.24,17,0,0,0
03.25,18,0,0,1
03.26,18,0,0,0
03.27,24,0,0,6
03.28,26,0,0,2
03.29,26,0,0,0
03.30,33,0,0,7
03.31,34,0,0,1
04.01,34,0,0,0
04.02,45,0,0,11
04.03,46,0,0,1
04.04,51,0,0,5
04.05,52,0,0,1
04.06,56,6,1,4
04.07,60,6,2,4
04.08,63,6,3,3
04.09,63,8,3,0
04.10,66,11,4,3
04.11,67,11,4,1
04.12,68,11,4,1
04.13,71,11,4,3
04.14,72,13,4,1
04.15,73,15,5,1
04.16,75,15,5,2
04.17,75,15,5,0
04.18,75,15,5,0
04.19,75,17,5,0
04.20,75,19,5,0
04.21,75,23,5,0
04.22,75,25,5,0
04.23,76,27,6,1
04.24,76,30,6,0
04.25,77,31,6,1
04.26,79,32,6,2
04.27,79,39,6,0
04.28,80,39,6,1
04.29,80,39,6,0
04.30,80,39,7,0
05.01,81,39,7,1
05.02,81,39,7,0
05.03,81,44,7,0
05.04,82,44,7,1
05.05,82,46,7,0
05.06,82,47,7,0
05.07,82,47,7,0
05.08,82,53,7,0
05.09,83,53,7,1
05.10,84,57,7,1
05.11,84,57,7,0
05.12,84,57,7,0
05.13,85,57,7,1
05.14,85,65,7,0
05.15,85,65,7,0
05.16,85,65,7,0
05.17,86,67,7,1
05.18,88,68,7,2
05.19,88,68,7,0
05.20,90,68,7,2
05.21,90,70,7,0
05.22,90,70,7,0
05.23,90,70,7,0
05.24,92,70,7,2
05.25,92,70,7,0
05.26,92,71,7,0
05.27,92,71,7,0
05.28,92,76,7,0
05.29,92,76,7,0
05.30,92,76,7,0
05.31,92,76,7,0
06.01,92,76,7,0
06.02,92,76,7,0
06.03,92,76,7,0
06.04,92,81,7,0
06.05,92,81,7,0
06.06,92,81,7,0
06.07,92,81,7,0
06.08,92,81,7,0
06.09,92,81,7,0
06.10,92,81,7,0
06.11,96,83,7,4
06.12,96,83,7,0
06.13,96,83,7,0
06.14,96,83,7,0
06.15,96,83,7,0
06.16,97,83,7,1
06.17,97,83,7,0
06.18,97,85,7,0
06.19,97,85,7,0
06.20,97,85,7,0
06.21,97,85,7,0
06.22,97,85,7,0
06.23,97,85,7,0
06.24,97,85,7,0
06.25,97,85,7,0
06.26,97,85,7,0
06.27,97,90,7,0
06.28,97,90,7,0
06.29,97,90,7,0
06.30,97,90,7,0
07.01,97,90,7,0
07.02,97,90,7,0
07.03,97,90,7,0
07.04,97,90,7,0
07.05,97,90,7,0
07.06,98,90,7,1
07.07,98,90,7,0
07.08,98,90,7,0
07.09,98,90,7,0
07.10,98,90,7,0
07.11,98,90,7,0
07.12,103,90,7,5
07.13,103,90,7,0
07.14,103,90,7,0
07.15,103,90,7,0
07.16,104,90,7,1
07.17,104,90,7,0
07.18,104,91,7,0
07.19,104,91,7,0
07.20,105,91,7,1
07.21,106,91,7,1
07.22,106,91,7,0
07.23,106,94,7,0
07.24,106,94,7,0
07.25,108,94,7,2
07.26,108,94,7,0
07.27,110,94,7,2
07.28,110,94,7,0
07.29,110,94,7,0
07.30,110,95,7,0
07.31,110,96,7,0
08.01,110,96,7,0
08.02,122,98,7,12
08.03,132,98,7,10
08.04,132,98,7,0
08.05,132,98,7,0
08.06,133,100,7,1
08.07,133,100,7,0
08.08,138,100,7,5
08.09,138,108,7,0
08.10,142,112,7,4
08.11,143,112,7,1
08.12,143,112,7,0
08.13,144,115,7,1
08.14,144,118,7,0
08.15,148,119,7,4
08.16,150,121,7,2
08.17,151,122,7,1
08.18,152,122,7,1
08.19,153,122,7,1
08.20,155,123,7,2
08.21,156,123,7,1
08.22,157,124,7,1
08.23,158,126,7,1
08.24,161,132,7,3
08.25,161,132,7,0
08.26,164,132,7,3
08.27,165,139,7,1
08.28,165,140,7,0
08.29,166,141,7,1
08.30,170,141,7,4
08.31,173,145,7,3
09.01,174,146,7,1
09.02,176,146,7,2
09.03,176,149,7,0
09.04,177,150,7,1
09.05,178,153,7,1
09.06,178,154,7,0
09.07,178,154,7,0
09.08,179,154,7,1
09.09,180,156,7,1
09.10,180,156,7,0
09.11,180,157,7,0
09.12,180,158,7,0
09.13,180,158,7,0
09.14,181,164,7,1
09.15,183,165,7,2
09.16,184,169,7,1
09.17,185,171,7,1
09.18,185,171,7,0
09.19,185,172,7,0
09.20,185,172,7,0
09.21,189,173,7,4
09.22,189,173,7,0
09.23,189,173,7,0
09.24,189,174,7,0
09.25,189,174,7,0
09.26,190,175,7,1
09.27,190,178,7,0
09.28,190,178,7,0
09.29,190,178,7,0
09.30,190,178,7,0
10.01,190,179,7,0
10.02,193,179,7,3
10.03,193,179,7,0
10.04,196,182,7,3
10.05,199,182,7,3
10.06,200,182,7,1
10.07,200,182,7,0
10.08,203,182,7,3
10.09,203,182,7,0
10.10,204,182,7,1
10.11,206,183,7,2
10.12,208,186,7,2
10.13,208,186,7,0
10.14,210,187,7,2
10.15,215,192,7,5
10.16,218,195,7,3
10.17,219,195,7,1
10.18,219,195,7,0
10.19,222,203,7,3
10.20,222,203,7,0
10.21,222,204,7,0
10.22,222,205,7,0
10.23,224,207,7,2
10.24,226,207,7,2
10.25,227,208,7,1
10.26,227,208,7,0
10.27,233,210,7,6
10.28,233,217,7,0
10.29,234,217,7,1
10.30,234,217,7,0
10.31,236,218,7,2
11.01,237,221,7,1
11.02,237,221,7,0
11.03,238,222,7,1
11.04,238,222,7,0
11.05,239,224,7,1
11.06,239,224,7,0
11.07,242,228,7,3
11.08,242,228,7,0
11.09,242,228,7,0
11.10,243,231,7,1
11.11,243,231,7,0
11.12,249,233,7,6
11.13,249,233,7,0
11.14,249,234,7,0
11.15,249,234,7,0
11.16,250,238,7,1
11.17,250,238,7,0
11.18,250,238,7,0
11.19,252,239,7,2
11.20,253,241,7,1
11.21,253,241,7,0
11.22,255,241,7,2
11.23,259,241,7,4
11.24,260,241,7,1
11.25,262,242,7,2
11.26,263,243,7,1
11.27,266,246,7,3
11.28,270,249,7,4
11.29,275,250,7,5
11.30,275,250,7,0
12.01,276,250,7,1
12.02,278,255,7,2
12.03,279,255,7,1
12.04,281,257,7,2
12.05,284,257,7,3
12.06,285,260,7,1
12.07,285,260,7,0
12.08,287,260,7,2
12.09,290,264,7,3
12.10,290,264,7,0
12.11,291,269,7,1
12.12,292,269,7,1
12.13,292,269,7,0
12.14,292,269,7,0
12.15,296,272,7,4
12.16,297,273,7,1
12.17,301,274,7,4
12.18,305,278,7,4
12.19,307,280,7,2
12.20,307,280,7,0
12.21,307,280,7,0
12.22,322,283,7,15
12.23,327,284,7,5
12.24,329,290,7,2
12.25,345,291,7,16
12.26,347,292,7,2
12.27,352,296,7,5
12.28,356,301,7,4
12.29,365,305,7,9
12.30,371,307,7,6
12.31,372,312,7,1
01.01,383,319,7,11
01.02,395,319,7,12
01.03,395,319,7,0
01.04,556,319,7,161
01.05,643,324,7,87
01.06,692,324,7,49
01.07,743,327,7,51
01.08,780,335,7,37
01.09,780,335,7,0
01.10,808,373,7,28
01.11,878,389,7,70
01.12,884,399,7,6
01.13,968,408,7,84
01.14,1007,465,7,39
01.15,1036,493,7,29
01.16,1036,493,7,0
01.17,1095,493,7,59
01.18,1095,493,7,0
01.19,1095,493,7,0
01.20,1095,493,7,0
01.21,1156,493,9,61
01.22,1156,493,9,0
01.23,1156,493,9,0
01.24,1341,622,9,185
01.25,1387,634,9,46
01.26,1401,649,10,14
01.27,1427,1057,10,26
01.28,1443,1079,11,16
01.29,1477,1098,11,34
01.30,1498,1123,12,21
01.31,1523,1139,12,25
02.01,1545,1158,14,22
02.02,1558,1169,14,13
02.03,1586,1206,14,28
02.04,1611,1238,14,25
02.05,1641,1274,15,30
02.06,1656,1289,17,15
02.07,1676,1349,18,20
02.08,1709,1400,18,33
02.09,1732,1427,18,23
02.10,1814,1470,20,82
02.11,1857,1504,20,43
02.12,1904,1547,20,47
02.13,1947,1587,21,43
02.14,2061,1616,23,114
02.15,2061,1616,23,0
02.16,2268,1639,24,207
02.17,2457,1698,28,189
02.18,2457,1698,28,0
02.19,2647,1807,29,190
02.20,2677,1858,30,30
02.21,2715,1914,31,38
02.22,2772,1970,31,57
02.23,2791,2035,31,19
02.24,2852,2063,31,61
02.25,2907,2092,32,55
02.26,2949,2171,32,42
02.27,2994,2270,33,45
02.28,3038,2344,33,44
03.01,3068,2407,33,30
03.02,3115,2443,36,47
03.03,3140,2552,36,25
03.04,3163,2606,37,23
03.05,3186,2651,37,23
03.06,3217,2690,37,31
03.07,3264,2754,37,47
03.08,3285,2815,37,21
03.09,3303,2847,37,18
03.10,3333,2915,37,30
03.11,3353,3002,37,20
03.12,3372,3060,37,19
03.13,3391,3106,37,19
03.14,3404,3147,37,13
03.15,3421,3174,37,17
03.16,3442,3215,38,21
03.17,3458,3254,39,16
03.18,3471,3285,39,13
03.19,3492,3285,39,21
03.20,3512,3285,39,20
03.21,3533,3302,39,21
03.22,3551,3330,39,18
03.23,3559,3358,40,8
03.24,3574,3390,40,15
03.25,3582,3401,40,8
03.26,3593,3404,40,11
03.27,3603,3419,41,10
03.28,3609,3422,41,6
03.29,3629,3436,41,20
03.30,3634,3444,41,5
03.31,3642,3457,42,8
04.01,3652,3465,42,10
04.02,3659,3506,42,7
04.03,3665,3518,42,6
04.04,3668,3526,43,3
04.05,3668,3526,43,0
04.06,3679,3534,43,11
04.07,3691,3557,43,12
04.08,3697,3557,44,6
04.09,3704,3576,44,7
04.10,3708,3579,44,4
04.11,3719,3587,44,11
04.12,3730,3607,44,11
04.13,3734,3613,44,4
04.14,3740,3623,44,6
04.15,3744,3634,44,4
04.16,3753,3638,44,9
04.17,3765,3648,44,12
04.18,3773,3656,44,8
04.19,3781,3665,44,8
04.20,3784,3681,44,3
04.21,3793,3692,44,9
04.22,3797,3704,44,4
04.23,3806,3716,44,9
04.24,3820,3718,44,14
04.25,3824,3726,44,4
04.26,3825,3735,44,1
04.27,3828,3746,44,3
04.28,3831,3750,44,3
04.29,3838,3759,44,7
04.30,3855,3768,44,17
05.01,3863,3783,44,8
05.02,3863,3793,44,0
05.03,3866,3800,44,3
05.04,3881,3804,44,15
05.05,3884,3817,45,3
05.06,3915,3821,45,31
05.07,3929,3831,45,14
05.08,3931,3847,45,2
05.09,3933,3852,45,2
05.10,3942,3856,45,9
05.11,3946,3861,45,4
05.12,3950,3870,45,4
05.13,3957,3879,46,7
05.14,3959,3908,46,2
05.15,3961,3900,46,2
05.16,3965,3917,46,4
05.17,3967,3922,46,2
05.18,3968,3922,46,1
05.19,3972,3922,47,4
05.20,3975,3922,47,3
05.21,3975,3922,47,0
05.22,3985,3922,47,10
05.23,3991,3922,47,6
05.24,3995,3922,47,4
05.25,3995,3922,47,0
05.26,4000,3922,47,5
05.27,4004,3922,47,4
05.28,4006,3922,47,2
05.29,4009,3922,47,3
05.30,4012,3922,47,3
05.31,4017,3922,47,5
06.01,4017,3922,47,0
06.02,4017,3922,47,0
06.03,4023,3922,47,6
06.04,4026,3922,47,3
06.05,4029,3922,47,3
06.06,4030,3922,47,1
06.07,4031,3922,47,1
06.08,4032,3922,47,1
06.09,4032,3922,47,0
06.10,4032,3963,47,0
06.11,4033,3965,47,1
06.12,4033,3968,47,0
06.13,4036,3971,47,3
06.14,4036,3971,47,0
06.15,4037,3971,47,1
06.16,4038,3971,47,1
06.17,4038,3971,47,0
06.18,4039,3980,47,1
06.19,4040,3980,47,1
06.20,4041,3986,47,1
06.21,4043,3986,47,2
06.22,4045,3988,47,2
06.23,4045,3988,47,0
06.24,4052,3992,47,7
06.25,4057,3992,47,5
06.26,4066,3992,47,9
06.27,4074,3998,47,8
06.28,4075,3998,47,1
06.29,4077,3998,47,2
06.30,4079,3999,47,2
07.01,4081,3999,47,2
07.02,4081,3999,47,0
