,confirm,heal,dead,confirm_add
02.04,1,0,0,0
02.05,1,0,0,0
02.06,1,0,0,0
02.07,1,0,0,0
02.08,1,0,0,0
02.09,1,0,0,0
02.10,1,0,0,0
02.11,1,0,0,0
02.12,1,0,0,0
02.13,1,0,0,0
02.14,1,0,0,0
02.15,1,0,0,0
02.16,1,0,0,0
02.17,1,0,0,0
02.18,1,1,0,0
02.19,1,1,0,0
02.20,1,1,0,0
02.21,1,1,0,0
02.22,1,1,0,0
02.23,1,1,0,0
02.24,1,1,0,0
02.25,1,1,0,0
02.26,1,1,0,0
02.27,1,1,0,0
02.28,1,1,0,0
03.01,2,1,0,1
03.02,8,1,0,6
03.03,13,1,0,5
03.04,23,1,0,10
03.05,50,1,0,27
03.06,109,1,0,59
03.07,169,1,0,60
03.08,200,1,0,31
03.09,239,1,0,39
03.10,267,1,0,28
03.11,314,1,1,75
03.12,399,1,3,85
03.13,556,1,3,157
03.14,689,1,4,133
03.15,886,1,4,197
03.16,1085,1,4,199
03.17,1486,1,14,243
03.18,1486,1,14,401
03.19,1795,1,21,309
03.20,2257,1,37,771
03.21,2815,1,67,558
03.22,3401,1,75,586
03.23,3743,350,88,342
03.24,4269,350,122,526
03.25,4937,350,122,668
03.26,6235,350,220,1298
03.27,7284,675,289,1049
03.28,9134,675,353,1850
03.29,10836,1063,431,1702
03.30,11899,1527,513,1063
03.31,12775,1696,705,876
04.01,13964,2132,828,1189
04.02,15348,2495,1011,1384
04.03,16770,2872,1143,1422
04.04,18431,3247,1283,1661
04.05,19691,3751,1447,1260
04.06,20814,3986,1632,1123
04.07,22194,4157,2035,1380
04.08,23403,4681,2240,1209
04.09,24983,5164,2523,1580
04.10,26667,5568,3019,1684
04.11,28018,5986,3346,1351
04.12,29647,6463,3600,1629
04.13,30589,6707,3903,942
04.14,31119,6868,4157,530
04.15,33573,7107,4440,2454
04.16,34809,7562,4857,1236
04.17,36138,7961,5163,1329
04.18,37183,8348,5453,1045
04.19,38496,8757,5683,1313
04.20,39983,8895,5828,1487
04.21,40956,9002,5998,973
04.22,41889,9433,6262,933
04.23,42797,9800,6490,908
04.24,44293,10122,6679,1496
04.25,45325,10417,6917,1032
04.26,46134,10785,7094,809
04.27,46687,10878,7207,553
04.28,47334,10943,7331,647
04.29,47859,11283,7501,525
04.30,48519,11576,7594,660
05.01,49032,11892,7703,513
05.02,49517,12211,7765,485
05.03,49517,12211,7765,0
05.04,50267,12378,7924,750
05.05,50509,12441,8016,242
05.06,50781,12731,8339,272
05.07,51420,12980,8415,639
05.08,52011,13201,8521,591
05.09,52596,13411,8581,585
05.10,53081,13642,8656,485
05.11,53449,13697,8707,368
05.12,53779,13732,8761,330
05.13,53981,13937,8843,202
05.14,54288,14111,8903,307
05.15,54644,14301,8959,356
05.16,54989,14460,9005,345
05.17,55280,14630,9052,291
05.18,55559,14657,9080,279
05.19,55791,14687,9108,232
05.20,55983,14847,9150,192
05.21,56235,14988,9186,252
05.22,56511,15123,9212,276
05.23,56810,15155,9237,299
05.24,57092,15272,9280,282
05.25,57342,15297,9312,250
05.26,57455,15320,9334,113
05.27,57592,15465,9364,137
05.28,57849,15572,9388,257
05.29,58061,15682,9430,212
05.30,58186,15769,9453,125
05.31,58381,15887,9467,195
06.01,58517,15919,9486,136
06.02,58615,15934,9505,98
06.03,58615,15934,9505,0
06.04,58767,16048,9548,152
06.05,58907,16112,9566,140
06.06,59072,16190,9580,165
06.07,59226,16291,9595,154
06.08,59348,16315,9606,122
06.09,59437,16324,9619,89
06.10,59569,16392,9629,132
06.11,59711,16453,9636,142
06.12,59819,16498,9646,108
06.13,59918,16547,9650,99
06.14,60029,16589,9655,111
06.15,60100,16610,9661,71
06.16,60155,16625,9663,55
06.17,60244,16684,9675,89
06.18,60348,16724,9683,104
06.19,60476,16751,9695,128
06.20,60550,16771,9696,74
06.21,60550,16771,9696,0
06.22,60550,16771,9696,0
06.23,60810,16771,9713,260
06.24,60898,16771,9722,88
06.25,61007,16890,9726,109
06.26,61106,16918,9731,99
06.27,61209,16941,9732,103
06.28,61295,16941,9732,86
06.29,61361,16941,9732,66
06.30,61427,16984,9747,66
07.01,61509,17021,9754,82
07.02,61598,17044,9761,89
07.03,61727,17073,9765,129
07.04,61838,17091,9771,111
07.05,61838,17091,9771,0
07.06,62016,17091,9771,178
07.07,62058,17122,9774,42
07.08,62123,17138,9776,65
07.09,62210,17159,9778,87
07.10,62357,17179,9781,147
07.11,62469,17196,9782,112
07.12,62606,17196,9782,137
07.13,62707,17196,9782,101
07.14,62781,17223,9787,74
07.15,62872,17242,9788,91
07.16,63039,17253,9792,167
07.17,63238,17269,9795,199
07.18,63499,17289,9800,261
07.19,63706,17289,9800,207
07.20,63893,17289,9800,187
07.21,64094,17321,9805,201
07.22,64258,17330,9805,164
07.23,64627,17347,9808,369
07.24,64847,17369,9812,220
07.25,65199,17394,9817,352
07.26,65727,17425,9821,528
07.27,66026,17439,9821,299
07.28,66428,17452,9822,402
07.29,66662,17476,9833,234
07.30,67335,17492,9836,673
07.31,68006,17513,9840,671
08.01,68751,17546,9841,745
08.02,69402,17573,9845,651
08.03,69849,17590,9845,447
08.04,70314,17598,9850,465
08.05,70648,17639,9852,334
08.06,71158,17661,9859,510
08.07,72016,17700,9861,858
08.08,72784,17728,9866,768
08.09,73401,17766,9870,617
08.10,74152,17780,9872,751
08.11,74620,17792,9879,468
08.12,75008,17841,9885,388
08.13,75647,17883,9900,639
08.14,76191,17913,9916,544
08.15,77113,17941,9924,922
08.16,77869,17981,9935,756
08.17,78323,17994,9939,454
08.18,78534,18003,9944,211
08.19,78897,18048,9959,363
08.20,79479,18078,9969,582
08.21,80178,18131,9976,699
08.22,80894,18165,9985,716
08.23,81468,18204,9988,574
08.24,81936,18225,9992,468
08.25,82092,18242,9996,156
08.26,82447,18291,9996,355
08.27,83030,18331,9879,583
08.28,83500,18360,9884,470
08.29,83952,18360,9886,452
08.30,84599,18403,9891,647
08.31,85042,18415,9894,443
09.01,85236,18422,9895,194
09.02,85487,18457,9897,251
09.03,85911,18490,9898,424
09.04,86544,18513,9899,633
09.05,87174,18534,9901,630
09.06,87825,18555,9906,651
09.07,88367,18565,9907,542
09.08,88769,18576,9909,402
09.09,89141,18602,9912,372
09.10,89691,18635,9917,550
09.11,90568,18659,9917,877
09.12,91537,18689,9919,969
09.13,92478,18709,9923,941
09.14,93455,18723,9925,977
09.15,94306,18737,9927,851
09.16,94795,18789,9930,489
09.17,95948,18810,9935,1153
09.18,97976,18854,9936,2028
09.19,99649,18908,9937,1673
09.20,100748,18945,9944,1099
09.21,102295,18965,9948,1547
09.22,103392,18977,9950,1097
09.23,105226,19039,9955,1834
09.24,106887,19079,9959,1661
09.25,108768,19123,9965,1881
09.26,110976,19184,9969,2208
09.27,112803,19246,9974,1827
09.28,114179,19275,9980,1376
09.29,115353,19301,9987,1174
09.30,117115,19386,10001,1762
10.01,118452,19454,10016,1337
10.02,121059,19521,10023,2607
10.03,124234,19521,10037,3175
10.04,127623,19645,10044,3389
10.05,130235,19679,10064,2612
10.06,132203,19712,10078,1968
10.07,134291,19812,10092,2088
10.08,137868,19895,10108,3577
10.09,143596,19981,10126,5728
10.10,148981,20072,10151,5385
10.11,156931,20202,10175,7950
10.12,162258,20272,10191,5327
10.13,165880,20324,10211,3622
10.14,173240,20452,10244,7360
10.15,181511,20587,10278,8271
10.16,191959,20720,10327,10448
10.17,202151,20867,10359,10192
10.18,213115,21074,10392,10964
10.19,222253,21157,10413,9138
10.20,230480,21214,10443,8227
10.21,240159,21476,10489,9679
10.22,253386,21717,10539,13227
10.23,270132,22213,10588,16746
10.24,287700,22517,10658,17568
10.25,305409,22878,10737,17709
10.26,321031,23087,10810,15622
10.27,333718,23256,10899,12687
10.28,347289,23504,11038,13571
10.29,368337,23969,11170,21048
10.30,392258,24443,11308,23921
10.31,412314,24906,11452,20056
11.01,429229,25569,11625,16915
11.02,441018,25819,11737,11789
11.03,447355,25999,11858,6337
11.04,453310,26661,12126,5955
11.05,468213,27334,12331,14903
11.06,479341,27987,12520,11128
11.07,488044,28613,12708,8703
11.08,494168,29357,12907,6124
11.09,500789,29651,13055,6621
11.10,503182,29796,13216,2393
11.11,507475,30504,13561,4293
11.12,515391,31130,13758,7916
11.13,520393,31130,13891,5002
11.14,525012,31330,14106,4619
11.15,531280,31330,14303,6268
11.16,535939,31330,14421,4659
11.17,537871,31330,14616,1932
11.18,540605,33687,14839,2734
11.19,545787,33687,15025,5182
11.20,550264,33687,15196,4477
11.21,553680,33687,15352,3416
11.22,556904,33687,15522,3224
11.23,558779,33687,15618,1875
11.24,559902,33687,15755,1123
11.25,561803,33687,15938,1901
11.26,564967,33687,16077,3164
11.27,567532,33687,16219,2565
11.28,570829,33687,16339,3297
11.29,574448,33687,16461,3619
11.30,576599,33687,16547,2151
12.01,577345,33687,16645,746
12.02,579212,33687,16786,1867
12.03,582252,33687,16911,3040
12.04,584857,33687,17033,2605
12.05,587439,33687,17142,2582
12.06,589942,33687,17254,2503
12.07,591756,33687,17320,1814
12.08,592615,33687,17386,859
12.09,594572,33687,17507,1957
12.10,597643,33687,17603,3071
12.11,600397,33687,17692,2754
12.12,603159,33687,17792,2762
12.13,605966,33687,17902,2807
12.14,608137,33687,17951,2171
12.15,609211,33687,18054,1074
12.16,611422,33687,18178,2211
12.17,615058,33687,18278,3636
12.18,618204,33687,18371,3146
12.19,621039,33687,18455,2835
12.20,623760,33687,18545,2721
12.21,625930,33687,18626,2170
12.22,626911,33687,18697,981
12.23,629109,33687,18821,2198
12.24,632321,33687,18939,3212
12.25,634904,33687,19038,2583
12.26,637246,0,19089,2342
12.27,638030,0,19158,784
12.28,638877,0,19200,847
12.29,639734,0,19234,857
12.30,641411,0,19361,1677
12.31,644242,0,19441,2831
01.01,646496,0,19528,2254
01.02,648289,0,19581,1793
01.03,649169,0,19644,880
01.04,650011,0,19701,842
01.05,650887,0,19750,876
01.06,652735,0,19827,1848
01.07,655732,0,19883,2997
01.08,658655,0,19936,2923
01.09,660703,0,19992,2048
01.10,662694,0,20038,1991
01.11,664263,0,20078,1569
01.12,665223,0,20122,960
01.13,667322,0,20194,2099
01.14,670249,0,20250,2927
01.15,672886,0,20294,2637
01.16,675089,0,20352,2203
01.17,677209,0,20396,2120
01.18,678839,0,20435,1630
01.19,679771,0,20472,932
01.20,681250,0,20554,1479
01.21,684256,0,20572,3006
01.22,686827,0,20620,2571
01.23,689271,0,20675,2444
01.24,691854,0,20726,2583
01.25,693666,0,20779,1812
01.26,694858,0,20814,1192
01.27,696642,0,20879,1784
01.28,699662,0,20933,3020
01.29,702437,0,20982,2775
01.30,705120,0,21018,2683
01.31,707837,0,21066,2717
02.01,710153,0,21092,2316
02.02,711417,0,21124,1264
02.03,713271,0,21173,1854
02.04,716395,0,21216,3124
02.05,718847,0,21260,2452
02.06,721432,0,21295,2585
02.07,723870,0,21352,2438
02.08,725610,0,21389,1740
02.09,726483,0,21423,873
02.10,728334,0,21472,1851
02.11,730951,0,21512,2617
02.12,733100,0,21551,2149
02.13,735220,0,21599,2120
02.14,737115,0,21634,1895
02.15,738631,0,21662,1516
02.16,739488,0,21702,857
02.17,741205,0,21750,1717
02.18,743882,0,21793,2677
02.19,746302,0,21821,2420
02.20,749739,0,21859,3437
02.21,752379,0,21887,2640
02.22,754473,0,21903,2094
02.23,755594,0,21923,1121
02.24,757696,0,21956,2102
02.25,760809,0,21988,3113
02.26,763885,0,22006,3076
02.27,766654,0,22034,2769
02.28,769414,0,22052,2760
03.01,771511,0,22077,2097
03.02,772294,0,22106,783
03.03,774344,0,22141,2050
03.04,777608,0,22169,3264
03.05,780251,0,22196,2643
03.06,783010,0,22215,2759
03.07,785809,0,22240,2799
03.08,787891,0,22261,2082
03.09,789008,0,22292,1117
03.10,791171,0,22327,2163
03.11,794605,0,22347,3434
03.12,798108,0,22370,3503
03.13,801723,0,22397,3615
03.14,805321,0,22421,3598
03.15,808283,0,22441,2962
03.16,809861,0,22545,1578
03.17,813026,0,22572,3165
03.18,818142,0,22600,5116
03.19,822801,0,22624,4659
03.20,827941,0,22650,5140
03.21,827941,0,22650,0
03.22,837006,0,22707,9065
03.23,839238,0,22728,2232
03.24,842775,0,22763,3537
03.25,849090,0,22786,6315
03.26,854608,0,22816,5518
03.27,860731,0,22852,6123
03.28,866063,0,22870,5332
03.29,870757,0,22897,4694
03.30,872936,0,22921,2179
03.31,876842,0,22966,3906
04.01,882453,0,23016,5611
04.02,887920,0,23045,5467
04.03,892585,0,23083,4665
04.04,897474,0,23130,4889
04.05,900996,0,23169,3522
04.06,902964,0,23202,1968
04.07,904673,0,23247,1709
04.08,908212,0,23301,3539
04.09,913057,0,23348,4845
04.10,917917,0,23390,4860
04.11,922487,0,23428,4570
04.12,925476,0,23473,2989
04.13,927229,0,23503,1753
04.14,930603,0,23566,3374
04.15,935316,0,23603,4713
04.16,939309,0,23636,3993
04.17,943213,0,23681,3904
04.18,947000,0,23718,3787
04.19,949996,0,23747,2996
04.20,951626,0,23782,1630
04.21,955056,0,23834,3430
04.22,960169,0,23867,5113
04.23,964526,0,23909,4357
04.24,968107,0,23954,3581
04.25,972041,0,23990,3934
04.26,974418,0,24024,2377
04.27,976088,0,24065,1670
04.28,979034,0,24104,2946
04.29,982959,0,24140,3925
04.30,986622,0,24185,3663
05.01,990229,0,24230,3607
05.02,993434,0,24258,3205
05.03,995562,0,24291,2128
05.04,996896,0,24322,1334
05.05,999627,0,24367,2731
05.06,1003746,0,24406,4119
05.07,1007264,0,24444,3518
05.08,1010987,0,24483,3723
05.09,1014351,0,24511,3364
05.10,1016609,0,24551,2258
05.11,1017876,0,24583,1267
05.12,1020332,0,24609,2456
05.13,1023583,0,24630,3251
05.14,1026473,0,24645,2890
05.15,1028104,0,24664,1631
05.16,1030071,0,24686,1967
05.17,1031923,0,24709,1852
05.18,1032895,0,24723,972
05.19,1034714,0,24749,1819
05.20,1038514,0,24768,3800
05.21,1041706,0,24794,3192
05.22,1044612,0,24809,2906
05.23,1047128,0,24823,2516
05.24,1048881,0,24842,1753
05.25,1049822,0,24853,941
05.26,1050677,0,24873,855
05.27,1052652,0,24889,1975
05.28,1055543,0,24902,2891
05.29,1057903,0,24910,2360
05.30,1059763,0,24921,1860
05.31,1061200,0,24940,1437
06.01,1062001,0,24955,801
06.02,1063499,0,24968,1498
06.03,1065358,0,24982,1859
06.04,1066957,0,24995,1599
06.05,1068406,0,25014,1449
06.06,1069874,0,25019,1468
06.07,1070802,0,25033,928
06.08,1071271,0,25041,469
06.09,1072175,0,25051,904
06.10,1073358,0,25061,1183
06.11,1074204,0,25068,846
06.12,1074988,0,25075,784
06.13,1075765,0,25081,777
06.14,1076338,0,25088,573
06.15,1076579,0,25093,241
06.16,1077087,0,25099,508
06.17,1077758,0,25110,671
06.18,1078251,0,25117,493
06.19,1078679,0,25125,428
06.20,1079084,0,25132,405
06.21,1079415,0,25136,331
06.22,1079640,0,25141,225
06.23,1080035,0,25144,395
06.24,1081061,0,25149,1026
06.25,1081908,0,25152,847
06.26,1082476,0,25160,568
06.27,1082476,0,25160,0
06.28,1082476,0,25160,0
06.29,1083478,0,25168,1002
06.30,1084550,0,25170,1072
07.01,1085131,0,25173,581
07.02,1085131,0,25173,0
