,confirm,heal,dead,confirm_add
03.06,1,0,0,1
03.07,2,0,0,1
03.08,2,0,0,0
03.09,2,0,0,0
03.10,2,0,0,0
03.11,2,0,0,0
03.12,2,0,0,0
03.13,2,0,0,0
03.14,3,0,0,1
03.15,3,0,0,0
03.16,5,0,0,1
03.17,10,2,0,5
03.18,10,2,0,0
03.19,13,2,0,3
03.20,21,2,0,8
03.21,27,2,0,6
03.22,40,2,0,13
03.23,56,2,0,16
03.24,66,2,0,10
03.25,66,2,1,10
03.26,75,3,1,9
03.27,88,3,2,13
03.28,94,3,2,6
03.29,99,3,2,5
03.30,142,5,6,43
03.31,193,5,6,51
04.01,233,10,6,40
04.02,284,10,7,51
04.03,306,10,7,22
04.04,509,17,8,203
04.05,555,17,9,46
04.06,658,17,9,103
04.07,658,17,9,0
04.08,685,60,9,27
04.09,730,60,10,45
04.10,803,61,12,73
04.11,820,98,12,17
04.12,820,98,12,0
04.13,820,98,12,0
04.14,848,130,14,28
04.15,848,165,17,0
04.16,848,165,17,0
04.17,996,164,22,148
04.18,1017,177,22,21
04.19,1017,305,42,0
04.20,1017,305,42,0
04.21,1163,329,43,146
04.22,1163,331,43,0
04.23,1163,397,43,0
04.24,1430,668,43,267
04.25,1518,697,53,88
04.26,1621,786,56,103
04.27,1621,786,56,0
04.28,1705,805,58,84
04.29,1806,915,59,101
04.30,1832,934,61,26
05.01,1832,934,61,0
05.02,1832,934,61,0
05.03,2077,953,64,245
05.04,2077,953,64,0
05.05,2104,953,64,27
05.06,2265,1000,64,161
05.07,2267,1002,108,2
05.08,2267,1002,108,0
05.09,2274,1232,108,7
05.10,2579,1465,114,305
05.11,2579,1465,114,0
05.12,2689,1524,125,110
05.13,2689,1524,125,0
05.14,2800,1543,136,111
05.15,2954,1553,139,154
05.16,3105,1567,140,151
05.17,3105,1567,140,0
05.18,3105,1567,140,0
05.19,3529,1567,140,424
05.20,3529,1567,140,0
05.21,3733,1595,146,204
05.22,4288,1808,156,555
05.23,4400,1822,159,112
05.24,4400,1822,159,0
05.25,4890,1865,165,490
05.26,5044,1917,171,154
05.27,5436,1996,175,392
05.28,5436,1996,175,0
05.29,5436,1996,175,0
05.30,5436,3326,177,0
05.31,5904,3568,191,468
06.01,6143,3578,197,239
06.02,6397,3629,199,254
06.03,6585,3676,200,188
06.04,6789,3705,203,204
06.05,7392,4575,205,603
06.06,7599,4587,212,207
06.07,7599,4587,212,0
06.08,8060,4748,212,461
06.09,8312,4794,212,252
06.10,8681,4836,212,369
06.11,8681,4836,212,0
06.12,8681,4836,212,0
06.13,8681,4836,212,0
06.14,8681,4836,212,0
06.15,9864,5570,276,1183
06.16,9864,5570,276,0
06.17,9864,5570,276,0
06.18,9864,5570,276,0
06.19,10638,7548,282,774
06.20,10638,7548,282,0
06.21,11610,7702,301,972
06.22,11892,7710,303,282
06.23,12041,7740,308,149
06.24,12270,7774,313,229
06.25,12592,10100,313,322
06.26,12592,10100,313,0
06.27,12592,10100,313,0
06.28,12592,10100,313,0
06.29,12592,10100,313,0
06.30,12592,10100,313,0
07.01,12592,10100,313,0
07.02,12592,10100,313,0
07.03,12592,10100,313,0
07.04,12592,10100,313,0
07.05,12592,10100,313,0
07.06,12592,10100,313,0
07.07,14916,11525,359,2324
07.08,14916,11525,359,0
07.09,14916,11525,359,0
07.10,14916,11525,359,0
07.11,14916,11525,359,0
07.12,15173,11928,359,257
07.13,15173,11928,359,0
07.14,15173,11928,359,0
07.15,15173,11928,359,0
07.16,15173,11928,359,0
07.17,16157,13728,373,984
07.18,16157,13728,373,0
07.19,16157,13728,373,0
07.20,16157,13728,373,0
07.21,16157,13728,373,0
07.22,16522,13728,382,365
07.23,16522,13728,382,0
07.24,16708,14539,385,186
07.25,16708,14539,385,0
07.26,16708,14539,385,0
07.27,16708,14539,385,0
07.28,17110,14539,391,402
07.29,17179,14539,391,69
07.30,17255,15320,391,76
07.31,17255,15320,391,0
08.01,17255,15320,391,0
08.02,17255,15320,391,0
08.03,17255,15320,391,0
08.04,17255,15320,391,0
08.05,17718,15320,391,463
08.06,17718,15320,391,0
08.07,17718,15320,391,0
08.08,17718,15320,391,0
08.09,18042,15320,395,324
08.10,18042,15320,395,0
08.11,18042,15320,395,0
08.12,18213,15320,398,171
08.13,18263,15320,401,50
08.14,18308,15320,401,45
08.15,18469,15320,401,161
08.16,18469,16540,401,0
08.17,18469,16540,401,0
08.18,18582,16540,403,113
08.19,18599,16540,406,17
08.20,18624,16540,406,25
08.21,18762,16540,408,138
08.22,18762,16540,408,0
08.23,18762,16540,408,0
08.24,18762,16540,408,0
08.25,18762,16540,408,0
08.26,18973,16540,410,211
08.27,18973,16540,410,0
08.28,19142,17651,411,169
08.29,19142,17651,411,0
08.30,19142,17651,411,0
08.31,19142,17651,411,0
09.01,19142,17651,411,0
09.02,19409,17651,414,267
09.03,19460,17651,415,51
09.04,19604,18448,415,144
09.05,19604,18448,415,0
09.06,19604,18448,415,0
09.07,19604,18448,415,0
09.08,19604,18448,415,0
09.09,19848,18448,415,244
09.10,19848,18448,415,0
09.11,20009,18837,415,161
09.12,20009,18837,415,0
09.13,20009,18837,415,0
09.14,20167,18837,415,158
09.15,20228,18837,415,61
09.16,20271,18837,415,43
09.17,20303,18837,415,32
09.18,20303,18837,415,0
09.19,20371,19124,416,68
09.20,20431,19124,416,60
09.21,20431,19124,416,0
09.22,20598,19124,416,167
09.23,20598,19124,416,0
09.24,20690,19124,416,92
09.25,20712,19440,418,22
09.26,20712,19440,418,0
09.27,20735,19440,418,23
09.28,20735,19440,418,0
09.29,20838,19440,418,103
09.30,20838,19440,418,0
10.01,20838,19440,418,0
10.02,20838,19440,418,0
10.03,20924,19764,420,86
10.04,20924,19764,420,0
10.05,20924,19764,420,0
10.06,20924,19764,420,0
10.07,20924,19764,420,0
10.08,20924,19764,420,0
10.09,21203,20117,423,279
10.10,21203,20117,423,0
10.11,21203,20117,423,0
10.12,21203,20117,423,0
10.13,21203,20117,423,0
10.14,21203,20117,423,0
10.15,21441,20117,423,238
10.16,21441,20117,423,0
10.17,21441,20117,423,0
10.18,21441,20117,423,0
10.19,21441,20117,423,0
10.20,21506,20117,424,65
10.21,21570,20117,425,64
10.22,21570,20117,425,0
10.23,21570,20117,425,0
10.24,21570,20117,425,0
10.25,21570,20117,425,0
10.26,21570,20117,425,0
10.27,21793,20117,426,223
10.28,21793,20117,426,0
10.29,21793,20117,426,0
10.30,21793,20117,426,0
10.31,21793,20117,426,0
11.01,21793,20117,426,0
11.02,22103,21151,429,310
11.03,22103,21151,429,0
11.04,22103,21151,429,0
11.05,22103,21151,429,0
11.06,22103,21151,429,0
11.07,22103,21151,429,0
11.08,22342,21151,429,239
11.09,22421,21510,433,79
11.10,22421,21510,433,0
11.11,22421,21510,433,0
11.12,22490,21510,433,69
11.13,22490,21510,433,0
11.14,22583,21510,433,93
11.15,22692,21510,433,109
11.16,22692,21510,433,0
11.17,22692,21510,433,0
11.18,22896,21510,433,204
11.19,22896,21510,433,0
11.20,23528,22177,435,632
11.21,23528,22177,435,0
11.22,23528,22177,435,0
11.23,23528,22177,435,0
11.24,23842,22177,435,314
11.25,23869,22177,436,27
11.26,23915,22177,437,46
11.27,24022,22177,437,107
11.28,24117,22177,437,95
11.29,24117,22177,437,0
11.30,24117,22177,437,0
12.01,24445,22177,437,328
12.02,24487,22177,441,42
12.03,24487,22177,441,0
12.04,24487,22177,441,0
12.05,24752,23344,443,265
12.06,24752,23344,443,0
12.07,24752,23344,443,0
12.08,24752,23344,443,0
12.09,24752,23344,443,0
12.10,24963,23344,443,211
12.11,24963,23344,443,0
12.12,25087,23851,443,124
12.13,25143,23851,443,56
12.14,25143,23851,443,0
12.15,25214,23851,443,71
12.16,25359,23851,445,145
12.17,25472,23851,445,113
12.18,25472,23851,445,0
12.19,25472,23851,445,0
12.20,25724,23851,445,252
12.21,25849,23851,448,125
12.22,25849,23851,448,0
12.23,25849,23851,448,0
12.24,25849,23851,448,0
12.25,26277,24892,448,428
12.26,26277,24892,448,0
12.27,26277,24892,448,0
12.28,26277,24892,448,0
12.29,26277,24892,448,0
12.30,26277,24892,448,0
12.31,26277,24892,448,0
01.01,26277,24892,448,0
01.02,26848,24892,448,571
01.03,26848,24892,448,0
01.04,26848,24892,448,0
01.05,26848,24892,448,0
01.06,26848,24892,448,0
01.07,26848,24892,448,0
01.08,26848,24892,448,0
01.09,26848,24892,448,0
01.10,26848,24892,448,0
01.11,26848,24892,448,0
01.12,26848,24892,448,0
01.13,27336,24892,451,488
01.14,27336,24892,451,0
01.15,27336,24892,451,0
01.16,27336,24892,451,0
01.17,28010,26861,455,674
01.18,28010,26861,455,0
01.19,28010,26861,455,0
01.20,28010,26861,455,0
01.21,28010,26861,455,0
01.22,28010,26861,455,0
01.23,28010,26861,455,0
01.24,29617,28045,462,1607
01.25,29617,28045,462,0
01.26,29617,28045,462,0
01.27,29617,28045,462,0
01.28,29617,28045,462,0
01.29,29617,28045,462,0
01.30,29617,28045,462,0
01.31,29617,28045,462,0
02.01,29617,28045,462,0
02.02,29617,28045,462,0
02.03,30313,28045,474,696
02.04,30313,28045,474,0
02.05,30313,28045,474,0
02.06,30313,28045,474,0
02.07,31394,29501,474,1081
02.08,31394,29501,474,0
02.09,31394,29501,474,0
02.10,31394,29501,474,0
02.11,31394,29501,474,0
02.12,31394,29501,474,0
02.13,32098,29609,479,704
02.14,32098,29609,479,0
02.15,32098,29609,479,0
02.16,32098,29609,479,0
02.17,32098,29609,479,0
