,confirm,heal,dead,confirm_add
03.20,1,0,0,1
03.21,3,0,0,2
03.22,3,0,0,0
03.23,3,0,0,0
03.24,3,0,1,2
03.25,4,0,1,1
03.26,4,0,1,0
03.27,5,0,1,1
03.28,5,0,1,2
03.29,6,0,1,1
03.30,6,0,1,0
03.31,6,0,1,0
04.01,6,0,1,0
04.02,6,0,1,0
04.03,6,0,1,0
04.04,7,0,1,1
04.05,7,0,1,0
04.06,7,1,1,0
04.07,7,1,1,0
04.08,7,1,1,0
04.09,7,1,1,0
04.10,7,1,1,0
04.11,8,1,1,1
04.12,8,1,1,0
04.13,10,1,1,2
04.14,10,1,1,0
04.15,56,1,1,46
04.16,56,1,1,0
04.17,56,1,1,0
04.18,58,1,1,2
04.19,61,1,1,3
04.20,67,1,1,6
04.21,67,1,1,0
04.22,68,1,1,1
04.23,82,1,1,14
04.24,88,1,1,6
04.25,90,1,1,2
04.26,106,1,1,16
04.27,109,1,1,3
04.28,114,2,1,5
04.29,114,2,1,0
04.30,113,2,1,-1
05.01,121,4,1,8
05.02,122,18,1,1
05.03,152,18,2,30
05.04,175,37,2,23
05.05,186,37,2,11
05.06,191,38,2,5
05.07,218,38,2,27
05.08,230,44,2,12
05.09,230,44,2,0
05.10,236,56,2,6
05.11,246,56,2,10
05.12,267,58,2,21
05.13,289,61,2,22
05.14,315,67,2,26
05.15,326,67,2,11
05.16,326,67,2,0
05.17,328,84,3,2
05.18,328,84,3,0
05.19,328,85,3,0
05.20,349,85,3,21
05.21,349,85,3,0
05.22,356,95,3,7
05.23,371,142,3,15
05.24,371,142,3,0
05.25,390,155,3,19
05.26,390,155,3,0
05.27,390,155,4,0
05.28,390,155,4,0
05.29,390,155,4,0
05.30,421,167,4,31
05.31,421,167,4,0
06.01,435,193,4,14
06.02,466,237,5,31
06.03,466,237,5,0
06.04,502,239,5,36
06.05,502,239,5,0
06.06,542,240,5,40
06.07,542,240,5,0
06.08,567,266,5,25
06.09,585,270,5,18
06.10,585,270,5,0
06.11,657,294,5,72
06.12,697,294,6,40
06.13,697,294,6,0
06.14,750,301,6,53
06.15,759,301,6,9
06.16,760,354,7,1
06.17,791,354,7,31
06.18,823,377,7,32
06.19,823,377,7,0
06.20,863,377,8,40
06.21,863,377,8,0
06.22,890,413,8,27
06.23,944,419,8,54
06.24,982,479,8,38
06.25,1003,562,8,21
06.26,1027,562,9,24
06.27,1027,568,10,0
06.28,1091,568,12,64
06.29,1155,570,12,64
06.30,1165,608,12,10
07.01,1267,629,15,102
07.02,1301,629,15,34
07.03,1301,629,15,0
07.04,1382,629,15,81
07.05,1421,654,16,39
07.06,1451,655,17,30
07.07,1463,722,17,12
07.08,1499,724,18,36
07.09,1542,730,18,43
07.10,1552,730,18,10
07.11,1591,730,19,39
07.12,1623,748,19,32
07.13,1698,748,19,75
07.14,1722,772,19,24
07.15,1780,850,19,58
07.16,1837,892,19,57
07.17,1939,902,19,102
07.18,1939,902,19,0
07.19,2014,913,21,75
07.20,2045,973,21,31
07.21,2071,1063,21,26
07.22,2107,1100,21,36
07.23,2154,1132,21,47
07.24,2190,1150,21,36
07.25,2220,1216,22,30
07.26,2258,1363,22,38
07.27,2307,1447,22,49
07.28,2328,1550,22,21
07.29,2354,1616,22,26
07.30,2373,1694,23,19
07.31,2418,1694,23,45
08.01,2451,1824,23,33
08.02,2480,1837,24,29
08.03,2547,1860,24,67
08.04,2583,1911,25,36
08.05,2631,1930,26,48
08.06,2689,1955,27,58
08.07,2734,2010,27,45
08.08,2780,2042,29,46
08.09,2835,2073,32,55
08.10,2858,2086,32,23
08.11,2883,2128,32,25
08.12,2920,2148,33,37
08.13,3000,2172,33,80
08.14,3073,2232,33,73
08.15,3136,2254,33,63
08.16,3163,2302,34,27
08.17,3179,2317,35,16
08.18,3203,2336,36,24
08.19,3253,2390,36,50
08.20,3321,2442,36,68
08.21,3368,2462,37,47
08.22,3412,2498,37,44
08.23,3455,2538,37,43
08.24,3509,2540,37,54
08.25,3532,2599,37,23
08.26,3568,2673,37,36
08.27,3630,2713,38,62
08.28,3699,2749,38,69
08.29,3745,2807,38,46
08.30,3778,2855,39,33
08.31,3852,2867,40,74
09.01,3884,2916,40,32
09.02,3970,3423,40,86
09.03,4048,3460,41,78
09.04,4125,3502,41,77
09.05,4200,3562,41,75
09.06,4275,3611,42,75
09.07,4330,3628,42,55
09.08,4358,3790,42,28
09.09,4400,3851,42,42
09.10,4473,3915,43,73
09.11,4557,3993,43,84
09.12,4651,4076,44,94
09.13,4711,4104,44,60
09.14,4813,4119,44,102
09.15,4839,4240,45,26
09.16,4904,4294,46,65
09.17,4978,4430,47,74
09.18,5063,4465,49,85
09.19,5141,4548,50,78
09.20,5186,4581,50,45
09.21,5257,4599,51,71
09.22,5281,4674,52,24
09.23,5337,4742,52,56
09.24,5412,4837,54,75
09.25,5479,4917,55,67
09.26,5628,4982,55,149
09.27,5701,5018,56,73
09.28,5771,5031,57,70
09.29,5817,5134,59,46
09.30,5900,5228,59,83
10.01,6024,5277,60,124
10.02,6126,5338,61,102
10.03,6205,5399,62,79
10.04,6296,5409,62,91
10.05,6360,5416,65,64
10.06,6433,5524,68,73
10.07,6518,5632,69,85
10.08,6624,5684,71,106
10.09,6717,5821,71,93
10.10,6809,5932,73,92
10.11,6913,5970,74,104
10.12,7072,5981,75,159
10.13,7155,6075,75,83
10.14,7254,6210,77,99
10.15,7371,6270,79,117
10.16,7444,6348,79,73
10.17,7526,6425,82,82
10.18,7638,6473,85,112
10.19,7752,6526,86,114
10.20,7800,6620,87,48
10.21,7901,6792,87,101
10.22,8033,6835,90,132
10.23,8122,6940,91,89
10.24,8198,7034,94,76
10.25,8322,7234,94,124
10.26,8396,7285,94,74
10.27,8423,7455,94,27
10.28,8472,7599,94,49
10.29,8548,7701,94,76
10.30,8603,7796,95,55
10.31,8694,7913,95,91
11.01,8793,7981,95,99
11.02,8848,8012,95,55
11.03,8882,8110,95,34
11.04,8944,8155,95,62
11.05,9053,8220,95,109
11.06,9149,8289,97,96
11.07,9224,8363,100,75
11.08,9291,8431,100,67
11.09,9369,8465,100,78
11.10,9419,8717,100,50
11.11,9499,8738,101,80
11.12,9560,8829,102,61
11.13,9694,9004,102,134
11.14,9741,9076,102,47
11.15,9780,9148,102,39
11.16,9822,9220,103,42
11.17,9840,9386,103,18
11.18,9960,9438,103,120
11.19,10000,9484,104,40
11.20,10082,9557,104,82
11.21,10152,9626,104,70
11.22,10234,9649,104,82
11.23,10276,9730,104,42
11.24,10302,9791,104,26
11.25,10400,9833,104,98
11.26,10526,9900,104,126
11.27,10570,9956,105,44
11.28,10626,10088,105,56
11.29,10700,10161,105,74
11.30,10747,10229,105,47
12.01,10761,10329,105,14
12.02,10816,10366,106,55
12.03,10867,10422,106,51
12.04,10938,10454,107,71
12.05,10996,10496,108,58
12.06,11036,10541,109,40
12.07,11063,10596,109,27
12.08,11098,10676,109,35
12.09,11118,10712,109,20
12.10,11192,10760,109,74
12.11,11203,10836,109,11
12.12,11262,10894,110,59
12.13,11302,10922,110,40
12.14,11357,10962,110,55
12.15,11361,11036,110,4
12.16,11395,11055,110,34
12.17,11458,11106,110,63
12.18,11502,11137,110,44
12.19,11526,11164,110,24
12.20,11567,11215,111,41
12.21,11579,11248,111,12
12.22,11600,11270,111,21
12.23,11636,11275,112,36
12.24,11668,11311,112,32
12.25,11688,11366,112,20
12.26,11696,11381,112,8
12.27,11698,11426,112,2
12.28,11714,11447,112,16
12.29,11723,11499,112,9
12.30,11752,11504,112,29
12.31,11793,11530,112,41
01.01,11840,11559,113,47
01.02,11872,11569,113,32
01.03,11883,11578,113,11
01.04,11920,11580,113,37
01.05,11949,11597,113,29
01.06,11983,11608,113,34
01.07,12052,11633,113,69
01.08,12146,11665,113,94
01.09,12237,11691,114,91
01.10,12316,11731,114,79
01.11,12392,11733,114,76
01.12,12433,11793,115,41
01.13,12506,11815,115,73
01.14,12592,11900,115,86
01.15,12664,11989,115,72
01.16,12776,12054,118,112
01.17,12901,12134,119,125
01.18,12993,12219,119,92
01.19,13046,12287,120,53
01.20,13139,12319,120,93
01.21,13224,12400,121,85
01.22,13307,12517,122,83
01.23,13381,12590,122,74
01.24,13414,12646,124,33
01.25,13489,12710,127,75
01.26,13557,12751,127,68
01.27,13619,12841,129,62
01.28,13722,12908,129,103
01.29,13784,12981,131,62
01.30,13897,13038,131,113
01.31,13981,13103,133,84
02.01,14070,13144,134,89
02.02,14098,13251,134,28
02.03,14152,13335,134,54
02.04,14214,13401,135,62
02.05,14290,13513,135,76
02.06,14306,13622,135,16
02.07,14380,13684,135,74
02.08,14423,13723,135,43
02.09,14451,13851,136,28
02.10,14479,13901,137,28
02.11,14543,13983,138,64
02.12,14601,14084,138,58
02.13,14647,14134,139,46
02.14,14700,14164,139,53
02.15,14741,14198,139,41
02.16,14761,14240,139,20
02.17,14785,14282,140,24
02.18,14848,14338,141,63
02.19,14885,14393,142,37
02.20,14948,14470,142,63
02.21,14999,14498,143,51
02.22,15048,14538,144,49
02.23,15072,14581,144,24
02.24,15089,14608,144,17
02.25,15161,14638,145,72
02.26,15201,14694,145,40
02.27,15253,14754,146,52
02.28,15324,14784,147,71
03.01,15400,14814,147,76
03.02,15432,14875,147,32
03.03,15483,14898,148,51
03.04,15558,14921,150,75
03.05,15621,14959,152,63
03.06,15683,15007,152,62
03.07,15724,15022,152,41
03.08,15782,15040,154,58
03.09,15806,15133,154,24
03.10,15826,15159,154,20
03.11,15892,15236,155,66
03.12,15932,15275,155,40
03.13,15986,15344,155,54
03.14,16035,15401,156,49
03.15,16101,15452,156,66
03.16,16120,15511,156,19
03.17,16154,15549,157,34
03.18,16250,15599,158,96
03.19,16298,15646,158,48
03.20,16374,15699,159,76
03.21,16440,15732,159,66
03.22,16491,15752,159,51
03.23,16517,15804,160,26
03.24,16555,15845,163,38
03.25,16661,15889,163,106
03.26,16787,15936,164,126
03.27,16911,16011,165,124
03.28,17018,16050,165,107
03.29,17125,16075,165,107
03.30,17190,16160,165,65
03.31,17279,16191,168,89
04.01,17470,16277,168,191
04.02,17587,16340,169,117
04.03,17717,16398,171,130
04.04,17821,16443,171,104
04.05,17871,16480,173,50
04.06,17939,16587,173,68
04.07,18023,16670,173,84
04.08,18214,16811,175,191
04.09,18422,16925,176,208
04.10,18629,17077,177,207
04.11,18629,17077,177,0
04.12,19005,17197,182,376
04.13,19110,17399,184,105
04.14,19231,17487,187,121
04.15,19525,17645,188,294
04.16,19780,17802,188,255
04.17,19975,17870,189,195
04.18,19975,17870,189,0
04.19,20466,18041,192,491
04.20,20627,18191,193,161
04.21,20781,18350,194,154
04.22,21179,18500,198,398
04.23,21179,18500,198,0
04.24,21784,18959,201,605
04.25,22094,19109,201,310
04.26,22349,19204,203,255
04.27,22586,19525,208,237
04.28,22772,19715,211,186
04.29,23181,19958,213,409
04.30,23554,20257,213,373
05.01,23882,20565,217,328
05.02,24127,20711,220,245
05.03,24368,20899,223,241
05.04,24548,21249,226,180
05.05,24742,21469,228,194
05.06,25159,21763,229,417
05.07,25526,22105,230,367
05.08,25837,22323,231,311
05.09,26111,22718,232,274
05.10,26441,23037,232,330
05.11,26578,23402,235,137
05.12,26709,23692,236,131
05.13,27029,23925,238,320
05.14,27386,24289,243,357
05.15,27672,24546,244,286
05.16,27951,24683,246,279
05.17,28168,25023,249,217
05.18,28281,25432,251,113
05.19,28410,25581,252,129
05.20,28699,25816,253,289
05.21,28898,26116,253,199
05.22,29033,26456,254,135
05.23,29198,26657,256,165
05.24,29334,26842,256,136
05.25,29411,27189,258,77
05.26,29549,27398,259,138
05.27,29763,27644,259,214
05.28,29939,27914,259,176
05.29,30122,28163,261,183
05.30,30273,28320,263,151
05.31,30359,28428,264,86
06.01,30439,28710,264,80
06.02,30523,28804,264,84
06.03,30694,28944,266,171
06.04,30774,29125,266,80
06.05,30907,29321,267,133
06.06,31003,29432,267,96
06.07,31097,29647,267,94
06.08,31147,29826,267,50
06.09,31225,29908,269,78
06.10,31339,30042,270,114
06.11,31433,30143,271,94
06.12,31512,30231,272,79
06.13,31571,30316,273,59
06.14,31615,30393,275,44
06.15,31647,30542,276,32
06.16,31704,30590,276,57
06.17,31783,30711,279,79
06.18,31858,30796,280,75
06.19,31910,30907,281,52
06.20,31964,30943,281,54
06.21,32002,30988,283,38
06.22,32039,31091,283,37
06.23,32111,31138,284,72
06.24,32192,31202,284,81
06.25,32257,31276,285,65
06.26,32313,31348,286,56
06.27,32344,31371,286,31
06.28,32372,31416,286,28
06.29,32399,31530,286,27
06.30,32457,31565,286,58
07.01,32524,31625,286,67
07.02,32524,31625,286,0
