,confirm,heal,dead,confirm_add
03.15,1,0,0,1
03.16,1,0,0,0
03.17,1,0,0,0
03.18,1,0,0,0
03.19,3,0,0,2
03.20,3,0,0,0
03.21,3,0,0,0
03.22,4,0,0,1
03.23,3,0,0,-1
03.24,4,0,0,1
03.25,4,0,0,0
03.26,4,0,0,0
03.27,4,0,0,0
03.28,19,0,0,15
03.29,19,0,0,0
03.30,19,0,0,0
03.31,19,0,0,0
04.01,19,0,0,0
04.02,22,2,2,3
04.03,22,2,2,0
04.04,22,2,2,0
04.05,45,2,5,23
04.06,45,2,5,0
04.07,45,2,5,0
04.08,45,2,5,0
04.09,60,5,5,15
04.10,60,5,5,0
04.11,60,5,5,0
04.12,60,5,5,0
04.13,60,5,5,0
04.14,60,5,5,0
04.15,74,10,5,14
04.16,117,11,5,43
04.17,117,11,5,0
04.18,143,11,6,26
04.19,143,11,6,0
04.20,160,16,6,17
04.21,160,16,6,0
04.22,165,16,6,5
04.23,186,16,6,21
04.24,186,16,6,0
04.25,200,19,6,14
04.26,200,19,6,0
04.27,200,19,6,0
04.28,207,19,8,7
04.29,207,19,8,0
04.30,220,19,9,13
05.01,220,19,9,0
05.02,229,25,9,9
05.03,229,25,9,0
05.04,229,25,9,0
05.05,236,26,10,7
05.06,236,26,10,0
05.07,264,30,10,28
05.08,274,33,10,10
05.09,274,33,10,0
05.10,274,33,10,0
05.11,274,33,10,0
05.12,333,53,11,59
05.13,333,53,11,0
05.14,333,53,11,0
05.15,391,87,15,58
05.16,391,87,15,0
05.17,391,87,15,0
05.18,391,87,15,0
05.19,412,110,15,21
05.20,420,132,15,8
05.21,420,132,15,0
05.22,469,137,16,49
05.23,469,137,16,0
05.24,487,147,16,18
05.25,487,147,16,0
05.26,487,147,16,0
05.27,487,147,16,0
05.28,571,161,19,84
05.29,571,161,19,0
05.30,571,161,19,0
05.31,571,161,19,0
06.01,611,179,20,40
06.02,611,179,20,0
06.03,611,179,20,0
06.04,611,179,20,0
06.05,611,179,20,0
06.06,635,182,20,24
06.07,683,210,22,48
06.08,683,210,22,0
06.09,683,210,22,0
06.10,728,221,24,45
06.11,728,221,24,0
06.12,728,221,24,0
06.13,728,221,24,0
06.14,728,221,24,0
06.15,728,221,24,0
06.16,883,391,27,155
06.17,883,391,27,0
06.18,883,391,27,0
06.19,883,391,27,0
06.20,883,391,27,0
06.21,883,391,27,0
06.22,883,391,27,0
06.23,1087,456,37,204
06.24,1087,456,37,0
06.25,1087,456,37,0
06.26,1087,456,37,0
06.27,1087,456,37,0
06.28,1087,456,37,0
06.29,1087,456,37,0
06.30,1087,456,37,0
07.01,1087,456,37,0
07.02,1382,486,41,295
07.03,1382,486,41,0
07.04,1557,501,44,175
07.05,1557,501,44,0
07.06,1557,501,44,0
07.07,1557,501,44,0
07.08,1557,501,44,0
07.09,1821,525,47,264
07.10,1821,525,47,0
07.11,2028,589,47,207
07.12,2028,589,47,0
07.13,2028,589,47,0
07.14,2028,589,47,0
07.15,2222,589,47,194
07.16,2222,589,47,0
07.17,2358,589,48,136
07.18,2633,626,49,275
07.19,2633,626,49,0
07.20,2633,626,49,0
07.21,2851,666,50,218
07.22,2851,666,50,0
07.23,2851,666,50,0
07.24,3038,756,51,187
07.25,3038,756,51,0
07.26,3038,756,51,0
07.27,3038,756,51,0
07.28,3200,829,54,162
07.29,3200,829,54,0
07.30,3200,829,54,0
07.31,3200,829,54,0
08.01,3200,829,54,0
08.02,3200,829,54,0
08.03,3200,829,54,0
08.04,3546,1589,58,346
08.05,3546,1589,58,0
08.06,3546,1589,58,0
08.07,3546,1589,58,0
08.08,3637,1589,58,91
08.09,3664,1589,58,27
08.10,3664,1589,58,0
08.11,3664,1589,58,0
08.12,3745,1625,60,81
08.13,3745,1625,60,0
08.14,3745,1625,60,0
08.15,3745,1625,60,0
08.16,3745,1625,60,0
08.17,3831,1625,76,86
08.18,3831,1625,76,0
08.19,3831,1625,76,0
08.20,3850,1625,77,19
08.21,3850,1625,77,0
08.22,3850,1625,77,0
08.23,3850,1625,77,0
08.24,3850,1625,77,0
08.25,3979,1742,78,129
08.26,3979,1742,78,0
08.27,3979,1742,78,0
08.28,3979,1742,78,0
08.29,3979,1742,78,0
08.30,3979,1742,78,0
08.31,3979,1742,78,0
09.01,3979,1742,78,0
09.02,3979,1742,78,0
09.03,4628,1742,102,649
09.04,4628,1742,102,0
09.05,4628,1742,102,0
09.06,4628,1742,102,0
09.07,4628,1742,102,0
09.08,4891,3887,102,263
09.09,4891,3887,114,0
09.10,4891,3887,114,0
09.11,4891,3887,83,0
09.12,4928,3887,88,37
09.13,4928,3887,88,0
09.14,4928,3887,88,0
09.15,4934,3887,88,6
09.16,4934,3887,88,0
09.17,4934,3887,88,0
09.18,4934,3887,88,0
09.19,4980,3887,89,46
09.20,4986,3887,89,6
09.21,4986,3887,89,0
09.22,5002,3887,89,16
09.23,5002,3887,89,0
09.24,5005,3887,89,3
09.25,5005,3887,89,0
09.26,5005,3887,89,0
09.27,5005,3887,89,0
09.28,5008,3887,89,3
09.29,5008,3887,89,0
09.30,5008,3887,89,0
10.01,5089,3887,89,81
10.02,5089,3887,89,0
10.03,5089,3887,89,0
10.04,5089,3887,89,0
10.05,5089,3887,89,0
10.06,5089,3887,89,0
10.07,5089,3887,89,0
10.08,5089,3887,89,0
10.09,5089,3887,89,0
10.10,5118,3887,90,29
10.11,5118,3887,90,0
10.12,5118,3887,90,0
10.13,5118,3887,90,0
10.14,5118,3887,90,0
10.15,5156,3887,92,38
10.16,5156,3887,92,0
10.17,5156,3887,92,0
10.18,5156,3887,92,0
10.19,5156,3887,92,0
10.20,5156,3887,92,0
10.21,5156,3887,92,0
10.22,5156,3887,92,0
10.23,5156,3887,92,0
10.24,5156,3887,92,0
10.25,5253,3887,92,97
10.26,5253,3887,92,0
10.27,5253,3887,92,0
10.28,5253,3887,92,0
10.29,5253,3887,92,0
10.30,5290,3887,92,37
10.31,5290,3887,92,0
11.01,5290,3887,92,0
11.02,5290,3887,92,0
11.03,5290,3887,92,0
11.04,5348,3887,92,58
11.05,5348,3887,92,0
11.06,5348,3887,92,0
11.07,5379,3887,92,31
11.08,5379,3887,92,0
11.09,5379,3887,92,0
11.10,5379,3887,92,0
11.11,5379,3887,92,0
11.12,5379,3887,92,0
11.13,5379,3887,92,0
11.14,5515,3887,92,136
11.15,5515,3887,92,0
11.16,5515,3887,92,0
11.17,5515,3887,92,0
11.18,5515,3887,92,0
11.19,5515,3887,92,0
11.20,5632,3887,93,117
11.21,5632,3887,93,0
11.22,5632,3887,93,0
11.23,5632,3887,93,0
11.24,5632,4988,93,0
11.25,5632,4988,93,0
11.26,5632,4988,93,0
11.27,5632,4988,93,0
11.28,5774,4988,94,142
11.29,5774,4988,94,0
11.30,5774,4988,94,0
12.01,5774,4988,94,0
12.02,5774,4988,94,0
12.03,5774,4988,94,0
12.04,5774,4988,94,0
12.05,5774,4988,94,0
12.06,5774,4988,94,0
12.07,5774,4988,94,0
12.08,5774,4988,94,0
12.09,5774,4988,94,0
12.10,6049,4988,99,275
12.11,6049,4988,99,0
12.12,6049,4988,99,0
12.13,6049,4988,99,0
12.14,6049,4988,99,0
12.15,6200,4988,100,151
12.16,6200,4988,100,0
12.17,6200,4988,100,0
12.18,6200,4988,100,0
12.19,6200,4988,100,0
12.20,6200,4988,100,0
12.21,6200,4988,100,0
12.22,6200,4988,100,0
12.23,6571,4988,100,371
12.24,6571,4988,100,0
12.25,6571,4988,100,0
12.26,6571,4988,100,0
12.27,6908,5831,107,337
12.28,6908,5831,107,0
12.29,6908,5831,107,0
12.30,6908,5831,107,0
12.31,6908,5831,107,0
01.01,7107,5846,108,199
01.02,7107,5846,108,0
01.03,7107,5846,108,0
01.04,7107,5846,108,0
01.05,7107,5846,108,0
01.06,7107,5846,108,0
01.07,7127,5846,108,20
01.08,7127,5846,108,0
01.09,7127,5846,108,0
01.10,7127,5846,108,0
01.11,7127,5846,108,0
01.12,7127,5846,108,0
01.13,7160,5846,112,33
01.14,7160,5846,112,0
01.15,7160,5846,112,0
01.16,7709,5846,114,549
01.17,7709,5846,114,0
01.18,7709,5846,114,0
01.19,7709,5846,114,0
01.20,7709,5846,114,0
01.21,7709,5846,114,0
01.22,7794,5846,117,85
01.23,7794,5846,117,0
01.24,7794,5846,117,0
01.25,7794,5846,117,0
01.26,7887,5846,117,93
01.27,7887,5846,117,0
01.28,7887,5846,117,0
01.29,7887,5846,117,0
01.30,7887,5846,117,0
01.31,7887,5846,117,0
02.01,7887,5846,117,0
02.02,7887,5846,117,0
02.03,7887,5846,117,0
02.04,7887,5846,117,0
02.05,8060,5846,122,173
02.06,8060,5846,122,0
02.07,8060,5846,122,0
02.08,8060,5846,122,0
02.09,8060,5846,122,0
02.10,8060,5846,122,0
02.11,8354,5846,122,294
02.12,8354,7019,122,0
02.13,8419,7019,123,65
02.14,8419,7019,123,0
02.15,8419,7019,123,0
02.16,8419,7019,123,0
02.17,8419,7019,123,0
