,confirm,heal,dead,confirm_add
03.10,1,0,0,1
03.11,1,0,0,0
03.12,1,0,0,0
03.13,2,0,0,1
03.14,2,0,0,0
03.15,3,0,0,1
03.16,3,0,0,0
03.17,4,0,0,1
03.18,7,0,0,3
03.19,14,0,0,7
03.20,18,0,0,4
03.21,23,0,1,5
03.22,30,0,1,7
03.23,30,0,2,0
03.24,45,0,2,15
03.25,48,1,3,3
03.26,51,2,4,3
03.27,54,2,5,3
03.28,58,2,6,4
03.29,65,2,6,11
03.30,81,3,8,16
03.31,98,2,8,17
04.01,109,3,9,11
04.02,123,3,11,14
04.03,134,3,13,11
04.04,148,3,16,14
04.05,154,3,18,6
04.06,154,3,18,0
04.07,161,5,18,7
04.08,180,9,18,19
04.09,180,9,18,0
04.10,215,13,20,35
04.11,223,16,20,8
04.12,234,16,20,11
04.13,235,17,20,1
04.14,241,20,20,6
04.15,254,21,21,13
04.16,267,23,22,13
04.17,287,25,23,20
04.18,307,26,25,20
04.19,327,26,25,20
04.20,327,27,25,0
04.21,350,35,25,23
04.22,359,45,25,9
04.23,377,47,25,18
04.24,394,48,25,17
04.25,416,49,28,22
04.26,442,50,28,26
04.27,459,50,28,17
04.28,471,56,30,12
04.29,491,59,30,20
04.30,500,65,31,9
05.01,572,73,31,72
05.02,604,75,32,32
05.03,604,75,32,0
05.04,682,80,34,78
05.05,705,90,34,23
05.06,797,92,35,92
05.07,863,103,36,66
05.08,897,119,36,34
05.09,937,130,39,40
05.10,937,130,39,0
05.11,1024,141,41,87
05.12,1102,146,44,78
05.13,1169,148,50,67
05.14,1242,157,50,73
05.15,1298,212,50,56
05.16,1370,229,61,72
05.17,1455,270,61,85
05.18,1455,270,61,0
05.19,1538,272,61,83
05.20,1731,302,61,193
05.21,1835,303,61,104
05.22,1945,312,63,110
05.23,2025,312,63,80
05.24,2141,317,63,116
05.25,2141,317,63,0
05.26,2403,340,68,262
05.27,2546,365,68,143
05.28,2660,381,69,114
05.29,2833,400,69,173
05.30,2966,428,69,133
05.31,3070,448,72,104
06.01,3195,454,72,125
06.02,3326,482,72,131
06.03,3326,482,72,0
06.04,3644,495,78,318
06.05,3764,512,81,120
06.06,3878,537,82,114
06.07,4016,537,85,138
06.08,4106,537,88,90
06.09,4259,539,90,153
06.10,4390,565,96,131
06.11,4515,567,98,125
06.12,4637,580,101,122
06.13,4724,595,106,87
06.14,4778,600,107,54
06.15,4837,613,112,59
06.16,4974,628,112,137
06.17,5100,640,115,126
06.18,5283,685,117,183
06.19,5477,719,122,194
06.20,5672,807,125,195
06.21,5826,841,130,154
06.22,5924,856,135,98
06.23,6027,861,135,103
06.24,6213,870,142,186
06.25,6411,885,142,198
06.26,6552,900,149,141
06.27,6690,937,153,138
06.28,6827,985,157,137
06.29,6939,1050,167,112
06.30,7039,1426,170,100
07.01,7122,1785,175,83
07.02,7189,2317,176,67
07.03,7311,2684,179,122
07.04,7379,2961,182,68
07.05,7379,2961,182,0
07.06,7432,3226,182,53
07.07,7432,3226,182,0
07.08,7432,3226,182,0
07.09,7846,3513,189,414
07.10,7905,3513,189,59
07.11,7905,3513,189,0
07.12,8033,3615,189,128
07.13,8075,3620,190,42
07.14,8135,3948,190,60
07.15,8163,3983,192,28
07.16,8199,4248,193,36
07.17,8249,4248,193,50
07.18,8324,4313,193,75
07.19,8403,4335,194,79
07.20,8443,4335,194,40
07.21,8534,4528,196,91
07.22,8626,4790,197,92
07.23,8720,5105,201,94
07.24,8767,5109,201,47
07.25,8801,5305,204,34
07.26,8831,5510,204,30
07.27,8844,5700,208,13
07.28,8873,5930,208,29
07.29,8931,6095,210,58
07.30,9010,6437,215,79
07.31,9070,6796,215,60
08.01,9084,7030,215,14
08.02,9115,7319,215,31
08.03,9133,7424,215,18
08.04,9178,7727,215,45
08.05,9253,7821,215,75
08.06,9309,8048,215,56
08.07,9355,8174,218,46
08.08,9436,8275,218,81
08.09,9454,8324,224,18
08.10,9489,8363,224,35
08.11,9499,8375,225,10
08.12,9538,8421,225,39
08.13,9589,8480,234,51
08.14,9605,8512,238,16
08.15,9605,8512,238,0
08.16,9676,8705,240,71
08.17,9706,8705,243,30
08.18,9721,8882,243,15
08.19,9741,8895,246,20
08.20,9757,8895,247,16
08.21,9802,8920,248,45
08.22,9811,8920,251,9
08.23,9830,8934,251,19
08.24,9842,8953,251,12
08.25,9891,8972,251,49
08.26,9912,8987,254,21
08.27,9915,9020,255,3
08.28,9994,9035,255,79
08.29,10007,9068,258,13
08.30,10045,9103,258,38
08.31,10097,9133,258,52
09.01,10104,9322,259,7
09.02,10114,9347,259,10
09.03,10125,9367,259,11
09.04,10125,9367,259,0
09.05,10178,9420,259,53
09.06,10178,9420,259,0
09.07,10233,9451,260,55
09.08,10292,9501,260,59
09.09,10324,9523,260,32
09.10,10343,9533,262,19
09.11,10361,9622,262,18
09.12,10385,9719,262,24
09.13,10390,9756,264,5
09.14,10390,9756,264,0
09.15,10401,9817,267,11
09.16,10414,9827,267,13
09.17,10442,9840,267,28
09.18,10442,9840,267,0
09.19,10488,9891,268,46
09.20,10515,9930,271,27
09.21,10519,9952,271,4
09.22,10523,10011,271,4
09.23,10537,10041,271,14
09.24,10555,10051,271,18
09.25,10578,10070,271,23
09.26,10593,10093,271,15
09.27,10593,10093,271,0
09.28,10624,10093,271,31
09.29,10631,10129,272,7
09.30,10659,10139,272,28
10.01,10685,10165,272,26
10.02,10729,10183,272,44
10.03,10729,10183,272,0
10.04,10760,10239,274,31
10.05,10778,10239,274,18
10.06,10789,10239,274,11
10.07,10804,10239,276,15
10.08,10804,10239,276,0
10.09,10835,10242,276,31
10.10,10841,10242,276,6
10.11,10851,10242,276,10
10.12,10851,10242,276,0
10.13,10872,10249,276,21
10.14,10872,10249,276,0
10.15,10935,10306,281,63
10.16,10935,10306,281,0
10.17,11000,10342,302,65
10.18,11000,10342,302,0
10.19,11052,10357,303,52
10.20,11052,10357,303,0
10.21,11066,10362,303,14
10.22,11097,10379,304,31
10.23,11122,10379,304,25
10.24,11122,10379,304,0
10.25,11143,10467,305,21
10.26,11174,10468,305,31
10.27,11191,10509,305,17
10.28,11191,10509,305,0
10.29,11211,10509,305,20
10.30,11253,10554,305,42
10.31,11306,10585,307,53
11.01,11306,10585,307,0
11.02,11373,10768,308,67
11.03,11395,10768,308,22
11.04,11427,10783,315,32
11.05,11450,10786,315,23
11.06,11450,10786,315,0
11.07,11517,10838,315,67
11.08,11550,10838,316,33
11.09,11591,10838,316,41
11.10,11608,10893,316,17
11.11,11642,10928,316,34
11.12,11656,10963,316,14
11.13,11692,10983,318,36
11.14,11692,10983,318,0
11.15,11760,11086,319,68
11.16,11760,11086,319,0
11.17,11866,11180,322,106
11.18,11866,11180,322,0
11.19,11918,11190,323,52
11.20,12008,11215,323,90
11.21,12180,11300,327,172
11.22,12180,11300,327,0
11.23,12180,11300,327,0
11.24,12310,11433,331,130
11.25,12365,11433,331,55
11.26,12365,11433,331,0
11.27,12470,11495,333,105
11.28,12470,11495,333,0
11.29,12608,11495,333,138
11.30,12702,11585,333,94
12.01,12772,11585,333,70
12.02,12859,11663,335,87
12.03,12987,11694,336,128
12.04,13132,11753,337,145
12.05,13281,11753,337,149
12.06,13413,11857,342,132
12.07,13527,11947,344,114
12.08,13595,12059,344,68
12.09,13750,12059,344,155
12.10,13996,12208,350,246
12.11,14169,12208,350,173
12.12,14342,12465,352,173
12.13,14342,12465,352,0
12.14,14461,12465,352,119
12.15,14597,12773,358,136
12.16,14597,12773,358,0
12.17,15089,13010,366,492
12.18,15089,13010,366,0
12.19,15397,13310,369,308
12.20,15397,13310,369,0
12.21,15495,13447,370,98
12.22,15669,13660,370,174
12.23,15810,13736,370,141
12.24,16281,13982,573,471
12.25,16282,13982,573,1
12.26,16472,13982,573,190
12.27,16763,13982,573,291
12.28,16839,14484,579,76
12.29,16917,14484,579,78
12.30,17376,14658,584,459
12.31,17658,14701,591,282
01.01,17658,14701,591,0
01.02,17998,14716,595,340
01.03,17998,14716,595,0
