,confirm,heal,dead,confirm_add
02.25,1,0,0,0
02.26,1,0,0,0
02.27,3,0,0,2
02.28,3,0,0,0
02.29,5,0,0,2
03.01,7,0,0,2
03.02,8,0,0,1
03.03,9,0,0,1
03.04,9,0,0,0
03.05,10,0,0,1
03.06,11,0,0,1
03.07,12,0,0,1
03.08,12,0,0,0
03.09,12,0,0,0
03.10,13,0,0,1
03.11,16,0,0,3
03.12,19,0,0,3
03.13,31,2,0,12
03.14,37,3,0,6
03.15,46,3,0,9
03.16,46,3,0,0
03.17,57,4,0,11
03.18,57,4,0,0
03.19,81,4,0,24
03.20,110,5,1,29
03.21,130,5,1,20
03.22,206,5,1,76
03.23,254,5,1,48
03.24,315,5,1,315
03.25,382,5,1,67
03.26,442,5,1,60
03.27,495,5,1,53
03.28,586,37,3,91
03.29,713,52,6,127
03.30,713,55,6,127
03.31,867,67,6,154
04.01,963,73,6,96
04.02,1011,88,7,48
04.03,1079,92,8,68
04.04,1126,119,12,47
04.05,1182,125,15,56
04.06,1222,130,16,40
04.07,1282,167,18,60
04.08,1343,179,19,61
04.09,1407,219,20,64
04.10,1495,231,21,88
04.11,1534,323,21,39
04.12,1600,373,23,66
04.13,1650,400,25,50
04.14,1704,415,31,54
04.15,1741,473,34,37
04.16,1791,529,35,50
04.17,1814,600,36,23
04.18,1832,615,39,18
04.19,1871,709,47,39
04.20,1881,771,47,10
04.21,1908,801,48,27
04.22,1950,869,48,42
04.23,1981,883,50,31
04.24,2009,982,51,28
04.25,2016,1034,54,7
04.26,2030,1103,55,14
04.27,2039,1166,59,9
04.28,2047,1232,63,8
04.29,2062,1288,67,15
04.30,2076,1348,69,14
05.01,2076,1348,69,0
05.02,2088,1463,77,12
05.03,2088,1463,77,0
05.04,2101,1522,80,13
05.05,2112,1560,83,11
05.06,2119,1601,85,7
05.07,2125,1641,86,6
05.08,2161,1689,86,36
05.09,2176,1726,87,15
05.10,2187,1764,90,11
05.11,2196,1784,91,9
05.12,2207,1808,91,11
05.13,2213,1834,94,6
05.14,2221,1850,94,8
05.15,2222,1869,95,1
05.16,2224,1913,95,2
05.17,2226,1936,95,2
05.18,2228,1946,95,2
05.19,2232,1967,96,4
05.20,2234,1978,96,2
05.21,2237,1978,97,3
05.22,2243,2011,99,6
05.23,2243,2023,99,0
05.24,2244,2027,99,1
05.25,2244,2035,100,0
05.26,2244,2046,101,0
05.27,2244,2047,101,0
05.28,2245,2051,102,1
05.29,2245,2059,103,0
05.30,2246,2063,103,1
05.31,2246,2072,103,0
06.01,2246,2077,103,0
06.02,2246,2088,103,0
06.03,2246,2088,103,0
06.04,2247,2105,103,1
06.05,2247,2113,103,0
06.06,2247,2121,104,0
06.07,2247,2126,104,0
06.08,2247,2128,104,0
06.09,2247,2130,106,0
06.10,2247,2130,106,0
06.11,2249,2132,106,2
06.12,2249,2133,107,0
06.13,2251,2134,107,2
06.14,2252,2134,107,1
06.15,2254,2140,107,2
06.16,2255,2140,107,1
06.17,2258,2141,107,3
06.18,2269,2142,107,11
06.19,2280,2142,107,11
06.20,2299,2142,107,19
06.21,2317,2142,107,18
06.22,2336,2142,107,19
06.23,2366,2142,107,30
06.24,2388,2145,107,22
06.25,2483,2149,107,95
06.26,2539,2150,107,56
06.27,2624,2152,107,85
06.28,2691,2152,107,67
06.29,2725,2155,107,34
06.30,2777,2155,107,52
07.01,2831,2155,108,54
07.02,2912,2155,110,81
07.03,3008,2168,112,96
07.04,3094,2183,113,86
07.05,3151,2196,113,57
07.06,3220,2210,113,69
07.07,3272,2229,113,52
07.08,3325,2277,114,53
07.09,3416,2323,115,91
07.10,3532,2377,117,116
07.11,3672,2466,118,140
07.12,3722,2486,119,50
07.13,3775,2514,119,53
07.14,3827,2558,120,52
07.15,3953,2629,120,126
07.16,4039,2729,120,86
07.17,4137,2825,120,98
07.18,4253,2929,120,116
07.19,4345,3018,120,92
07.20,4370,3101,122,25
07.21,4422,3183,123,52
07.22,4530,3278,125,108
07.23,4634,3394,128,104
07.24,4715,3555,128,81
07.25,4792,3778,133,77
07.26,4857,3866,136,65
07.27,4881,3936,139,24
07.28,4923,4034,140,42
07.29,4993,4099,141,70
07.30,5071,4178,144,78
07.31,5139,4267,145,68
08.01,5224,4341,145,85
08.02,5260,4373,149,36
08.03,5294,4438,153,34
08.04,5318,4517,154,24
08.05,5376,4589,154,58
08.06,5404,4688,155,28
08.07,5466,4758,155,62
08.08,5543,4817,157,77
08.09,5604,4861,157,61
08.10,5649,4906,158,45
08.11,5740,4962,160,91
08.12,5870,5024,160,130
08.13,6050,5078,161,180
08.14,6258,5134,163,208
08.15,6420,5193,165,162
08.16,6571,5220,166,151
08.17,6656,5254,166,85
08.18,6855,5318,166,199
08.19,7074,5386,168,219
08.20,7329,5472,168,255
08.21,7594,5584,169,265
08.22,7900,5678,170,306
08.23,8175,5801,171,275
08.24,8311,5926,173,136
08.25,8530,6124,175,219
08.26,8888,6362,175,358
08.27,9192,6595,177,304
08.28,9549,6809,180,357
08.29,9861,7024,183,312
08.30,10123,7212,184,262
08.31,10269,7434,186,146
09.01,10414,7735,187,145
09.02,10725,7968,191,311
09.03,11094,8266,194,369
09.04,11428,8530,195,334
09.05,11739,8771,197,311
09.06,11964,9008,198,225
09.07,12081,9266,201,117
09.08,12285,9553,203,204
09.09,12626,9833,206,341
09.10,12917,10142,208,291
09.11,13107,10466,211,190
09.12,13368,10721,218,261
09.13,13533,10899,224,165
09.14,13598,11151,227,65
09.15,13749,11412,230,151
09.16,14029,11690,236,280
09.17,14279,11933,238,250
09.18,14513,12169,244,234
09.19,14725,12353,244,212
09.20,14922,12536,248,197
09.21,14992,12737,253,70
09.22,15136,12987,255,144
09.23,15340,13815,257,204
09.24,15572,14111,261,232
09.25,15795,14303,266,223
09.26,16007,14405,269,212
09.27,16197,14609,272,190
09.28,16245,14793,272,48
09.29,16380,14947,275,135
09.30,16593,15057,280,213
10.01,16827,15218,284,234
10.02,17160,15423,291,333
10.03,17401,15661,293,241
10.04,17659,15849,298,258
10.05,17797,16031,300,138
10.06,18084,16192,304,287
10.07,18447,16308,309,363
10.08,18989,16473,310,542
10.09,19446,16695,313,457
10.10,19932,16953,317,486
10.11,20440,17298,324,508
10.12,20621,17582,327,181
10.13,20993,17889,330,372
10.14,21741,18197,334,748
10.15,22534,18628,344,793
10.16,23665,19087,345,1131
10.17,24761,19562,355,1096
10.18,25580,20053,363,819
10.19,25973,20529,374,393
10.20,26863,20962,382,890
10.21,28287,21435,393,1424
10.22,29850,22064,406,1563
10.23,31717,22910,413,1867
10.24,33959,23785,429,2242
10.25,36380,24799,437,2421
10.26,37208,25837,452,828
10.27,38621,26840,470,1413
10.28,40999,27770,493,2378
10.29,43775,29233,511,2776
10.30,46547,30910,531,2772
10.31,49316,32818,546,2769
11.01,51495,35039,562,2179
11.02,52660,37332,594,1165
11.03,54087,39380,628,1427
11.04,56567,41070,654,2480
11.05,59415,43376,683,2848
11.06,62305,46021,717,2890
11.07,64704,48410,752,2399
11.08,67247,50775,794,2543
11.09,68776,53002,832,1529
11.10,68776,53002,832,0
11.11,70243,54854,865,1467
11.12,75922,58649,925,5679
11.13,78978,61264,968,3056
11.14,81844,63748,1006,2866
11.15,84206,66231,1049,2362
11.16,85519,68738,1082,1313
11.17,87464,70980,1113,1945
11.18,90715,72673,1151,3251
11.19,93879,74865,1200,3164
11.20,96837,77387,1257,2958
11.21,100410,80027,1304,3573
11.22,103718,82380,1353,3308
11.23,105691,85018,1398,1973
11.24,108014,87408,1445,2323
11.25,111617,89425,1501,3603
11.26,115626,92349,1552,4009
11.27,119706,95698,1600,4080
11.28,123693,98465,1655,3987
11.29,126612,101838,1712,2919
11.30,128442,105199,1786,1830
12.01,131342,108231,1861,2900
12.02,134881,110355,1916,3539
12.03,139415,113509,1964,4534
12.04,143370,117148,2032,3955
12.05,147454,120857,2102,4084
12.06,150353,124439,2174,2899
12.07,152239,127882,2233,1886
12.08,154852,130869,2298,2613
12.09,159372,133255,2367,4520
12.10,163992,136721,2420,4620
12.11,168388,140898,2484,4396
12.12,172523,144691,2562,4135
12.13,175886,148211,2640,3363
12.14,177358,151884,2705,1472
12.15,179718,155079,2778,2360
12.16,183045,157773,2870,3327
12.17,186963,161563,2955,3918
12.18,190235,165915,3023,3272
12.19,192987,169768,3101,2752
12.20,194962,173158,3177,1975
12.21,195728,176366,3257,766
12.22,197323,178880,3328,1595
12.23,200086,180735,3394,2763
12.24,202319,183532,3464,2233
12.25,203962,186553,3548,1643
12.26,204312,189055,3613,350
12.27,204930,191226,3671,618
12.28,205246,193471,3739,316
12.29,206596,195128,3795,1350
12.30,206596,195128,3795,0
12.31,210837,198018,3920,4241
01.01,212007,199820,3961,1170
01.02,212262,201300,4016,255
01.03,212958,202442,4072,696
01.04,213319,203294,4126,361
01.05,214390,204303,4179,1071
01.06,216286,205078,4223,1896
01.07,216848,206310,4266,562
01.08,217946,207848,4304,1098
01.09,219347,209207,4342,1401
01.10,219993,210126,4368,646
01.11,220223,210844,4403,230
01.12,220982,211633,4446,759
01.13,222117,212345,4472,1135
01.14,223097,213370,4517,980
01.15,223812,214609,4550,715
01.16,224575,215276,4588,763
01.17,224954,216280,4616,379
01.18,225128,217197,4655,174
01.19,225648,217880,4684,520
01.20,226550,218358,4711,902
01.21,227326,219082,4738,776
01.22,227969,219878,4770,643
01.23,228568,220537,4799,599
01.24,228920,221097,4827,352
01.25,229054,221676,4859,134
01.26,229502,222110,4882,448
01.27,230359,222396,4913,857
01.28,230978,222862,4943,619
01.29,231539,223450,4972,561
01.30,232090,224017,4998,551
01.31,232426,224476,5027,336
02.01,232520,224915,5054,94
02.02,232907,225300,5071,387
02.03,233637,225623,5088,730
02.04,234153,226073,5106,516
02.05,234702,226625,5122,549
02.06,235126,227078,5144,424
02.07,235402,227485,5169,276
02.08,235473,227868,5198,71
02.09,235756,228203,5224,283
02.10,236333,228499,5238,577
02.11,236709,228896,5263,376
02.12,237080,229327,5282,371
02.13,237459,229709,5299,379
02.14,237657,230041,5318,198
02.15,237725,230384,5339,68
02.16,237999,230683,5357,274
02.17,238501,230907,5375,502
