,confirm,heal,dead,confirm_add
03.10,2,0,0,2
03.11,2,0,0,0
03.12,6,0,0,4
03.13,14,0,0,8
03.14,21,0,0,11
03.15,21,0,0,0
03.16,33,0,0,12
03.17,33,0,0,0
03.18,49,0,0,16
03.19,58,0,0,9
03.20,67,0,0,9
03.21,75,0,0,8
03.22,84,0,1,9
03.23,95,3,1,11
03.24,116,3,1,21
03.25,124,3,3,8
03.26,132,3,3,8
03.27,146,4,3,14
03.28,162,3,5,16
03.29,214,15,6,35
03.30,214,15,6,0
03.31,230,22,7,16
04.01,262,23,8,32
04.02,320,28,9,58
04.03,356,28,10,36
04.04,396,28,11,40
04.05,426,33,9,30
04.06,446,37,9,20
04.07,465,45,9,19
04.08,494,47,9,29
04.09,526,52,9,32
04.10,564,53,10,38
04.11,595,58,10,31
04.12,616,61,10,21
04.13,662,65,11,46
04.14,662,65,12,0
04.15,695,65,12,33
04.16,715,65,12,20
04.17,750,77,12,35
04.18,761,77,12,11
04.19,767,79,12,6
04.20,767,81,12,0
04.21,772,81,12,5
04.22,790,98,13,18
04.23,795,98,13,5
04.24,804,98,14,9
04.25,810,98,14,6
04.26,817,148,14,7
04.27,817,148,14,0
04.28,837,148,15,20
04.29,843,148,15,6
04.30,850,148,15,7
05.01,850,296,15,0
05.02,864,296,15,14
05.03,864,296,15,0
05.04,874,296,15,10
05.05,878,296,15,4
05.06,883,296,15,5
05.07,889,296,15,6
05.08,891,400,15,2
05.09,892,400,15,1
05.10,898,401,15,6
05.11,901,401,16,3
05.12,903,401,16,2
05.13,905,449,16,2
05.14,905,449,17,0
05.15,907,481,17,2
05.16,914,481,17,7
05.17,914,515,17,0
05.18,916,515,17,2
05.19,917,515,17,1
05.20,918,516,17,1
05.21,922,516,17,4
05.22,923,561,17,1
05.23,927,561,17,4
05.24,935,594,17,8
05.25,935,594,17,0
05.26,937,594,17,2
05.27,939,594,17,2
05.28,939,594,17,0
05.29,941,784,17,2
05.30,942,784,17,1
05.31,943,790,17,1
06.01,944,790,17,1
06.02,949,790,17,5
06.03,952,790,17,3
06.04,958,790,17,6
06.05,958,807,17,0
06.06,960,807,17,2
06.07,964,807,18,4
06.08,964,807,18,0
06.09,970,807,18,6
06.10,972,807,18,2
06.11,974,807,18,2
06.12,975,807,18,1
06.13,980,807,18,5
06.14,980,807,18,0
06.15,985,807,18,5
06.16,985,807,18,0
06.17,985,816,18,0
06.18,985,816,18,0
06.19,985,818,19,0
06.20,985,818,19,0
06.21,985,824,19,0
06.22,986,824,19,1
06.23,988,824,19,2
06.24,990,824,19,2
06.25,991,824,19,1
06.26,992,824,19,1
06.27,992,824,19,0
06.28,994,824,19,2
06.29,994,833,19,0
06.30,996,833,19,2
07.01,998,833,19,2
07.02,999,833,19,1
07.03,999,833,19,0
07.04,999,839,19,0
07.05,1002,839,19,3
07.06,1003,839,19,1
07.07,1004,839,19,1
07.08,1005,839,19,1
07.09,1008,839,19,3
07.10,1010,839,19,2
07.11,1013,839,19,3
07.12,1014,839,19,1
07.13,1021,839,19,7
07.14,1023,839,19,2
07.15,1023,839,19,0
07.16,1025,839,19,2
07.17,1031,845,19,6
07.18,1033,845,19,2
07.19,1037,845,19,4
07.20,1038,845,19,1
07.21,1038,847,19,0
07.22,1040,847,19,2
07.23,1040,847,19,0
07.24,1047,847,19,7
07.25,1047,847,19,0
07.26,1053,852,19,6
07.27,1057,852,19,4
07.28,1060,852,19,3
07.29,1067,852,19,7
07.30,1080,852,19,13
07.31,1090,852,19,10
08.01,1119,852,19,29
08.02,1139,856,19,20
08.03,1150,856,19,11
08.04,1155,856,19,5
08.05,1180,856,19,25
08.06,1195,856,19,15
08.07,1208,856,19,13
08.08,1222,856,19,14
08.09,1233,856,19,11
08.10,1242,870,19,9
08.11,1252,870,19,10
08.12,1277,870,20,25
08.13,1291,870,20,14
08.14,1305,870,20,14
08.15,1318,870,20,13
08.16,1332,870,20,14
08.17,1339,870,20,7
08.18,1351,870,20,12
08.19,1359,878,20,8
08.20,1385,878,20,26
08.21,1406,878,20,21
08.22,1406,878,20,0
08.23,1417,878,20,11
08.24,1451,878,20,34
08.25,1451,878,20,0
08.26,1484,935,20,33
08.27,1484,935,20,0
08.28,1467,935,20,-17
08.29,1481,935,20,14
08.30,1483,935,20,2
08.31,1487,1139,20,4
09.01,1488,1139,20,1
09.02,1490,1139,21,2
09.03,1495,1139,21,5
09.04,1498,1139,21,3
09.05,1502,1237,21,4
09.06,1507,1237,21,5
09.07,1509,1237,21,2
09.08,1510,1237,22,1
09.09,1511,1237,22,1
09.10,1514,1237,22,3
09.11,1517,1237,22,3
09.12,1520,1237,22,3
09.13,1523,1281,22,3
09.14,1526,1281,22,3
09.15,1534,1282,22,8
09.16,1540,1282,22,6
09.17,1548,1282,22,8
09.18,1558,1282,22,10
09.19,1565,1282,22,7
09.20,1590,1282,22,25
09.21,1603,1369,22,13
09.22,1603,1369,22,0
09.23,1618,1369,22,15
09.24,1654,1369,22,36
09.25,1663,1369,22,9
09.26,1671,1369,22,8
09.27,1684,1369,22,13
09.28,1696,1369,22,12
09.29,1713,1369,22,17
09.30,1743,1369,22,30
10.01,1755,1369,22,12
10.02,1789,1369,22,34
10.03,1789,1369,22,0
10.04,1824,1369,22,35
10.05,1824,1369,22,0
10.06,1847,1369,22,23
10.07,1876,1369,23,29
10.08,1897,1369,24,21
10.09,1918,1369,24,21
10.10,1951,1369,25,33
10.11,1986,1444,25,35
10.12,2006,1444,25,20
10.13,2047,1444,25,41
10.14,2130,1444,25,83
10.15,2181,1444,25,51
10.16,2285,1444,25,104
10.17,2379,1444,25,94
10.18,2581,1444,25,202
10.19,2644,1444,25,63
10.20,2687,1444,25,43
10.21,2839,1444,25,152
10.22,2966,1444,25,127
10.23,3154,1444,25,188
10.24,3314,1882,25,160
10.25,3444,1882,25,130
10.26,3545,1882,25,101
10.27,3636,1882,25,91
10.28,3817,1882,25,181
10.29,3930,1882,25,113
10.30,4051,1882,25,121
10.31,4217,1882,25,166
11.01,4366,1882,26,149
11.02,4563,1882,26,197
11.03,4760,1882,27,197
11.04,4934,1882,27,174
11.05,5100,1882,27,166
11.06,5333,1882,27,233
11.07,5557,1882,27,224
11.08,5871,1882,35,314
11.09,5987,1882,28,116
11.10,6098,1882,28,111
11.11,6296,1882,29,198
11.12,6461,1882,33,165
11.13,6646,1882,34,185
11.14,6853,2021,38,207
11.15,7051,2021,39,198
11.16,7178,2021,39,127
11.17,7285,2021,40,107
11.18,7513,2021,40,228
11.19,7711,2021,41,198
11.20,7979,2021,41,268
11.21,8211,2055,43,232
11.22,8456,2055,43,245
11.23,8643,2055,44,187
11.24,8947,2055,44,304
11.25,9199,2055,46,252
11.26,9453,2055,47,254
11.27,9673,2055,48,220
11.28,9983,2057,48,310
11.29,10231,2057,48,248
11.30,10383,2057,48,152
12.01,10565,2057,49,182
12.02,10883,2057,49,318
12.03,11175,2057,52,292
12.04,11523,2057,54,348
12.05,11812,2057,57,289
12.06,12181,2057,57,369
12.07,12451,2057,61,270
12.08,12867,2057,63,416
12.09,13286,2057,68,419
12.10,13286,2057,68,0
12.11,13649,2057,70,363
12.12,13649,2057,70,0
12.13,14800,2057,77,1151
12.14,15101,2057,78,301
12.15,15450,2057,82,349
12.16,15789,2057,84,339
12.17,16190,2057,85,401
12.18,16647,2057,85,457
12.19,17057,2057,87,410
12.20,17476,2057,89,419
12.21,17688,2057,91,212
12.22,18004,2057,96,316
12.23,18004,2057,96,0
12.24,18883,2057,104,879
12.25,19316,2057,107,433
12.26,19366,2057,109,50
12.27,19391,2057,111,25
12.28,19657,2057,112,266
12.29,20408,2057,113,751
12.30,21315,2057,117,907
12.31,22019,2057,119,704
01.01,22019,2057,119,0
01.02,22818,2057,127,799
01.03,23445,2057,129,627
01.04,23974,2057,131,529
01.05,24639,2057,133,665
01.06,25208,2057,134,569
01.07,25781,2057,138,573
01.08,26208,2057,140,427
01.09,26674,2057,141,466
01.10,27011,2057,147,337
01.11,27350,2057,148,339
01.12,27638,2057,153,288
01.13,27897,2057,157,259
01.14,28124,2057,163,227
01.15,28124,2057,163,0
01.16,28609,2057,166,485
01.17,28811,2057,167,202
01.18,28968,2057,170,157
01.19,29130,2057,175,162
01.20,29294,2057,176,164
01.21,29472,2057,176,178
01.22,29636,2057,178,164
01.23,29758,2057,179,122
01.24,29887,2057,183,129
01.25,30017,2057,186,130
01.26,30143,2057,188,126
01.27,30252,2057,190,109
01.28,30380,2057,193,128
01.29,30538,2057,197,158
01.30,30657,2057,197,119
01.31,30770,2057,197,113
02.01,30876,2057,199,106
02.02,30996,2057,202,120
02.03,31124,2057,202,128
02.04,31263,2057,203,139
02.05,31379,2057,208,116
02.06,31512,2057,210,133
02.07,31644,2057,211,132
02.08,31759,2057,212,115
02.09,31864,2057,214,105
02.10,31959,2057,214,95
02.11,32072,2057,217,113
02.12,32175,2057,218,103
02.13,32288,2057,219,113
02.14,32390,2057,220,102
02.15,32513,2057,221,123
02.16,32626,2057,222,113
02.17,32707,2057,225,81
02.18,32828,2057,227,121
02.19,32935,2057,228,107
02.20,33046,2057,229,111
02.21,33153,2057,229,107
02.22,33260,2057,229,107
02.23,33391,2057,230,131
02.24,33567,2057,230,176
02.25,33710,2057,231,143
02.26,33909,2057,231,199
02.27,34181,2057,231,272
02.28,34424,2057,231,243
03.01,34707,2057,231,283
03.02,35009,2057,231,302
03.03,35297,2057,232,288
03.04,35620,2057,232,323
03.05,36004,2057,232,384
03.06,36277,2057,232,273
03.07,36575,2057,232,298
03.08,36878,2057,233,303
03.09,37230,2057,233,352
03.10,37650,2057,233,420
03.11,38065,2057,235,415
03.12,38496,2057,236,431
03.13,38879,2057,238,383
03.14,39277,2057,238,398
03.15,39651,2057,240,374
03.16,39869,2057,240,218
03.17,40344,2057,241,475
03.18,40726,2057,241,382
03.19,41111,2057,241,385
03.20,41475,2057,241,364
03.21,41882,2057,242,407
03.22,42218,2057,243,336
03.23,42628,2057,245,410
03.24,42993,2057,246,365
03.25,43286,2057,248,293
03.26,43610,2057,248,324
03.27,43971,2057,248,361
03.28,44305,2057,250,334
03.29,44631,2057,252,326
03.30,44631,2057,252,0
03.31,45430,2057,256,799
04.01,45864,2057,256,434
04.02,46173,2057,260,309
04.03,46878,2057,261,705
04.04,47282,2057,261,404
04.05,47713,2057,261,431
04.06,48278,2057,262,565
04.07,48837,2057,264,559
04.08,49366,2057,266,529
04.09,49988,2057,268,622
04.10,50589,36872,268,601
04.11,51035,39061,272,446
04.12,51505,39061,272,470
04.13,52033,39061,273,528
04.14,52652,39061,274,619
04.15,53254,39061,277,602
04.16,53944,39061,283,690
04.17,54621,39061,284,677
04.18,55407,39061,288,786
04.19,56259,39061,291,852
04.20,57081,39061,294,822
04.21,58022,39061,295,941
04.22,58865,39061,295,843
04.23,59792,39061,296,927
04.24,60681,39061,297,889
04.25,61576,39061,298,895
04.26,62349,39061,298,773
04.27,62960,39061,301,611
04.28,63720,39061,303,760
04.29,64565,39061,306,845
04.30,65233,39061,308,668
05.01,65233,39061,308,0
05.02,66372,39061,313,1139
05.03,66372,39061,313,0
05.04,66911,39061,321,539
05.05,67420,39061,326,509
05.06,67982,39061,327,562
05.07,68442,39061,328,460
05.08,68766,39061,332,324
05.09,69163,39061,334,397
05.10,69432,39061,336,269
05.11,69708,39061,337,276
05.12,70098,39061,339,390
05.13,70358,39061,341,260
05.14,70571,39061,342,213
05.15,70742,39061,346,171
05.16,70899,39061,346,157
05.17,71064,39061,346,165
05.18,71231,39061,347,167
05.19,71398,39061,348,167
05.20,71533,39061,348,135
05.21,71610,39061,350,77
05.22,71745,39061,352,135
05.23,71836,39061,353,91
05.24,71911,39061,354,75
05.25,72011,39061,356,100
05.26,72090,39061,357,79
05.27,72159,39061,357,69
05.28,72234,39061,357,75
05.29,72307,39061,360,73
05.30,72363,39061,360,56
05.31,72407,39061,360,44
06.01,72457,39061,360,50
06.02,72515,39061,360,58
06.03,72573,39061,361,58
06.04,72626,39061,362,53
06.05,72709,39061,363,83
06.06,72750,39061,363,41
06.07,72779,39061,363,29
06.08,72859,39061,364,80
06.09,72919,39061,365,60
06.10,72996,39061,367,77
06.11,73055,39061,371,59
06.12,73115,39061,372,60
06.13,73115,39061,372,0
06.14,73190,39061,373,75
06.15,73247,39061,374,57
06.16,73311,39061,374,64
06.17,73379,39061,374,68
06.18,73444,39061,374,65
06.19,73520,39061,374,76
06.20,73582,39061,374,62
06.21,73643,39061,374,61
06.22,73710,39061,374,67
06.23,73832,39061,374,122
06.24,73999,39061,374,167
06.25,74174,39061,374,175
06.26,74343,39061,374,169
06.27,74569,39061,374,226
06.28,74785,39061,374,216
06.29,75099,39061,374,314
06.30,75431,39061,374,332
07.01,75860,39061,374,429
07.02,75860,39061,374,0
