,confirm,heal,dead,confirm_add
03.01,1,0,0,1
03.02,6,0,0,1
03.03,7,0,0,1
03.04,7,0,0,0
03.05,10,0,0,3
03.06,13,0,0,3
03.07,13,0,0,0
03.08,13,0,0,0
03.09,14,0,0,1
03.10,14,0,0,0
03.11,17,0,0,3
03.12,17,0,0,0
03.13,17,0,0,0
03.14,23,0,1,6
03.15,23,0,1,0
03.16,37,0,1,14
03.17,58,0,2,21
03.18,111,0,2,53
03.19,168,0,2,56
03.20,260,1,3,92
03.21,367,1,5,107
03.22,532,3,7,165
03.23,789,3,14,257
03.24,981,3,18,192
03.25,1049,3,27,68
03.26,1049,3,27,68
03.27,1382,3,34,333
03.28,1627,3,41,245
03.29,1823,3,48,196
03.30,1924,3,58,297
03.31,1966,54,62,42
04.01,2302,58,79,336
04.02,2758,58,98,456
04.03,3163,65,120,405
04.04,3368,65,145,205
04.05,3465,100,172,97
04.06,3646,100,180,181
04.07,3747,100,191,101
04.08,3995,140,220,248
04.09,4450,140,242,455
04.10,4965,339,272,515
04.11,7161,368,297,2196
04.12,7257,411,315,96
04.13,7466,501,333,209
04.14,7529,597,355,63
04.15,7603,696,369,74
04.16,7858,780,388,255
04.17,8225,838,403,367
04.18,8450,838,421,225
04.19,9022,1008,456,572
04.20,9468,1061,474,446
04.21,10128,1150,507,660
04.22,10398,1207,520,270
04.23,10850,1262,537,452
04.24,11183,1328,560,333
04.25,22719,1366,576,11536
04.26,22719,1366,576,0
04.27,22719,1366,576,0
04.28,23240,1557,663,521
04.29,24258,1557,871,1018
04.30,24675,1557,883,417
05.01,24934,1558,900,259
05.02,26336,1913,1063,1402
05.03,27464,2132,1371,1128
05.04,29538,3300,1564,2074
05.05,31881,3433,1569,2343
05.06,31881,3433,1569,0
05.07,29420,3433,1618,-2461
05.08,30298,3433,1654,878
05.09,28818,3433,1704,-1480
05.10,29071,3433,1717,253
05.11,29559,3433,2127,488
05.12,29509,3433,2145,-50
05.13,30419,3433,2327,910
05.14,30486,3433,2334,67
05.15,30502,3433,2338,16
05.16,31467,3433,2594,965
05.17,32763,3433,2688,1296
05.18,33182,3433,2736,419
05.19,33582,3433,2799,400
05.20,34151,3457,2839,569
05.21,34854,3557,2888,703
05.22,35306,3557,2939,452
05.23,35828,3557,3056,522
05.24,36258,3557,3096,430
05.25,36756,3560,3108,498
05.26,37355,18003,3203,599
05.27,37355,18003,3203,0
05.28,38103,18425,3275,748
05.29,38471,18425,3313,368
05.30,38571,19190,3334,100
05.31,38571,19190,3334,0
06.01,39098,19592,3358,527
06.02,39994,19823,3394,896
06.03,40414,20019,3438,420
06.04,40966,20019,3486,552
06.05,40966,20019,3486,0
06.06,41575,20568,3534,609
06.07,42728,21020,3608,1153
06.08,43120,21020,3621,392
06.09,43378,21020,3642,258
06.10,43917,21020,3690,539
06.11,44440,21862,3720,523
06.12,44440,21862,3720,0
06.13,45778,22679,3828,1338
06.14,46356,22865,3874,578
06.15,46751,23064,3896,395
06.16,47322,23349,3929,571
06.17,47943,23684,3970,621
06.18,48490,23881,4007,547
06.19,49097,24123,4087,607
06.20,49731,24446,4156,634
06.21,49731,24446,4156,0
06.22,50640,24991,4223,909
06.23,50640,24991,4223,0
06.24,51643,24991,4274,1003
06.25,51643,24991,4274,0
06.26,53156,26097,4343,1513
06.27,53856,26493,4406,700
06.28,54574,26920,4424,718
06.29,55255,27058,4429,681
06.30,55665,27430,4502,410
07.01,56432,27594,4527,767
07.02,58257,27887,4576,1825
07.03,59468,28032,4639,1211
07.04,60657,28391,4700,1189
07.05,61535,28507,4769,878
07.06,61958,28722,4781,423
07.07,62380,28872,4821,422
07.08,63245,29071,4873,865
07.09,64221,29184,4900,976
07.10,64221,29184,4900,0
07.11,65018,29577,4939,797
07.12,67209,30107,5031,2191
07.13,67870,30283,5047,661
07.14,68459,30369,5063,589
07.15,69570,30484,5130,1111
07.16,70329,30641,5158,759
07.17,71365,31260,5207,1036
07.18,72444,31404,5250,1079
07.19,73382,31757,5282,938
07.20,74013,31901,5313,631
07.21,74620,31955,5318,607
07.22,76217,32725,5366,1597
07.23,77257,33125,5418,1040
07.24,78148,33455,5439,891
07.25,79049,34544,5468,901
07.26,80036,34544,5507,987
07.27,80694,34896,5515,658
07.28,81161,34896,5532,467
07.29,82279,35283,5584,1118
07.30,83193,35572,5623,914
07.31,84370,35824,5657,1177
08.01,85355,36044,5702,985
08.02,86232,36213,5736,877
08.03,86524,59344,5750,292
08.04,87041,59344,5767,517
08.05,87963,70985,5808,922
08.06,88866,71168,5847,903
08.07,90537,71318,5877,1671
08.08,91969,71463,5897,1432
08.09,93572,71605,5916,1603
08.10,94459,78552,5922,887
08.11,94701,78608,5932,242
08.12,95563,78610,5951,862
08.13,97110,78887,5984,1547
08.14,98343,78957,6010,1233
08.15,99409,79176,6030,1066
08.16,100688,79354,6065,1279
08.17,101542,87022,6070,854
08.18,101751,87120,6083,209
08.19,102941,87183,6105,1190
08.20,104475,87277,6146,1534
08.21,105508,87660,6200,1033
08.22,106481,87730,6248,973
08.23,107089,87889,6277,608
08.24,107769,94816,6310,680
08.25,108289,94878,6322,520
08.26,109030,95025,6368,741
08.27,110549,95097,6410,1519
08.28,111219,95202,6471,670
08.29,112141,95311,6504,922
08.30,112906,95429,6537,765
08.31,113648,101620,6555,742
09.01,113767,101669,6556,119
09.02,114309,101723,6571,542
09.03,115457,101867,6619,1148
09.04,116360,102051,6648,903
09.05,117175,102200,6674,815
09.06,118045,102304,6724,870
09.07,109784,91242,10524,-8261
09.08,110092,91242,10576,308
09.09,110757,91242,10627,665
09.10,112166,91242,10701,1409
09.11,113206,91242,10749,1040
09.12,114732,91242,10836,1526
09.13,116451,91242,10864,1719
09.14,118594,97063,10903,2143
09.15,118911,97063,10922,317
09.16,119553,97063,10963,642
09.17,121525,97063,10996,1972
09.18,122257,97063,11029,732
09.19,124129,97063,11044,1872
09.20,125620,97063,11084,1491
09.21,126419,102852,11090,799
09.22,126711,102852,11095,292
09.23,127643,102852,11126,932
09.24,129892,102852,11171,2249
09.25,131146,102852,11213,1254
09.26,132475,102852,11236,1329
09.27,133981,102852,11273,1506
09.28,134747,112296,11279,766
09.29,134965,112296,11280,218
09.30,135749,112296,11312,784
10.01,137047,112296,11355,1298
10.02,138584,112296,11433,1537
10.03,139534,112296,11495,950
10.04,140351,112296,11597,817
10.05,141034,120511,11647,683
10.06,141339,120511,11681,305
10.07,142056,120511,11702,717
10.08,143531,120511,11743,1475
10.09,145045,120511,12141,1514
10.10,145848,120511,12175,803
10.11,146828,120511,12188,980
10.12,147033,128134,12191,205
10.13,147315,128134,12218,282
10.14,148171,128134,12235,856
10.15,149083,128134,12264,912
10.16,150360,128134,12306,1277
10.17,151659,128134,12357,1299
10.18,152422,128134,12375,763
10.19,153289,134187,12387,867
10.20,153423,134187,12395,134
10.21,154115,134187,12404,692
10.22,155625,134187,12453,1510
10.23,156451,134187,12500,826
10.24,158270,134187,12528,1819
10.25,159614,134187,12542,1344
10.26,161635,141759,12553,2021
10.27,162178,141759,12573,543
10.28,163192,141759,12588,1014
10.29,164908,141759,12608,1716
10.30,166302,141759,12622,1394
10.31,167147,141759,12632,845
11.01,168192,141759,12670,1045
11.02,169194,149048,12684,1002
11.03,169562,149048,12692,368
11.04,170110,149048,12698,548
11.05,171433,149048,12704,1323
11.06,171783,149048,12730,350
11.07,172508,149048,12761,725
11.08,173486,149048,12815,978
11.09,174907,154956,12830,1421
11.10,175269,154956,12839,362
11.11,175711,154956,12849,442
11.12,176630,154956,12920,919
11.13,177513,154956,12946,883
11.14,178674,154956,12977,1161
11.15,179627,154956,12997,953
11.16,180295,160639,13008,668
11.17,180676,160639,13016,381
11.18,181104,160639,13025,428
11.19,182250,160639,13052,1146
11.20,183246,160639,13073,996
11.21,183840,160639,13095,594
11.22,184876,160639,13139,1036
11.23,185643,164009,13201,767
11.24,185944,164009,13225,301
11.25,186436,164009,13264,492
11.26,187230,164009,13288,794
11.27,188138,164009,13316,908
11.28,189534,164009,13358,1396
11.29,190909,164009,13371,1375
11.30,192117,169804,13423,1208
12.01,192685,169804,13461,568
12.02,193673,169804,13501,988
12.03,194876,169804,13562,1203
12.04,195884,169804,13612,1008
12.05,196482,169804,13696,598
12.06,197391,169804,13756,909
12.07,197998,174188,13778,607
12.08,198244,174188,13780,246
12.09,198752,174188,13794,508
12.10,199228,174188,13814,476
12.11,200379,174188,13850,1151
12.12,200765,174188,13858,386
12.13,201524,174188,13874,759
12.14,202110,177951,13875,586
12.15,202180,177951,13875,70
12.16,202356,177951,13896,176
12.17,203461,177951,13915,1105
12.18,204249,177951,13932,788
12.19,205003,177951,13942,754
12.20,205920,177951,13948,917
12.21,206257,177951,13948,337
12.22,206329,181618,13949,72
12.23,206364,181618,13949,35
12.24,207084,181618,13962,720
12.25,208010,181618,13977,926
12.26,208828,181618,13984,818
12.27,209274,181618,13990,446
12.28,209355,184507,13992,81
12.29,209758,184507,13994,403
12.30,210326,184507,14001,568
12.31,211512,184507,14023,1186
01.01,212512,184507,14034,1000
01.02,213378,184507,14051,866
01.03,214513,184507,14059,1135
01.04,214614,190350,14059,101
01.05,215080,190350,14069,466
01.06,216083,190350,14103,1003
01.07,217377,190350,14146,1294
01.08,218385,190350,14158,1008
01.09,219148,190350,14165,763
01.10,220349,190350,14177,1201
01.11,221070,190350,14177,721
01.12,221506,190350,14184,436
01.13,222567,193581,14196,1061
01.14,224315,193581,14229,1748
01.15,226002,193581,14246,1687
01.16,226866,193581,14273,864
01.17,230808,193581,14316,3942
01.18,231482,199332,14319,674
01.19,231644,199332,14322,162
01.20,232568,199332,14382,924
01.21,234315,199332,14437,1747
01.22,236189,199332,14526,1874
01.23,237158,199332,14562,969
01.24,238232,199332,14596,1074
01.25,241292,204071,14623,3060
01.26,241567,204071,14639,275
01.27,242146,204071,14668,579
01.28,243535,204071,14704,1389
01.29,246000,204071,14766,2465
01.30,246687,204071,14802,687
01.31,249779,204071,14851,3092
02.01,250828,209814,14859,1049
02.02,250986,209814,14890,158
02.03,251279,209814,14915,293
02.04,252390,209814,14949,1111
02.05,253339,209814,14968,949
02.06,255412,209814,14982,2073
02.07,257115,209814,15004,1703
02.08,258282,220398,15012,1167
02.09,258607,220398,15013,325
02.10,259783,220398,15086,1176
02.11,260076,220398,15116,293
02.12,262213,220398,15174,2137
02.13,263517,220398,15220,1304
02.14,265527,220398,15269,2010
02.15,267223,230377,15321,1696
02.16,267701,230377,15355,478
02.17,268073,230377,15392,372
02.18,268219,230377,15394,146
02.19,269860,230377,15444,1641
02.20,271276,230377,15474,1416
02.21,273097,230377,15513,1821
02.22,274673,238817,15536,1576
02.23,274968,238817,15547,295
02.24,275780,238817,15567,812
02.25,278779,238817,15634,2999
02.26,281169,238817,15669,2390
02.27,282599,238817,15713,1430
02.28,284347,238817,15779,1748
03.01,286155,247898,15811,1808
03.02,286367,247898,15832,212
03.03,286725,247898,15850,358
03.04,289472,247898,15921,2747
03.05,289735,247898,15959,263
03.06,291070,247898,15997,1335
03.07,292943,247898,16020,1873
03.08,294503,256009,16039,1560
03.09,294618,256009,16043,115
03.10,295114,256009,16069,496
03.11,296841,256009,16105,1727
03.12,297957,256009,16128,1116
03.13,299216,256009,16193,1259
03.14,300666,256009,16215,1450
03.15,302221,263164,16236,1555
03.16,302498,263164,16240,277
03.17,302854,263164,16259,356
03.18,305598,263164,16300,2744
03.19,307429,263164,16333,1831
03.20,309643,263164,16412,2214
03.21,310868,263164,16435,1225
03.22,312598,271847,16451,1730
03.23,312851,271847,16478,253
03.24,313570,271847,16504,719
03.25,316807,271847,16540,3237
03.26,318656,271847,16582,1849
03.27,321451,271847,16632,2795
03.28,322699,271847,16679,1248
03.29,324482,281684,16738,1783
03.30,324482,281684,16746,0
03.31,327325,281684,16780,2843
04.01,328755,281684,16847,1430
04.02,330388,281684,16877,1633
04.03,332038,281684,16910,1650
04.04,333175,281684,16929,1137
04.05,335681,290314,16956,2506
04.06,336777,290314,16987,1096
04.07,337702,290314,17004,925
04.08,339604,290314,17057,1902
04.09,341619,290314,17115,2015
04.10,342678,290314,17158,1059
04.11,344877,290314,17275,2199
04.12,346817,290314,17293,1940
04.13,347070,290314,17298,253
04.14,347589,298604,17351,519
04.15,350539,298604,17400,2950
04.16,355431,298604,17489,4892
04.17,355964,298604,17528,533
04.18,358157,298604,17641,2193
04.19,360546,309541,17703,2389
04.20,360563,309541,17703,17
04.21,361154,309541,17744,591
04.22,362843,309541,17804,1689
04.23,365393,309541,17965,2550
04.24,371306,309541,18062,5913
04.25,372754,309541,18158,1448
04.26,373362,318598,18177,608
04.27,374775,318598,18300,1413
04.28,375329,318598,18389,554
04.29,377662,318598,18470,2333
04.30,380689,318598,18552,3027
05.01,381862,318598,18631,1173
05.02,384589,318598,18724,2727
05.03,387299,329582,18740,2710
05.04,388046,329582,18765,747
05.05,391242,329582,18863,3196
05.06,393048,329582,18907,1806
05.07,395327,329582,19018,2279
05.08,396888,329582,19061,1561
05.09,398921,329582,19137,2033
05.10,400296,342878,19222,1375
05.11,402060,342878,19242,1764
05.12,402595,342878,19286,535
05.13,404632,342878,19349,2037
05.14,405783,342878,19442,1151
05.15,407002,342878,19514,1219
05.16,409520,342878,19692,2518
05.17,410129,354499,19699,609
05.18,410870,354499,19786,741
05.19,411466,354499,19877,596
05.20,412907,354499,19979,1441
05.21,415255,354499,20022,2348
05.22,416621,354499,20107,1366
05.23,417840,354499,20180,1219
05.24,418851,354499,20193,1011
05.25,419198,366425,20210,347
05.26,420167,366425,20227,969
05.27,421231,366425,20312,1064
05.28,422329,366425,20357,1098
05.29,423165,366425,20408,836
05.30,424741,366425,20485,1576
05.31,425841,375151,20545,1100
06.01,426037,375151,20572,196
06.02,427690,375151,20620,1653
06.03,428865,375151,20681,1175
06.04,429817,375151,20706,952
06.05,430739,375151,20755,922
06.06,431429,375151,20773,690
06.07,432353,398645,20809,924
06.08,432739,398645,20814,386
06.09,432985,398645,20831,246
06.10,433870,398645,20903,885
06.11,436023,398645,20949,2153
06.12,437121,398645,20997,1098
06.13,438108,398645,21018,987
06.14,438934,398645,21048,826
06.15,439139,398645,21051,205
06.16,439374,398645,21061,235
06.17,441180,407512,21153,1806
06.18,442341,407512,21175,1161
06.19,444395,407512,21234,2054
06.20,445586,407512,21284,1191
06.21,446441,415508,21293,855
06.22,446633,415508,21304,192
06.23,447176,415508,21315,543
06.24,449107,415508,21367,1931
06.25,449483,415508,21377,376
06.26,452234,415508,21433,2751
06.27,453365,415508,21485,1131
06.28,454336,423688,21523,971
06.29,455743,423688,21523,1407
06.30,457489,423688,21545,1746
07.01,458504,423688,21560,1015
07.02,458504,423688,21560,0
