,confirm,heal,dead,confirm_add
02.27,1,0,0,1
02.28,1,0,0,0
03.01,1,0,0,0
03.02,1,0,0,0
03.03,1,0,0,0
03.04,1,0,0,0
03.05,3,0,0,2
03.06,5,0,0,2
03.07,10,0,0,5
03.08,10,0,0,0
03.09,10,0,0,0
03.10,12,0,0,2
03.11,13,0,0,1
03.12,16,0,0,3
03.13,41,0,0,25
03.14,68,0,0,27
03.15,135,0,0,67
03.16,171,0,0,36
03.17,205,0,0,34
03.18,258,0,0,53
03.19,258,0,0,0
03.20,267,0,0,9
03.21,283,0,0,16
03.22,306,0,0,23
03.23,326,0,0,20
03.24,352,0,0,26
03.25,369,0,0,17
03.26,404,4,1,35
03.27,538,4,1,134
03.28,575,11,1,37
03.29,645,20,1,70
03.30,715,20,3,70
03.31,745,26,4,30
04.01,779,33,5,34
04.02,858,45,11,79
04.03,961,48,12,103
04.04,1018,59,13,57
04.05,1097,62,15,79
04.06,1108,62,19,11
04.07,1149,69,21,41
04.08,1185,72,24,36
04.09,1207,83,24,22
04.10,1258,93,24,51
04.11,1304,93,24,46
04.12,1309,98,25,5
04.13,1332,102,27,23
04.14,1373,115,31,41
04.15,1400,117,35,27
04.16,1434,133,36,34
04.17,1459,145,38,25
04.18,1512,162,38,53
04.19,1528,164,40,16
04.20,1535,165,40,7
04.21,1552,169,43,17
04.22,1559,184,44,7
04.23,1592,192,45,33
04.24,1605,206,46,13
04.25,1635,228,46,30
04.26,1643,233,49,8
04.27,1647,233,50,4
04.28,1660,240,50,13
04.29,1666,236,50,6
04.30,1689,249,52,23
05.01,1694,253,52,5
05.02,1699,256,53,5
05.03,1699,256,53,0
05.04,1703,259,55,4
05.05,1711,261,55,8
05.06,1713,264,55,2
05.07,1720,273,56,7
05.08,1725,704,56,5
05.09,1733,747,60,8
05.10,1739,750,60,6
05.11,1741,751,61,2
05.12,1746,777,61,5
05.13,1751,777,61,5
05.14,1758,909,62,7
05.15,1766,923,63,8
05.16,1770,934,63,4
05.17,1774,938,63,4
05.18,1784,938,64,10
05.19,1791,938,64,7
05.20,1794,956,64,3
05.21,1800,963,64,6
05.22,1807,1508,64,7
05.23,1821,1526,64,14
05.24,1823,1532,64,2
05.25,1824,1538,65,1
05.26,1834,1552,65,10
05.27,1840,1561,66,6
05.28,1851,1574,66,11
05.29,1859,1610,67,8
05.30,1865,1622,67,6
05.31,1869,1624,68,4
06.01,1870,1625,68,1
06.02,1870,1632,68,0
06.03,1870,1632,68,0
06.04,1890,1663,69,20
06.05,1910,1667,69,20
06.06,1931,1675,69,21
06.07,1939,1681,69,8
06.08,1940,1683,69,1
06.09,1947,1684,69,7
06.10,1958,1690,69,11
06.11,1965,1697,69,7
06.12,1970,1703,69,5
06.13,1973,1705,69,3
06.14,1973,1705,69,0
06.15,1974,1717,69,1
06.16,1975,1728,69,1
06.17,1977,1743,69,2
06.18,1977,1748,69,0
06.19,1979,1755,69,2
06.20,1981,1758,69,2
06.21,1981,1764,69,0
06.22,1981,1765,69,0
06.23,1982,1771,69,1
06.24,1983,1783,69,1
06.25,1984,1790,69,1
06.26,1986,1797,69,2
06.27,1986,1812,69,0
06.28,1987,1818,69,1
06.29,1987,1818,69,0
06.30,1989,1829,69,2
07.01,1989,1836,69,0
07.02,1990,1842,69,1
07.03,1991,1859,69,1
07.04,1993,1870,69,2
07.05,1993,1874,69,0
07.06,1994,1875,69,1
07.07,1995,1880,69,1
07.08,2003,1882,69,8
07.09,2011,1889,69,8
07.10,2013,1894,69,2
07.11,2014,1895,69,1
07.12,2014,1895,69,0
07.13,2014,1895,69,0
07.14,2015,1897,69,1
07.15,2016,1901,69,1
07.16,2016,1904,69,0
07.17,2020,1910,69,4
07.18,2021,1912,69,1
07.19,2021,1912,69,0
07.20,2021,1912,69,0
07.21,2022,1912,69,1
07.22,2025,1912,69,3
07.23,2027,1912,69,2
07.24,2028,1915,69,1
07.25,2033,1915,69,5
07.26,2034,1922,69,1
07.27,2034,1923,69,0
07.28,2038,1924,69,4
07.29,2042,1926,69,4
07.30,2051,1926,69,9
07.31,2064,1930,69,13
08.01,2072,1934,69,8
08.02,2079,1934,69,7
08.03,2080,1935,63,1
08.04,2091,1937,63,11
08.05,2113,1948,63,22
08.06,2124,1954,63,11
08.07,2133,1956,63,9
08.08,2147,1961,63,14
08.09,2152,1961,63,5
08.10,2158,1962,63,6
08.11,2167,1968,63,9
08.12,2174,1975,63,7
08.13,2174,1975,63,0
08.14,2177,1976,63,3
08.15,2184,1976,63,7
08.16,2190,1976,63,6
08.17,2192,1976,63,2
08.18,2200,1990,63,8
08.19,2207,2002,63,7
08.20,2227,2009,63,20
08.21,2244,2011,63,17
08.22,2265,2024,63,21
08.23,2272,2024,63,7
08.24,2275,2025,64,3
08.25,2294,2038,64,19
08.26,2311,2054,64,17
08.27,2325,2067,64,14
08.28,2343,2076,64,18
08.29,2363,2086,64,20
08.30,2373,2088,64,10
08.31,2375,2088,64,2
09.01,2395,2112,64,20
09.02,2415,2130,64,20
09.03,2441,2150,64,26
09.04,2456,2157,64,15
09.05,2491,2165,64,35
09.06,2516,2170,64,25
09.07,2532,2176,64,16
09.08,2564,2195,64,32
09.09,2585,2213,64,21
09.10,2600,2223,64,15
09.11,2632,2233,64,32
09.12,2655,2252,64,23
09.13,2676,2256,64,21
09.14,2698,2256,64,22
09.15,2722,2286,64,24
09.16,2756,2318,64,34
09.17,2778,2337,64,22
09.18,2814,2357,64,36
09.19,2875,2374,64,61
09.20,2924,2377,64,49
09.21,2941,2379,64,17
09.22,2976,2385,64,35
09.23,3033,2387,64,57
09.24,3076,2395,64,43
09.25,3118,2417,64,42
09.26,3165,2499,64,47
09.27,3200,2506,64,35
09.28,3267,2513,64,67
09.29,3315,2564,64,48
09.30,3371,2605,64,56
10.01,3450,2643,65,79
10.02,3507,2675,66,57
10.03,3577,2727,67,70
10.04,3607,2749,67,30
10.05,3617,2755,67,10
10.06,3659,2806,67,42
10.07,3684,2813,67,25
10.08,3760,2824,67,76
10.09,3809,2906,68,49
10.10,3846,2946,68,37
10.11,3865,2958,68,19
10.12,3883,2967,68,18
10.13,3908,3015,68,25
10.14,3947,3060,68,39
10.15,3980,3093,68,33
10.16,4017,3137,68,37
10.17,4052,3198,68,35
10.18,4078,3211,68,26
10.19,4085,3229,68,7
10.20,4127,3270,71,42
10.21,4171,3334,71,44
10.22,4247,3366,71,76
10.23,4300,3418,73,53
10.24,4351,3441,73,51
10.25,4411,3457,73,60
10.26,4428,3505,73,17
10.27,4465,3561,73,37
10.28,4590,3626,73,125
10.29,4671,3684,73,81
10.30,4771,3747,73,100
10.31,4905,3811,73,134
11.01,4985,3824,73,80
11.02,5046,3832,73,61
11.03,5125,3904,73,79
11.04,5333,3954,73,208
11.05,5464,4032,73,131
11.06,5705,4103,73,241
11.07,5933,4184,73,228
11.08,6125,4193,75,192
11.09,6250,4205,76,125
11.10,6250,4205,76,0
11.11,6376,4219,76,126
11.12,6881,4453,76,505
11.13,7148,4551,80,267
11.14,7412,4708,80,264
11.15,7637,4741,81,225
11.16,7848,4749,81,211
11.17,8033,4977,84,185
11.18,8304,5120,85,271
11.19,8715,5264,86,411
11.20,9076,5296,87,361
11.21,9375,5661,87,299
11.22,9724,5699,88,349
11.23,9956,5720,92,232
11.24,10159,6014,94,203
11.25,10541,6052,97,382
11.26,10955,6497,99,414
11.27,11323,6710,104,368
11.28,11698,6974,109,375
11.29,12052,7010,112,354
11.30,12308,7078,118,256
12.01,12497,7536,121,189
12.02,13019,7608,122,522
12.03,13469,8182,123,450
12.04,13939,8549,125,470
12.05,14500,8919,126,561
12.06,14978,8959,131,478
12.07,15226,9009,134,248
12.08,15510,9446,137,284
12.09,16054,9860,139,544
12.10,16598,9945,141,544
12.11,16956,10533,142,358
12.12,17713,10626,148,757
12.13,18055,11037,149,342
12.14,18385,11121,154,330
12.15,18682,11669,157,297
12.16,19271,12117,160,589
12.17,20004,12533,164,733
12.18,20658,12922,168,654
12.19,21219,13488,170,561
12.20,21794,13590,174,575
12.21,22083,13677,181,289
12.22,22647,14395,187,564
12.23,23309,14898,192,662
12.24,24009,15393,195,700
12.25,24582,15543,202,573
12.26,25027,15688,204,445
12.27,25392,15822,204,365
12.28,25808,15921,213,416
12.29,26283,16965,221,475
12.30,27256,17664,226,973
12.31,27990,18326,229,734
01.01,28406,19027,234,416
01.02,28789,19205,241,383
01.03,29131,19323,244,342
01.04,29521,19453,251,390
01.05,29950,20507,258,429
01.06,30667,21071,261,717
01.07,31751,21567,265,1084
01.08,32537,22124,270,786
01.09,33089,22752,278,552
01.10,33516,22876,283,427
01.11,33805,23007,287,289
01.12,34138,23811,292,333
01.13,34991,24360,301,853
01.14,35621,25032,311,630
01.15,36096,25553,316,475
01.16,36691,26225,320,595
01.17,37079,26443,325,388
01.18,37344,26669,333,265
01.19,37941,27416,344,597
01.20,38544,28107,349,603
01.21,39212,28743,354,668
01.22,39701,29167,358,489
01.23,40184,29747,368,483
01.24,40716,30010,376,532
01.25,40975,30120,383,259
01.26,41330,31039,392,355
01.27,41966,31695,398,636
01.28,42656,32398,406,690
01.29,43343,32968,409,687
01.30,43747,33056,411,404
01.31,44208,33738,419,461
02.01,44575,33948,422,367
02.02,44978,34927,424,403
02.03,45663,35677,433,685
02.04,46334,36329,443,671
02.05,46925,36881,447,591
02.06,47512,37648,456,587
02.07,47928,37785,461,416
02.08,48267,37908,466,339
02.09,48809,38730,474,542
02.10,49605,39386,477,796
02.11,50280,39928,480,675
02.12,50993,40476,486,713
02.13,51749,41199,491,756
02.14,52416,41327,495,667
02.15,52827,41461,501,411
02.16,53444,42403,508,617
02.17,54300,43054,510,856
02.18,55295,43663,514,995
02.19,56246,44248,518,951
02.20,57033,45080,528,787
02.21,57616,45233,535,583
02.22,58445,45352,540,829
02.23,59407,46335,553,962
02.24,60475,47139,557,1068
02.25,61627,47460,567,1152
02.26,62830,48491,575,1203
02.27,64399,49709,584,1569
02.28,65600,49908,589,1201
03.01,66628,50103,598,1028
03.02,67739,50351,605,1111
03.03,69193,50640,615,1454
03.04,70610,53360,623,1417
03.05,72144,54126,637,1534
03.06,73684,55161,644,1540
03.07,75003,55396,653,1319
03.08,76183,55641,667,1180
03.09,77491,57206,669,1308
03.10,78973,57463,677,1482
03.11,80929,57716,686,1956
03.12,82286,58043,695,1357
03.13,83872,59385,710,1586
03.14,84807,59744,719,935
03.15,86086,60007,728,1279
03.16,87548,60376,739,1462
03.17,89331,60743,745,1783
03.18,91031,64690,758,1700
03.19,92780,65039,769,1749
03.20,94028,67498,780,1248
03.21,95401,67814,787,1373
03.22,96394,68249,797,993
03.23,97456,70346,809,1062
03.24,99008,70913,823,1552
03.25,100437,71376,836,1429
03.26,101587,72025,847,1150
03.27,102738,76631,860,1151
03.28,103630,77270,868,892
03.29,104214,77867,879,584
03.30,105416,80092,896,1202
03.31,106424,81859,902,1008
04.01,107253,83417,908,829
04.02,108418,85053,922,1165
04.03,108937,85900,931,519
04.04,109399,86524,941,462
04.05,109781,87092,950,382
04.06,110680,89105,964,899
04.07,111664,90551,976,984
04.08,112421,91789,990,757
04.09,113098,92862,1006,677
04.10,113098,92862,1006,0
04.11,114174,94807,1028,1076
04.12,114443,95246,1037,269
04.13,115080,96844,1049,637
04.14,115629,97889,1057,549
04.15,116200,99096,1064,571
04.16,116678,100176,1070,478
04.17,117011,101471,1082,333
04.18,117554,101879,1092,543
04.19,117782,102226,1100,228
04.20,118317,103586,1104,535
04.21,118789,104653,1109,472
04.22,119218,105471,1120,429
04.23,119610,106255,1126,392
04.24,120000,107298,1137,390
04.25,120000,107298,1137,0
04.26,120378,107906,1145,378
04.27,120836,108968,1148,458
04.28,121232,109860,1148,396
04.29,121657,110599,1158,425
04.30,122019,111274,1161,362
05.01,122450,112007,1166,431
05.02,122685,112267,1168,235
05.03,122943,112480,1172,258
05.04,123344,113396,1177,401
05.05,123781,114033,1183,437
05.06,124147,114618,1187,366
05.07,124529,115060,1193,382
05.08,124901,115699,1195,372
05.09,125126,115908,1201,225
05.10,125337,116024,1204,211
05.11,125696,116648,1206,359
05.12,126064,117108,1210,368
05.13,126364,117582,1212,300
05.14,126642,118008,1217,278
05.15,126922,118553,1220,280
05.16,127053,118678,1222,131
05.17,127206,118772,1223,153
05.18,127500,119428,1229,294
05.19,127757,119608,1232,257
05.20,128084,119799,1235,327
05.21,128309,120140,1239,225
05.22,128489,120625,1240,180
05.23,128592,120886,1240,103
05.24,128669,121114,1241,77
05.25,128829,121580,1241,160
05.26,129014,121919,1242,185
05.27,129158,122277,1244,144
05.28,129297,122542,1247,139
05.29,129424,122918,1250,127
05.30,129486,122997,1251,62
05.31,129544,123073,1252,58
06.01,129674,123237,1258,130
06.02,129804,123589,1259,130
06.03,129909,124033,1260,105
06.04,130005,124161,1260,96
06.05,130068,124576,1262,63
06.06,130119,124659,1263,51
06.07,130156,124716,1264,37
06.08,130242,124991,1264,86
06.09,130310,125191,1265,68
06.10,130364,125356,1266,54
06.11,130418,125528,1266,54
06.12,130473,125715,1266,55
06.13,130510,125753,1266,37
06.14,130538,125798,1266,28
06.15,130599,125929,1266,61
06.16,130658,126188,1266,59
06.17,130695,126380,1267,37
06.18,130751,126486,1267,56
06.19,130781,126631,1267,30
06.20,130806,126664,1268,25
06.21,130818,126696,1268,12
06.22,130855,126798,1269,37
06.23,130880,126910,1269,25
06.24,130898,126968,1269,18
06.25,130908,127046,1269,10
06.26,130941,127130,1269,33
06.27,130968,127149,1269,27
06.28,130983,127161,1269,15
06.29,131028,127220,1269,45
06.30,131064,127351,1269,36
07.01,131085,127416,1269,21
07.02,131085,127416,1269,0
