,confirm,heal,dead,confirm_add
03.13,1,0,0,1
03.14,1,0,0,0
03.15,4,0,0,3
03.16,5,0,0,1
03.17,5,0,0,0
03.18,6,0,0,1
03.19,6,0,0,0
03.20,9,0,0,3
03.21,9,0,0,0
03.22,11,4,0,2
03.23,11,0,0,0
03.24,12,4,0,1
03.25,12,0,0,0
03.26,12,0,0,0
03.27,16,4,0,4
03.28,16,1,0,0
03.29,19,1,0,3
03.30,23,2,0,7
03.31,25,2,0,2
04.01,29,2,0,4
04.02,29,3,0,0
04.03,35,3,0,6
04.04,38,4,0,3
04.05,43,4,1,5
04.06,44,4,2,1
04.07,52,4,2,8
04.08,55,4,2,3
04.09,56,4,2,1
04.10,65,4,2,9
04.11,69,10,3,4
04.12,71,10,3,2
04.13,74,14,3,3
04.14,82,14,3,8
04.15,85,15,3,3
04.16,92,15,3,7
04.17,96,15,3,4
04.18,105,16,3,9
04.19,108,16,3,3
04.20,111,16,3,3
04.21,114,16,3,3
04.22,116,21,3,2
04.23,116,21,3,0
04.24,117,25,3,1
04.25,122,29,3,5
04.26,123,41,3,1
04.27,124,50,3,1
04.28,126,50,3,2
04.29,130,58,3,4
04.30,131,59,3,1
05.01,133,66,3,2
05.02,133,69,3,0
05.03,133,69,3,0
05.04,140,75,3,7
05.05,145,91,4,5
05.06,162,93,4,17
05.07,187,93,4,25
05.08,194,95,4,7
05.09,210,97,5,16
05.10,239,99,5,29
05.11,250,105,5,11
05.12,261,106,5,11
05.13,263,108,5,2
05.14,272,108,5,9
05.15,287,112,5,15
05.16,306,113,5,19
05.17,317,113,5,11
05.18,352,116,5,35
05.19,365,120,5,13
05.20,389,122,5,24
05.21,398,123,5,9
05.22,429,128,5,31
05.23,494,151,5,65
05.24,582,152,5,88
05.25,655,159,5,73
05.26,701,167,6,46
05.27,731,181,6,30
05.28,831,191,7,100
05.29,968,197,8,137
05.30,1063,208,8,95
05.31,1172,209,11,109
06.01,1257,217,12,85
06.02,1344,231,14,87
06.03,1344,231,14,0
06.04,1636,250,18,292
06.05,1805,262,19,169
06.06,1934,281,20,129
06.07,2020,344,27,86
06.08,2156,361,27,136
06.09,2336,379,32,180
06.10,2336,379,32,0
06.11,2670,434,40,334
06.12,2915,451,47,245
06.13,3166,495,55,251
06.14,3345,545,57,179
06.15,3521,620,60,176
06.16,3630,738,61,109
06.17,3759,849,63,129
06.18,3954,934,65,195
06.19,4070,1027,72,116
06.20,4469,1029,72,399
06.21,4532,1213,74,63
06.22,4663,1297,75,131
06.23,4848,1412,75,185
06.24,5034,1486,78,186
06.25,5175,1544,81,141
06.26,5425,1688,89,250
06.27,5425,1688,89,0
06.28,5689,2132,98,264
06.29,5846,2430,103,157
06.30,5846,2430,103,0
07.01,5846,2430,103,0
07.02,5846,2430,103,0
07.03,5846,2430,103,0
07.04,5846,2430,103,0
07.05,5846,2430,103,0
07.06,5846,2430,103,0
07.07,5846,2430,103,0
07.08,5846,2430,103,0
07.09,6774,2430,120,928
07.10,6973,2430,120,199
07.11,7120,2430,124,147
07.12,7402,2430,124,282
07.13,7766,2430,128,364
07.14,7766,2430,128,0
07.15,7969,2430,139,203
07.16,8181,2430,146,212
07.17,8475,2430,148,294
07.18,8803,2430,150,328
07.19,9147,2430,163,344
07.20,9503,2430,167,356
07.21,10207,2430,170,704
07.22,11072,5448,180,865
07.23,11524,5506,188,452
07.24,11933,5645,197,409
07.25,13248,5966,209,1315
07.26,13248,5966,209,0
07.27,13968,6216,223,720
07.28,14547,6386,228,579
07.29,15200,6526,239,653
07.30,15810,6685,253,610
07.31,16615,6763,263,805
08.01,17530,6950,274,915
08.02,17999,7195,284,469
08.03,18706,7601,310,707
08.04,19289,7931,336,583
08.05,20336,8598,356,1047
08.06,20336,8598,356,0
08.07,20900,9027,365,564
08.08,21452,9415,380,552
08.09,22253,9707,390,801
08.10,22818,10206,407,565
08.11,23591,10411,420,773
08.12,24175,10696,440,584
08.13,25118,11034,463,943
08.14,26204,11428,479,1086
08.15,27242,11660,492,1038
08.16,28894,12037,509,1652
08.17,29876,12359,528,982
08.18,31336,12524,544,1460
08.19,32722,12938,572,1386
08.20,34058,13308,600,1336
08.21,35836,13536,620,1778
08.22,37665,13913,637,1829
08.23,39033,14480,662,1368
08.24,40671,14995,678,1638
08.25,42143,15262,692,1472
08.26,43688,15796,709,1545
08.27,45221,16311,725,1533
08.28,46407,16829,745,1186
08.29,48140,17415,758,1733
08.30,49654,18116,770,1514
08.31,51122,18382,793,1468
09.01,52131,18994,809,1009
09.02,53304,19487,828,1173
09.03,54409,19903,846,1105
09.04,55213,20283,856,804
09.05,56516,20612,880,1303
09.06,57466,20776,897,950
09.07,58672,21307,918,1206
09.08,59648,21789,933,976
09.09,60784,22677,949,1136
09.10,61700,23054,966,916
09.11,62578,23640,974,878
09.12,63367,24024,986,789
09.13,63888,24493,996,521
09.14,64301,24983,1013,413
09.15,64786,25333,1022,485
09.16,65486,25988,1035,700
09.17,66224,26665,1045,738
09.18,66913,27085,1060,689
09.19,67515,27638,1072,602
09.20,68131,27939,1089,616
09.21,68820,28314,1096,689
09.22,69709,28634,1108,889
09.23,70422,28991,1127,713
09.24,71083,29253,1141,661
09.25,71687,29461,1148,604
09.26,72173,29863,1155,486
09.27,72700,30029,1165,527
09.28,73332,30363,1170,632
09.29,73944,30753,1177,612
09.30,74584,30952,1191,640
10.01,75368,31204,1198,784
10.02,76098,31430,1205,730
10.03,76988,31677,1208,890
10.04,77860,32325,1214,872
10.05,78819,33060,1222,959
10.06,79437,34016,1230,618
10.07,80003,34960,1238,566
10.08,80895,35670,1255,892
10.09,81797,36434,1262,902
10.10,82662,37102,1271,865
10.11,83429,37683,1277,767
10.12,84295,38316,1287,866
10.13,85136,38904,1301,841
10.14,85718,39307,1305,582
10.15,86430,40165,1312,712
10.16,87169,40988,1325,739
10.17,87834,41628,1337,665
10.18,88434,42099,1346,600
10.19,89137,42649,1352,703
10.20,89860,43149,1365,723
10.21,90490,43638,1371,630
10.22,91118,44506,1384,628
10.23,91693,45260,1396,575
10.24,92229,46118,1400,536
10.25,92858,46842,1419,629
10.26,93343,47543,1426,485
10.27,93707,48150,1437,364
10.28,94218,48968,1445,511
10.29,94820,49886,1451,602
10.30,95301,50753,1457,481
10.31,95789,51713,1464,488
11.01,96169,52517,1469,380
11.02,96583,53452,1478,414
11.03,96942,54405,1489,359
11.04,97502,55254,1494,560
11.05,97881,56156,1503,379
11.06,98391,57114,1508,510
11.07,98746,58103,1512,355
11.08,99201,58948,1518,455
11.09,99675,59766,1523,474
11.10,99982,60710,1530,307
11.11,100327,61516,1537,345
11.12,100727,62497,1545,400
11.13,101248,63268,1554,521
11.14,101757,63571,1558,509
11.15,102321,63675,1565,564
11.16,102720,63866,1569,399
11.17,103056,64130,1581,336
11.18,103395,64293,1588,339
11.19,103928,64593,1601,533
11.20,104427,64983,1607,499
11.21,104879,65325,1620,452
11.22,105352,65534,1636,473
11.23,105785,65691,1647,433
11.24,106203,65839,1651,418
11.25,106591,66018,1661,388
11.26,107109,66574,1664,518
11.27,107669,67001,1672,560
11.28,108438,67506,1686,769
11.29,108930,68250,1695,492
11.30,109534,69315,1700,604
12.01,110074,73808,1706,540
12.02,110554,74917,1709,480
12.03,110984,76067,1715,430
12.04,111579,77385,1724,595
12.05,112091,78619,1734,512
12.06,112740,79579,1745,649
12.07,113295,80831,1747,555
12.08,113735,82803,1755,440
12.09,114266,84948,1766,531
12.10,114834,87244,1769,568
12.11,115360,88975,1779,526
12.12,115782,91209,1791,422
12.13,116297,92449,1803,515
12.14,116769,93890,1806,472
12.15,117242,95225,1809,473
12.16,117542,96307,1813,300
12.17,118006,97969,1818,464
12.18,118481,99751,1831,475
12.19,119025,100859,1843,544
12.20,119494,102153,1846,469
12.21,119951,102980,1853,457
12.22,120348,103681,1861,397
12.23,120638,104818,1864,290
12.24,120989,105824,1870,351
12.25,121399,106845,1882,410
12.26,121880,107599,1897,481
12.27,122413,108269,1901,533
12.28,122864,109293,1909,451
12.29,123145,109846,1912,281
12.30,123388,110739,1913,243
12.31,123856,111870,1918,468
01.01,124264,112096,1923,408
01.02,124652,112251,1937,388
01.03,125049,112325,1944,397
01.04,125622,112367,1948,573
01.05,125919,112610,1950,297
01.06,126241,112813,1963,322
01.07,126786,112974,1965,545
01.08,127227,113021,1966,441
01.09,127572,113182,1974,345
01.10,127792,113295,1985,220
01.11,128316,113374,1994,524
01.12,128616,113563,2003,300
01.13,128992,114262,2004,376
01.14,129455,114567,2006,463
01.15,129922,114749,2008,467
01.16,130326,115428,2023,404
01.17,130772,116045,2029,446
01.18,131195,116147,2030,423
01.19,131546,116335,2033,351
01.20,131727,116392,2037,181
01.21,132034,117353,2044,307
01.22,132326,118006,2057,292
01.23,132881,118513,2060,555
01.24,133298,118730,2063,417
01.25,133767,119416,2066,469
01.26,134132,120199,2071,365
01.27,134569,120748,2075,437
01.28,135045,121594,2083,476
01.29,135594,121860,2085,549
01.30,136365,121987,2087,771
01.31,137021,122588,2091,656
02.01,137650,122862,2093,629
02.02,138384,122968,2103,734
02.03,138861,123806,2116,477
02.04,139408,123988,2122,547
02.05,140157,124242,2126,749
02.06,140883,125241,2136,726
02.07,141453,125531,2145,570
02.08,142338,125619,2148,885
02.09,142994,125756,2156,656
02.10,143566,126004,2158,572
02.11,144249,126797,2167,683
02.12,144862,127622,2171,613
02.13,145548,127864,2177,686
02.14,145704,128019,2181,156
02.15,147092,128742,2194,1388
02.16,147825,128946,2209,733
02.17,148490,129145,2223,665
02.18,149308,130124,2237,818
02.19,150179,130399,2249,871
02.20,151016,130566,2259,837
02.21,151857,131241,2271,841
02.22,152806,131366,2279,949
02.23,153541,131713,2293,735
02.24,154257,133051,2305,716
02.25,155234,133438,2316,977
02.26,156112,133607,2321,878
02.27,157047,134561,2340,935
02.28,158053,134736,2354,1006
03.01,159072,134858,2365,1019
03.02,159972,135177,2373,900
03.03,160813,136079,2386,841
03.04,161974,136443,2391,1161
03.05,162954,137203,2394,980
03.06,164073,137431,2404,1119
03.07,165029,137785,2420,956
03.08,166138,138500,2429,1109
03.09,167133,138639,2442,995
03.10,168335,139532,2451,1202
03.11,169878,140035,2466,1543
03.12,171210,140840,2483,1332
03.13,172571,141195,2510,1361
03.14,174054,142041,2540,1483
03.15,175467,143710,2550,1413
03.16,176618,143828,2555,1151
03.17,178108,144488,2573,1490
03.18,179812,145019,2592,1704
03.19,181869,145349,2602,2057
03.20,183863,145687,2618,1994
03.21,185641,146273,2647,1778
03.22,187365,147452,2659,1724
03.23,188902,148571,2674,1537
03.24,190594,149590,2693,1692
03.25,192575,150642,2718,1981
03.26,194524,151172,2741,1949
03.27,196621,152508,2769,2097
03.28,198794,153236,2784,2173
03.29,200563,154323,2801,1769
03.30,200563,154323,2801,0
03.31,200563,154323,2801,0
04.01,206589,158109,2865,6026
04.02,208961,159436,2890,2372
04.03,211314,159929,2915,2353
04.04,213311,161226,2936,1997
04.05,215189,161968,2963,1878
04.06,217327,163022,3000,2138
04.07,219381,163956,3025,2054
04.08,221544,166135,3058,2163
04.09,223665,166752,3078,2121
04.10,225516,167945,3111,1851
04.11,227255,169038,3146,1739
04.12,228996,170633,3174,1741
04.13,230944,171980,3208,1948
04.14,232512,173818,3230,1568
04.15,234405,174591,3252,1893
04.16,236554,175879,3285,2149
04.17,238527,177629,3300,1973
04.18,240236,178705,3328,1709
04.19,242028,179315,3370,1792
04.20,243631,180645,3392,1603
04.21,245155,181935,3439,1524
04.22,246484,183932,3474,1329
04.23,247989,185107,3496,1505
04.24,249292,188080,3511,1303
04.25,250955,190013,3531,1663
04.26,252279,192747,3551,1324
04.27,253120,193497,3570,841
04.28,254044,195547,3605,924
04.29,255288,196424,3639,1244
04.30,256418,197916,3658,1130
05.01,257442,198862,3688,1024
05.02,258062,200148,3709,620
05.03,258384,200508,3726,322
05.04,258813,201156,3757,429
05.05,259354,202679,3772,541
05.06,260139,203408,3795,785
05.07,260802,205458,3822,663
05.08,261580,206870,3840,778
05.09,262217,208314,3871,637
05.10,262702,210030,3888,485
05.11,263120,211493,3897,418
05.12,263672,212567,3911,552
05.13,264367,214808,3938,695
05.14,264960,215734,3951,593
05.15,265413,217370,3964,453
05.16,265832,218866,3976,419
05.17,266264,219566,3996,432
05.18,266646,220642,4008,382
05.19,267100,221451,4021,454
05.20,267597,222560,4038,497
05.21,268035,223993,4048,438
05.22,268520,225480,4060,485
05.23,268901,227080,4068,381
05.24,269194,228757,4076,293
05.25,269500,230784,4084,306
05.26,269782,231635,4093,282
05.27,270180,233216,4108,398
05.28,270527,234426,4127,347
05.29,270944,235850,4139,417
05.30,271200,236774,4143,256
05.31,271345,237544,4155,145
06.01,271541,238734,4165,196
06.02,271790,239475,4171,249
06.03,272036,242442,4178,246
06.04,272285,243378,4185,249
06.05,272632,244650,4193,347
06.06,272805,245648,4201,173
06.07,272914,246247,4209,109
06.08,273024,246883,4213,110
06.09,273175,247502,4220,151
06.10,273398,248285,4226,223
06.11,273678,249028,4231,280
06.12,273892,249471,4235,214
06.13,274028,250089,4237,136
06.14,274187,250664,4242,159
06.15,274346,251107,4250,159
06.16,274480,251880,4257,134
06.17,274601,252451,4260,121
06.18,274775,253195,4262,174
06.19,274899,253634,4276,124
06.20,275036,254296,4280,137
06.21,275194,254948,4283,158
06.22,275318,255502,4286,124
06.23,275391,255962,4290,73
06.24,275502,256787,4292,111
06.25,275601,257429,4296,99
06.26,275769,258203,4302,168
06.27,275881,258491,4309,112
06.28,275935,259044,4314,54
06.29,275974,259617,4315,39
06.30,276037,260302,4320,63
07.01,276174,260372,4320,137
07.02,276174,260372,4320,0
