,confirm,heal,dead,confirm_add
03.13,1,0,0,1
03.14,1,0,0,0
03.15,1,0,0,0
03.16,1,0,0,0
03.17,1,0,0,0
03.18,3,0,0,2
03.19,3,0,0,0
03.20,4,0,1,1
03.21,4,0,1,0
03.22,5,0,1,1
03.23,5,0,1,0
03.24,6,0,1,1
03.25,6,0,1,0
03.26,7,0,1,1
03.27,7,0,1,2
03.28,7,0,1,0
03.29,7,0,1,0
03.30,7,0,1,0
03.31,16,0,1,9
04.01,18,0,1,2
04.02,18,0,1,0
04.03,21,1,1,3
04.04,21,1,1,0
04.05,21,1,1,0
04.06,24,1,1,3
04.07,30,1,1,6
04.08,30,1,1,0
04.09,34,1,1,4
04.10,44,1,1,10
04.11,44,1,1,0
04.12,49,1,1,5
04.13,57,1,1,8
04.14,57,1,1,0
04.15,80,4,1,23
04.16,80,4,1,0
04.17,95,6,1,15
04.18,108,7,1,13
04.19,108,7,1,0
04.20,109,7,1,1
04.21,120,7,1,11
04.22,156,16,1,36
04.23,166,24,2,10
04.24,167,24,2,1
04.25,172,26,3,5
04.26,176,30,3,4
04.27,176,30,3,0
04.28,211,43,3,35
04.29,238,53,3,27
04.30,276,67,3,38
05.01,276,67,3,0
05.02,276,67,3,0
05.03,335,85,5,59
05.04,335,85,5,0
05.05,367,93,6,32
05.06,397,93,6,30
05.07,439,99,8,42
05.08,504,110,8,65
05.09,620,110,8,116
05.10,661,110,8,41
05.11,661,110,8,0
05.12,802,127,9,141
05.13,863,137,9,61
05.14,1004,152,9,141
05.15,1104,182,10,100
05.16,1209,219,10,105
05.17,1320,244,11,111
05.18,1320,244,11,0
05.19,1432,301,11,112
05.20,1502,318,12,70
05.21,1567,365,12,65
05.22,1567,365,12,0
05.23,1728,402,12,161
05.24,1934,459,12,206
05.25,1934,459,12,0
05.26,2135,562,14,201
05.27,2238,593,14,103
05.28,2319,631,14,81
05.29,2431,668,14,112
05.30,2613,709,15,182
05.31,2655,722,17,42
06.01,2655,722,17,0
06.02,2655,722,17,0
06.03,2803,779,20,148
06.04,2902,801,20,99
06.05,2955,818,21,53
06.06,3101,833,21,146
06.07,3101,833,21,0
06.08,3101,833,21,0
06.09,3101,833,21,0
06.10,3247,938,21,146
06.11,3375,978,22,128
06.12,3463,1024,23,88
06.13,3463,1024,23,0
06.14,3463,1024,23,0
06.15,3463,1024,23,0
06.16,4033,1334,27,570
06.17,4114,1432,29,81
06.18,4229,1505,30,115
06.19,4340,1657,32,111
06.20,4428,1750,34,88
06.21,4428,1750,34,0
06.22,4428,1750,34,0
06.23,4739,2002,39,311
06.24,4849,2107,39,110
06.25,4956,2177,39,107
06.26,5087,2270,40,131
06.27,5209,2327,40,122
06.28,5209,2327,40,0
06.29,5209,2327,40,0
06.30,5394,2420,42,185
07.01,5394,2420,42,0
07.02,5513,2508,42,119
07.03,5513,2508,42,0
07.04,5620,2555,44,107
07.05,5620,2555,44,0
07.06,5620,2555,44,0
07.07,5743,2574,46,123
07.08,5743,2574,46,0
07.09,5871,2682,46,128
07.10,5871,2682,46,0
07.11,5942,3004,46,71
07.12,5942,3004,46,0
07.13,5942,3004,46,0
07.14,6026,3475,46,84
07.15,6026,3475,46,0
07.16,6121,3664,46,95
07.17,6121,3664,46,0
07.18,6315,3865,46,194
07.19,6315,3865,46,0
07.20,6315,3865,46,0
07.21,6433,4034,46,118
07.22,6433,4034,46,0
07.23,6588,4235,47,155
07.24,6588,4235,47,0
07.25,6984,4463,49,396
07.26,6984,4463,49,0
07.27,6984,4463,49,0
07.28,7189,4682,49,205
07.29,7189,4682,49,0
07.30,7352,4943,49,163
07.31,7352,4943,49,0
08.01,7352,4943,49,0
08.02,7531,5223,50,179
08.03,7531,5223,50,0
08.04,7646,5408,51,115
08.05,7646,5408,51,0
08.06,7787,5609,51,141
08.07,7787,5609,51,0
08.08,7923,5704,51,136
08.09,7923,5704,51,0
08.10,7923,5704,51,0
08.11,8006,5823,51,83
08.12,8006,5823,51,0
08.13,8077,5920,51,71
08.14,8077,5920,51,0
08.15,8225,6277,51,148
08.16,8225,6277,51,0
08.17,8225,6277,51,0
08.18,8270,6404,53,45
08.19,8270,6404,53,0
08.20,8319,6614,53,49
08.21,8319,6614,53,0
08.22,8388,6734,53,69
08.23,8388,6734,53,0
08.24,8388,6734,53,0
08.25,8409,6959,53,21
08.26,8409,6959,53,0
08.27,8468,7066,53,59
08.28,8468,7066,53,0
08.29,8505,7187,53,37
08.30,8505,7187,53,0
08.31,8505,7187,53,0
09.01,8533,7264,53,28
09.02,8533,7264,53,0
09.03,8538,7335,53,5
09.04,8538,7335,53,0
09.05,8601,7424,53,63
09.06,8601,7424,53,0
09.07,8601,7424,53,0
09.08,8608,7533,53,7
09.09,8608,7533,53,0
09.10,8621,7618,53,13
09.11,8621,7618,53,0
09.12,8643,7706,53,22
09.13,8643,7706,53,0
09.14,8643,7706,53,0
09.15,8654,7785,53,11
09.16,8654,7785,53,0
09.17,8678,7827,53,24
09.18,8678,7827,53,0
09.19,8696,7848,53,18
09.20,8696,7848,53,0
09.21,8696,7848,53,0
09.22,8704,7875,54,8
09.23,8704,7875,54,0
09.24,8716,7906,54,12
09.25,8716,7906,54,0
09.26,8728,7934,54,12
09.27,8728,7934,54,0
09.28,8728,7934,54,0
09.29,8728,7934,54,0
09.30,8752,7955,54,24
10.01,8766,8005,54,14
10.02,8766,8005,54,0
10.03,8797,8067,54,31
10.04,8797,8067,54,0
10.05,8797,8067,54,0
10.06,8808,8135,54,11
10.07,8808,8135,54,0
10.08,8815,8164,54,7
10.09,8815,8164,54,0
10.10,8835,8189,54,20
10.11,8835,8189,54,0
10.12,8835,8189,54,0
10.13,8860,8298,54,25
10.14,8860,8298,54,0
10.15,8869,8395,54,9
10.16,8869,8395,54,0
10.17,8881,8430,54,12
10.18,8881,8430,54,0
10.19,8881,8430,54,0
10.20,8884,8452,54,3
10.21,8884,8452,54,0
10.22,8901,8479,54,17
10.23,8901,8479,54,0
10.24,8919,8512,54,18
10.25,8919,8512,54,0
10.26,8919,8512,54,0
10.27,8937,8548,54,18
10.28,8937,8548,54,0
10.29,8957,8619,55,20
10.30,8957,8619,55,0
10.31,8968,8698,55,11
11.01,8968,8698,55,0
11.02,8968,8698,55,0
11.03,8984,8779,55,16
11.04,8984,8779,55,0
11.05,9005,8846,55,21
11.06,9005,8846,55,0
11.07,9022,8878,55,17
11.08,9022,8878,55,0
11.09,9022,8878,55,0
11.10,9029,8899,57,7
11.11,9029,8899,57,0
11.12,9048,8922,57,19
11.13,9048,8922,57,0
11.14,9062,8939,58,14
11.15,9062,8939,58,0
11.16,9062,8939,58,0
11.17,9084,8957,58,22
11.18,9084,8957,58,0
11.19,9084,8957,58,0
11.20,9116,8965,59,32
11.21,9131,8976,59,15
11.22,9131,8976,59,0
11.23,9131,8976,59,0
11.24,9150,8999,59,19
11.25,9150,8999,59,0
11.26,9173,9016,59,23
11.27,9173,9016,59,0
11.28,9191,9037,59,18
11.29,9191,9037,59,0
11.30,9191,9037,59,0
12.01,9214,9066,60,23
12.02,9214,9066,60,0
12.03,9239,9089,60,25
12.04,9239,9089,60,0
12.05,9254,9106,60,15
12.06,9254,9106,60,0
12.07,9254,9106,60,0
12.08,9278,9132,60,24
12.09,9278,9132,60,0
12.10,9300,9155,62,22
12.11,9300,9155,62,0
12.12,9330,9182,63,30
12.13,9330,9182,63,0
12.14,9330,9182,63,0
12.15,9351,9204,63,21
12.16,9351,9204,63,0
12.17,9373,9223,63,22
12.18,9373,9223,63,0
12.19,9400,9254,64,27
12.20,9400,9254,64,0
12.21,9400,9254,64,0
12.22,9420,9283,64,20
12.23,9420,9283,64,0
12.24,9469,9310,64,49
12.25,9469,9310,64,0
12.26,9497,9331,64,28
12.27,9497,9331,64,0
12.28,9497,9331,64,0
12.29,9510,9356,64,13
12.30,9510,9356,64,0
12.31,9571,9388,64,61
01.01,9571,9388,64,0
01.02,9571,9388,64,0
01.03,9571,9388,64,0
01.04,9571,9388,64,0
01.05,9605,9415,66,34
01.06,9605,9415,66,0
01.07,9641,9453,66,36
01.08,9641,9453,66,0
01.09,9694,9498,66,53
01.10,9694,9498,66,0
01.11,9694,9498,66,0
01.12,9740,9549,66,46
01.13,9740,9549,66,0
01.14,9819,9597,66,79
01.15,9819,9597,66,0
01.16,9899,9658,66,80
01.17,9899,9658,66,0
01.18,9899,9658,66,0
01.19,10019,9732,66,120
01.20,10019,9732,66,0
01.21,10120,9809,66,101
01.22,10120,9809,66,0
01.23,10278,9902,67,158
01.24,10278,9902,67,0
01.25,10278,9902,67,0
01.26,10411,10013,67,133
01.27,10411,10013,67,0
01.28,10536,10122,68,125
01.29,10536,10122,68,0
01.30,10748,10260,68,212
01.31,10748,10260,68,0
02.01,10748,10260,68,0
02.02,10952,10419,68,204
02.03,10952,10419,68,0
02.04,11129,10560,70,177
02.05,11129,10560,70,0
02.06,11457,10797,71,328
02.07,11457,10797,71,0
02.08,11457,10797,71,0
02.09,11836,11038,71,379
02.10,11836,11038,71,0
02.11,12171,11275,71,335
02.12,12171,11275,71,0
02.13,12577,11534,73,406
02.14,12577,11534,73,0
02.15,12577,11534,73,0
02.16,12865,11750,75,288
02.17,12865,11750,75,0
02.18,13107,11955,75,242
02.19,13107,11955,75,0
02.20,13553,12262,75,446
02.21,13553,12262,75,0
02.22,13553,12262,75,0
02.23,13884,12561,76,331
02.24,13884,12561,76,0
02.25,14234,12846,80,350
02.26,14564,13143,83,330
02.27,14564,13143,83,0
02.28,14564,13143,83,0
03.01,14564,13143,83,0
03.02,14849,13288,87,285
03.03,14849,13288,87,0
03.04,15254,13495,88,405
03.05,15254,13495,88,0
03.06,15625,13495,90,371
03.07,15625,13495,90,0
03.08,15625,13746,90,0
03.09,16015,14047,91,390
03.10,16015,14047,91,0
03.11,16313,14374,93,298
03.12,16313,14374,93,0
03.13,16660,14583,96,347
03.14,16660,14583,96,0
03.15,16660,14583,96,0
03.16,16945,14780,101,285
03.17,16945,14780,101,0
03.18,17297,15102,105,352
03.19,17297,15102,105,0
03.20,17711,15495,106,414
03.21,17711,15495,106,0
03.22,17711,15495,106,0
03.23,18078,15654,108,367
03.24,18078,15654,108,0
03.25,18426,15863,109,348
03.26,18426,15863,109,0
03.27,18426,15863,109,0
03.28,18777,16074,111,351
03.29,18777,16074,111,0
03.30,18777,16074,111,0
03.31,18777,16074,111,0
04.01,19550,16609,118,773
04.02,19550,16609,118,0
04.03,19863,16910,119,313
04.04,19863,16910,119,0
04.05,19863,16910,119,0
04.06,19863,16910,119,0
04.07,19863,16910,119,0
04.08,20265,17227,124,402
04.09,20265,17227,124,0
04.10,20636,17456,127,371
04.11,20636,17456,127,0
04.12,20636,17456,127,0
04.13,20971,17762,129,335
04.14,20971,17762,129,0
04.15,21566,18219,132,595
04.16,21566,18219,132,0
04.17,21858,18507,133,292
04.18,21858,18507,133,0
04.19,21858,18507,133,0
04.20,22032,18706,136,174
04.21,22032,18706,136,0
04.22,22228,18908,136,196
04.23,22228,18908,136,0
04.24,22433,19074,138,205
04.25,22433,19074,138,0
04.26,22433,19074,138,0
04.27,22568,19173,138,135
04.28,22568,19173,138,0
04.29,22818,19390,138,250
04.30,22818,19390,138,0
05.01,23075,19629,139,257
05.02,23075,19629,139,0
05.03,23075,19629,139,0
05.04,23201,19740,140,126
05.05,23201,19740,140,0
05.06,23201,19740,140,0
05.07,23201,19740,140,0
05.08,23311,19838,142,110
05.09,23432,19944,143,121
05.10,23432,19944,143,0
05.11,23565,20051,143,133
05.12,23565,20051,143,0
05.13,23734,20270,143,169
05.14,23734,20270,143,0
05.15,23799,20379,143,65
05.16,23799,20379,143,0
05.17,23799,20379,143,0
05.18,23909,20556,145,110
05.19,23909,20556,145,0
05.20,24039,20759,147,130
05.21,24039,20759,147,0
05.22,24107,20976,147,68
05.23,24107,20976,147,0
05.24,24107,20976,147,0
05.25,24107,20976,147,0
05.26,24191,21265,149,84
05.27,24252,21472,150,61
05.28,24252,21472,150,0
05.29,24365,21791,150,113
05.30,24365,21791,150,0
05.31,24365,21791,150,0
06.01,24429,22118,152,64
06.02,24429,22118,152,0
06.03,24429,22118,152,0
06.04,24429,22118,152,0
06.05,24591,22815,154,162
06.06,24591,22815,154,0
06.07,24591,22815,154,0
06.08,24591,22815,154,0
06.09,24651,23180,154,60
06.10,24696,23483,156,45
06.11,24696,23483,156,0
06.12,24736,23741,156,40
06.13,24736,23741,156,0
06.14,24736,23741,156,0
06.15,24755,23910,157,19
06.16,24755,23910,157,0
06.17,24832,24165,157,77
06.18,24832,24165,157,0
06.19,24864,24264,158,32
06.20,24864,24264,158,0
06.21,24864,24264,158,0
06.22,24864,24264,158,0
06.23,24885,24407,158,21
06.24,24958,24509,159,73
06.25,24958,24509,159,0
06.26,24984,24598,159,26
06.27,24984,24598,159,0
06.28,24984,24598,159,0
06.29,24984,24598,159,0
06.30,24984,24598,159,0
07.01,25054,24729,159,70
07.02,25054,24729,159,0
