,confirm,heal,dead,confirm_add
03.13,2,0,0,2
03.14,2,0,0,0
03.15,2,0,0,0
03.16,6,0,0,4
03.17,6,0,0,0
03.18,7,0,0,1
03.19,9,0,0,2
03.20,16,0,0,7
03.21,19,0,0,3
03.22,21,0,1,2
03.23,24,0,1,3
03.24,52,0,2,28
03.25,68,0,2,16
03.26,132,0,3,64
03.27,136,1,3,4
03.28,137,2,4,1
03.29,152,2,5,4
03.30,152,2,5,0
03.31,152,31,5,0
04.01,195,31,5,43
04.02,204,31,5,9
04.03,204,31,5,0
04.04,205,31,5,1
04.05,214,31,5,9
04.06,214,31,5,0
04.07,287,31,5,73
04.08,287,31,5,0
04.09,313,34,6,26
04.10,378,4,6,65
04.11,408,4,8,30
04.12,408,4,8,0
04.13,566,4,8,158
04.14,566,4,8,0
04.15,636,17,8,70
04.16,641,83,8,5
04.17,641,83,8,0
04.18,834,99,9,193
04.19,834,99,9,0
04.20,1042,99,9,208
04.21,1042,99,9,0
04.22,1154,99,9,112
04.23,1154,99,9,0
04.24,1279,134,10,125
04.25,1279,134,10,0
04.26,1550,155,11,271
04.27,1550,155,11,0
04.28,1550,155,11,0
04.29,1671,188,16,121
04.30,2074,212,17,403
05.01,2074,212,17,0
05.02,2169,229,18,95
05.03,2169,229,18,0
05.04,2169,229,18,0
05.05,2719,294,18,550
05.06,2719,294,18,0
05.07,3091,303,18,372
05.08,3091,303,18,0
05.09,4012,323,18,921
05.10,4263,378,22,251
05.11,4700,494,22,437
05.12,5127,494,22,427
05.13,5127,494,22,0
05.14,5408,514,24,281
05.15,5530,674,24,122
05.16,5638,1460,28,108
05.17,5735,1754,29,97
05.18,5735,1754,29,0
05.19,5918,1754,31,183
05.20,6096,1773,31,178
05.21,6269,1898,31,173
05.22,6486,1951,31,217
05.23,6617,1976,31,131
05.24,6683,1998,32,66
05.25,6808,2070,32,125
05.26,6964,2097,32,156
05.27,7117,2317,34,153
05.28,7303,2412,34,186
05.29,7616,2421,34,313
05.30,7768,2540,35,152
05.31,7881,2841,36,113
06.01,8070,2947,36,189
06.02,8297,2986,38,227
06.03,8297,2986,38,0
06.04,8548,3132,38,251
06.05,8885,3189,38,337
06.06,9168,3457,42,283
06.07,9462,3547,44,294
06.08,9638,3636,44,176
06.09,9910,3645,48,272
06.10,10201,3755,48,291
06.11,10358,3824,48,157
06.12,10856,3921,48,498
06.13,11118,3979,48,262
06.14,11422,4156,51,304
06.15,11964,4258,54,542
06.16,11964,4258,54,0
06.17,12590,4410,66,626
06.18,12929,4468,66,339
06.19,12929,4468,66,0
06.20,13203,4548,70,274
06.21,13717,10074,85,514
06.22,14154,10473,85,437
06.23,14568,10907,95,414
06.24,14568,10907,95,0
06.25,15473,11431,95,905
06.26,15473,11431,95,0
06.27,15834,11755,103,361
06.28,16742,12720,112,908
06.29,17351,12994,112,609
06.30,17351,12994,112,0
07.01,17741,13268,112,390
07.02,18134,13550,117,393
07.03,18134,13550,117,0
07.04,19388,14330,117,1254
07.05,20085,14870,122,697
07.06,20085,14870,122,0
07.07,21077,16070,129,992
07.08,21968,17156,129,891
07.09,22822,17564,129,854
07.10,23463,18622,129,641
07.11,23834,19212,135,371
07.12,24248,19831,135,414
07.13,24518,20187,139,270
07.14,24988,21067,139,470
07.15,25252,21397,139,264
07.16,25430,21511,139,178
07.17,26125,22270,139,695
07.18,26572,22915,144,447
07.19,27060,23044,145,488
07.20,27667,23249,148,607
07.21,28989,25331,153,1322
07.22,28989,25331,153,0
07.23,29672,26090,153,683
07.24,30366,26687,153,694
07.25,31057,27801,161,691
07.26,32437,28927,161,1380
07.27,32969,29494,168,532
07.28,33624,29801,168,655
07.29,34406,30621,168,782
07.30,35142,31286,175,736
07.31,35142,31286,175,0
08.01,35501,32096,182,359
08.02,37014,33365,182,1513
08.03,37812,34313,191,798
08.04,37812,34313,191,0
08.05,39075,35563,199,1263
08.06,39642,36384,199,567
08.07,40097,36638,206,455
08.08,40533,37702,206,436
08.09,41003,38330,215,470
08.10,41003,38330,215,0
08.11,41212,38727,215,209
08.12,41572,39320,223,360
08.13,41725,39495,223,153
08.14,41847,39718,223,122
08.15,42210,40147,231,363
08.16,42210,40147,231,0
08.17,42653,40567,239,443
08.18,42653,40567,239,0
08.19,42993,40796,248,340
08.20,43260,41276,261,267
08.21,43260,41276,261,0
08.22,43325,41408,261,65
08.23,43505,41532,261,180
08.24,43622,41695,263,117
08.25,43622,41695,263,0
08.26,43717,41843,270,95
08.27,43769,42048,270,52
08.28,43841,42246,270,72
08.29,44118,42581,270,277
08.30,44205,42777,276,87
08.31,44205,42777,276,0
09.01,44298,42963,276,93
09.02,44460,43121,276,162
09.03,44713,43577,280,253
09.04,44713,43577,280,0
09.05,44777,43693,283,64
09.06,44777,43693,283,0
09.07,44777,43693,283,0
09.08,45012,43898,283,235
09.09,45188,44042,283,176
09.10,45313,44188,283,125
09.11,45388,44267,285,75
09.12,45388,44267,285,0
09.13,45434,44342,286,46
09.14,45434,44342,286,0
09.15,45601,44679,294,167
09.16,45655,44797,294,54
09.17,45714,44896,294,59
09.18,45714,44896,294,0
09.19,45857,45029,295,143
09.20,46004,45153,297,147
09.21,46004,45153,297,0
09.22,46062,45258,297,58
09.23,46116,45290,297,54
09.24,46153,45299,299,37
09.25,46222,45417,299,69
09.26,46222,45417,299,0
09.27,46353,45577,299,131
09.28,46387,45618,299,34
09.29,46482,45651,301,95
09.30,46482,45651,301,0
10.01,46656,45942,301,174
10.02,46656,45942,301,0
10.03,46768,45964,301,112
10.04,46829,46060,303,61
10.05,46829,46060,303,0
10.06,46829,46060,303,0
10.07,46829,46060,303,0
10.08,46829,46060,303,0
10.09,46964,46310,306,135
10.10,46987,46378,306,23
10.11,47005,46398,306,18
10.12,47005,46398,306,0
10.13,47097,46452,308,92
10.14,47126,46469,310,29
10.15,47126,46469,310,0
10.16,47173,46527,310,47
10.17,47173,46527,310,0
10.18,47232,46578,310,59
10.19,47372,46664,310,140
10.20,47372,46664,310,0
10.21,47461,46752,312,89
10.22,47461,46752,312,0
10.23,47601,46824,314,140
10.24,47690,46887,316,89
10.25,47690,46887,316,0
10.26,47690,46887,316,0
10.27,47775,46971,316,85
10.28,47775,46971,316,0
10.29,47991,47136,320,216
10.30,48055,47169,320,64
10.31,48055,47169,320,0
11.01,48124,47215,320,69
11.02,48200,47260,320,76
11.03,48200,47260,320,0
11.04,48643,47446,320,443
11.05,48643,47446,320,0
11.06,48788,47521,320,145
11.07,48788,47521,320,0
11.08,48904,47611,320,116
11.09,49102,47726,320,198
11.10,49202,47726,320,100
11.11,49302,47843,320,100
11.12,49808,48019,320,506
11.13,50018,48179,320,210
11.14,50018,48179,320,0
11.15,50123,48328,322,105
11.16,50123,48328,322,0
11.17,50376,48626,323,253
11.18,50457,48710,323,81
11.19,50457,48710,323,0
11.20,50631,49103,323,174
11.21,50717,49281,323,86
11.22,50874,49405,323,157
11.23,50941,49599,323,67
11.24,50941,49599,323,0
11.25,51184,50029,323,243
11.26,51225,50127,323,41
11.27,51225,50127,323,0
11.28,51379,50298,323,154
11.29,51476,50358,323,97
11.30,51667,50547,323,191
12.01,51667,50547,323,0
12.02,51667,50547,323,0
12.03,51667,50547,323,0
12.04,51667,50547,323,0
12.05,52096,50924,325,429
12.06,52198,51019,325,102
12.07,52274,51063,325,76
12.08,52274,51063,325,0
12.09,52622,51424,326,348
12.10,52738,51518,326,116
12.11,52738,51518,326,0
12.12,52738,51518,326,0
12.13,52933,51676,327,195
12.14,53014,51761,327,81
12.15,53270,51965,327,256
12.16,53386,52048,327,116
12.17,53386,52048,327,0
12.18,53553,52266,331,167
12.19,53653,52331,331,100
12.20,53653,52331,331,0
12.21,53954,52675,333,301
12.22,53954,52675,333,0
12.23,54043,52777,333,89
12.24,54043,52777,333,0
12.25,54043,52777,333,0
12.26,54286,53082,333,243
12.27,54401,53180,333,115
12.28,54401,53180,333,0
12.29,54503,53301,333,102
12.30,54771,53594,335,268
12.31,54771,53594,335,0
01.01,54771,53594,335,0
01.02,54930,53758,335,159
01.03,55168,53928,335,238
01.04,55168,53928,335,0
01.05,55168,53928,335,0
01.06,55168,53928,335,0
01.07,55461,54164,336,293
01.08,55461,54164,336,0
01.09,55461,54164,336,0
01.10,55772,54438,336,311
01.11,56230,54631,338,458
01.12,56230,54631,338,0
01.13,56421,54753,338,191
01.14,56981,55236,341,560
01.15,56981,55236,341,0
01.16,56981,55236,341,0
01.17,56981,55236,341,0
01.18,58065,55789,352,1084
01.19,58065,55789,352,0
01.20,58431,55899,358,366
01.21,58822,56286,358,391
01.22,59480,56706,361,658
01.23,59480,56706,361,0
01.24,60115,56955,361,635
01.25,61489,57597,367,1374
01.26,62135,58150,372,646
01.27,62751,58561,377,616
01.28,62751,58561,377,0
01.29,63883,59553,390,1132
01.30,63883,59553,390,0
01.31,65427,60357,405,1544
02.01,67010,61236,416,1583
02.02,67782,61843,424,772
02.03,67782,61843,424,0
02.04,68559,62340,433,777
02.05,69255,62729,440,696
02.06,70046,63502,449,791
02.07,70046,63502,449,0
02.08,71533,64658,464,1487
02.09,73003,65583,482,1470
02.10,73003,65583,482,0
02.11,73003,65583,482,0
02.12,73557,66115,494,554
02.13,74347,66333,505,790
02.14,75836,67087,533,1489
02.15,75836,67087,533,0
02.16,76492,68100,542,656
02.17,77748,69321,561,1256
02.18,78689,70348,568,941
02.19,78689,70348,568,0
02.20,79655,72516,572,966
02.21,80253,73018,577,598
02.22,80253,73018,577,0
02.23,80759,73365,582,506
02.24,81245,74047,584,486
02.25,81245,74047,584,0
02.26,82131,75604,594,886
02.27,82586,76573,594,455
02.28,83212,77133,599,626
03.01,84023,77972,607,811
03.02,84023,77972,607,0
03.03,84349,78443,611,326
03.04,84349,78443,611,0
03.05,85239,79465,629,890
03.06,86092,80619,640,853
03.07,86092,80619,640,0
03.08,86465,80952,647,373
03.09,86465,80952,647,0
03.10,86737,81299,656,272
03.11,86737,81299,656,0
03.12,86737,81299,656,0
03.13,87075,82141,667,338
03.14,87762,83169,685,687
03.15,87762,83169,685,0
03.16,88228,83829,698,466
03.17,88228,83829,698,0
03.18,88421,84095,705,193
03.19,88421,84095,705,0
03.20,89276,85222,716,855
03.21,89500,85455,720,224
03.22,89682,85761,725,182
03.23,89787,85965,731,105
03.24,89893,86248,734,106
03.25,89893,86248,734,0
03.26,90094,86749,740,201
03.27,90287,87137,740,193
03.28,90287,87137,740,0
03.29,90287,87137,740,0
03.30,90287,87137,740,0
03.31,90552,87966,742,265
04.01,90583,88065,743,31
04.02,90649,88159,744,66
04.03,90674,88426,744,25
04.04,90782,88585,748,108
04.05,90782,88585,748,0
04.06,90946,88743,752,164
04.07,91009,88810,752,63
04.08,91009,88810,752,0
04.09,91109,88971,752,100
04.10,91109,88971,752,0
04.11,91260,89092,754,151
04.12,91260,89092,754,0
04.13,91410,89219,761,150
04.14,91477,89301,763,67
04.15,91477,89301,763,0
04.16,91545,89400,766,68
04.17,91545,89400,766,0
04.18,91663,89530,771,118
04.19,91709,89604,771,46
04.20,91709,89604,771,0
04.21,91783,89661,772,74
04.22,91783,89661,772,0
04.23,91783,89661,772,0
04.24,91928,89729,777,145
04.25,92037,89841,777,109
04.26,92166,89920,777,129
04.27,92464,90103,779,298
04.28,92464,90103,779,0
04.29,92513,90151,779,49
04.30,92562,90196,779,49
05.01,92562,90196,779,0
05.02,92601,90248,779,39
05.03,92683,90324,779,82
05.04,92683,90324,779,0
05.05,92740,90376,780,57
05.06,92828,90462,783,88
05.07,92856,90480,783,28
05.08,92856,90480,783,0
05.09,92856,90480,783,0
05.10,93011,90697,783,155
05.11,93011,90697,783,0
05.12,93011,90697,783,0
05.13,93125,90910,783,114
05.14,93159,90992,783,34
05.15,93243,91146,783,84
05.16,93243,91146,783,0
05.17,93243,91146,783,0
05.18,93333,91252,783,90
05.19,93390,91299,783,57
05.20,93456,91348,783,66
05.21,93456,91348,783,0
05.22,93521,91458,783,65
05.23,93583,91511,783,62
05.24,93644,91602,783,61
05.25,93711,91707,783,67
05.26,93711,91707,783,0
05.27,93711,91707,783,0
05.28,93723,91743,783,12
05.29,93775,91853,784,52
05.30,93775,91853,784,0
05.31,93898,91961,785,123
06.01,94011,92057,785,113
06.02,94011,92057,785,0
06.03,94011,92057,785,0
06.04,94011,92057,785,0
06.05,94188,92309,786,177
06.06,94188,92309,786,0
06.07,94228,92362,787,40
06.08,94228,92362,787,0
06.09,94228,92362,787,0
06.10,94369,92488,789,141
06.11,94369,92488,789,0
06.12,94444,92552,789,75
06.13,94493,92589,789,49
06.14,94493,92589,789,0
06.15,94493,92589,789,0
06.16,94699,92696,790,206
06.17,94824,92806,790,125
06.18,94824,92806,790,0
06.19,94913,92881,793,89
06.20,94913,92881,793,0
06.21,94913,92881,793,0
06.22,95059,93005,794,146
06.23,95236,93141,794,177
06.24,95236,93141,794,0
06.25,95259,93148,794,23
06.26,95259,93148,794,0
06.27,95259,93148,794,0
06.28,95369,93212,795,110
06.29,95476,93269,795,107
06.30,95642,93288,795,166
07.01,95914,93444,796,272
07.02,95914,93444,796,0
