,confirm,heal,dead,confirm_add
02.26,1,0,0,1
02.27,3,0,0,2
02.28,4,0,0,1
02.29,4,0,0,0
03.01,7,0,0,3
03.02,7,0,0,0
03.03,7,0,0,0
03.04,9,0,0,2
03.05,31,0,0,22
03.06,45,0,0,14
03.07,46,0,0,1
03.08,73,0,0,7
03.09,73,0,0,0
03.10,89,0,0,16
03.11,99,0,0,10
03.12,99,0,1,0
03.13,117,0,1,18
03.14,190,0,3,73
03.15,228,0,4,38
03.16,331,0,4,103
03.17,352,0,4,21
03.18,387,14,5,35
03.19,418,14,5,31
03.20,464,14,5,46
03.21,495,19,8,31
03.22,530,19,13,35
03.23,624,19,15,94
03.24,695,19,17,71
03.25,743,19,20,48
03.26,821,19,22,78
03.27,892,19,26,71
03.28,966,19,28,74
03.29,1156,52,38,95
03.30,1156,52,39,0
03.31,1212,52,46,56
04.01,1314,52,49,102
04.02,1415,52,52,101
04.03,1544,61,53,129
04.04,1643,78,67,99
04.05,1673,78,70,30
04.06,1735,78,76,62
04.07,1755,269,81,20
04.08,1832,269,81,77
04.09,1884,269,83,52
04.10,1955,269,87,71
04.11,2011,269,92,56
04.12,2114,269,98,103
04.13,2145,269,99,31
04.14,2145,269,99,0
04.15,2170,269,101,25
04.16,2192,269,102,22
04.17,2224,269,108,32
04.18,2235,269,110,11
04.19,2235,269,110,0
04.20,2235,269,113,0
04.21,2245,577,116,10
04.22,2408,577,121,163
04.23,2463,577,125,55
04.24,2490,577,130,27
04.25,2506,577,130,16
04.26,2517,577,134,11
04.27,2517,577,134,0
04.28,2534,577,136,17
04.29,2566,577,138,32
04.30,2576,577,139,10
05.01,2591,1374,140,15
05.02,2620,1374,143,29
05.03,2620,1374,143,0
05.04,2632,1374,146,12
05.05,2632,1374,146,0
05.06,2663,1374,147,31
05.07,2663,1374,147,0
05.08,2678,1374,148,15
05.09,2710,1374,151,32
05.10,2716,1374,151,6
05.11,2726,1374,151,10
05.12,2744,1374,152,18
05.13,2760,1374,155,16
05.14,2770,1374,156,10
05.15,2810,1374,160,40
05.16,2819,1374,162,9
05.17,2819,1374,162,0
05.18,2834,1374,163,15
05.19,2836,1374,165,2
05.20,2850,1374,166,14
05.21,2850,1374,166,0
05.22,2853,1374,168,3
05.23,2876,1374,171,23
05.24,2878,1374,171,2
05.25,2882,1374,172,4
05.26,2882,1374,172,0
05.27,2903,1374,173,21
05.28,2903,1374,173,0
05.29,2909,1374,175,6
05.30,2909,1374,175,0
05.31,2917,1374,175,8
06.01,2917,1374,175,0
06.02,2937,1374,179,20
06.03,2937,1374,179,0
06.04,2952,1374,180,15
06.05,2952,1374,180,0
06.06,2967,1374,180,15
06.07,2997,1374,180,30
06.08,2997,1374,180,0
06.09,3049,1374,182,52
06.10,3058,1374,183,9
06.11,3068,1374,183,10
06.12,3108,1374,183,40
06.13,3108,1374,183,0
06.14,3121,1374,183,13
06.15,3134,1374,184,13
06.16,3148,1374,185,14
06.17,3148,1374,185,0
06.18,3227,1374,188,79
06.19,3227,1374,188,0
06.20,3237,1374,189,10
06.21,3266,1374,190,29
06.22,3266,1374,190,0
06.23,3287,1374,190,21
06.24,3302,1374,190,15
06.25,3321,1374,191,19
06.26,3343,1374,191,22
06.27,3343,1374,191,0
06.28,3366,1374,191,23
06.29,3390,1374,191,24
06.30,3390,1374,191,0
07.01,3432,1374,192,42
07.02,3432,1374,192,0
07.03,3458,1374,192,26
07.04,3511,1374,192,53
07.05,3519,1374,192,8
07.06,3519,1374,192,0
07.07,3562,1374,192,43
07.08,3622,1374,193,60
07.09,3622,1374,193,0
07.10,3732,1374,193,110
07.11,3732,1374,193,0
07.12,3772,1374,193,40
07.13,3803,1374,193,31
07.14,3826,1374,193,23
07.15,3883,1374,193,57
07.16,3910,1374,193,27
07.17,3939,1374,193,29
07.18,3983,1374,194,44
07.19,3983,1374,194,0
07.20,4007,1374,194,24
07.21,4012,1374,195,5
07.22,4048,1374,197,36
07.23,4077,1374,200,29
07.24,4135,1374,201,58
07.25,4166,1374,201,31
07.26,4166,1374,201,0
07.27,4193,1374,202,27
07.28,4227,1374,202,34
07.29,4279,1374,203,52
07.30,4336,1374,203,57
07.31,4401,1374,203,65
08.01,4477,1374,206,76
08.02,4587,1374,206,110
08.03,4662,1374,208,75
08.04,4855,1374,209,193
08.05,4855,1374,209,0
08.06,4974,1374,210,119
08.07,5123,1374,210,149
08.08,5270,1374,210,147
08.09,5421,1374,211,151
08.10,5623,1347,212,202
08.11,5749,1347,213,126
08.12,5942,1347,214,193
08.13,6177,1347,216,235
08.14,6381,1347,221,204
08.15,6632,1347,223,251
08.16,6858,1347,226,226
08.17,7075,1347,228,217
08.18,7222,1347,230,147
08.19,7472,1347,232,250
08.20,7684,1347,235,212
08.21,7934,1347,235,250
08.22,8138,1347,238,204
08.23,8381,1347,240,243
08.24,8664,1347,242,283
08.25,8987,1347,243,323
08.26,8987,1347,243,0
08.27,9280,1347,248,293
08.28,9800,1347,259,520
08.29,9800,1347,259,0
08.30,10134,1347,262,334
08.31,10134,1347,262,0
09.01,10317,1347,266,183
09.02,10524,1347,271,207
09.03,10757,1347,273,233
09.04,11200,1347,279,443
09.05,11200,1347,279,0
09.06,11386,1347,280,186
09.07,11524,1347,284,138
09.08,11663,1347,289,139
09.09,12080,1347,293,417
09.10,12080,1347,293,0
09.11,12734,1347,300,654
09.12,12734,1347,300,0
09.13,13036,1347,302,302
09.14,13240,1347,305,204
09.15,13420,1347,310,180
09.16,13730,1347,313,310
09.17,14041,1347,316,311
09.18,14738,1347,327,697
09.19,14738,1347,327,0
09.20,14978,1347,331,240
09.21,15142,1347,338,164
09.22,15928,1347,352,786
09.23,15928,1347,352,0
09.24,16286,1347,357,358
09.25,16913,1347,369,627
09.26,16913,1347,369,0
09.27,17228,1347,376,315
09.28,17444,1347,379,216
09.29,18123,1347,388,679
09.30,18123,1347,388,0
10.01,18475,1347,391,352
10.02,19346,1347,398,871
10.03,19346,1347,398,0
10.04,19613,1347,405,267
10.05,19842,1347,409,229
10.06,20541,1347,420,699
10.07,20541,1347,420,0
10.08,20947,1347,424,406
10.09,21381,1347,430,434
10.10,21772,1347,431,391
10.11,22078,1347,436,306
10.12,22358,1347,449,280
10.13,23060,1347,462,702
10.14,23060,1347,462,0
10.15,23495,1347,469,435
10.16,23947,1347,482,452
10.17,24450,1347,490,503
10.18,25370,1347,509,920
10.19,25370,1347,509,0
10.20,25802,1347,520,432
10.21,26469,1347,528,667
10.22,27334,1347,534,865
10.23,29057,1347,559,1723
10.24,29057,1347,559,0
10.25,29992,1347,564,935
10.26,30782,1347,574,790
10.27,31496,1347,581,714
10.28,32752,1347,593,1256
10.29,34299,1347,603,1547
10.30,35510,1347,615,1211
10.31,37196,1347,620,1686
11.01,39251,23074,626,2055
11.02,40929,23074,635,1678
11.03,42080,23074,642,1151
11.04,44246,23074,655,2166
11.05,46892,23074,673,2646
11.06,49807,23074,702,2915
11.07,52254,23074,715,2447
11.08,54809,23074,749,2555
11.09,56698,23074,784,1889
11.10,58187,23074,825,1489
11.11,60570,23074,866,2383
11.12,63321,23074,909,2751
11.13,66637,23074,959,3316
11.14,69675,23074,997,3038
11.15,72510,23074,1035,2835
11.16,74205,23074,1106,1695
11.17,76403,23074,1165,2198
11.18,78825,23074,1228,2422
11.19,82034,23074,1288,3209
11.20,85261,23074,1347,3227
11.21,87812,23074,1419,2551
11.22,90121,23074,1527,2309
11.23,91619,23074,1630,1498
11.24,93006,23074,1714,1387
11.25,95137,23074,1815,2131
11.26,97288,23074,1902,2151
11.27,99306,23074,2001,2018
11.28,101287,23074,2102,1981
11.29,103034,23074,2223,1747
11.30,104227,23074,2321,1193
12.01,105271,23074,2406,1044
12.02,107470,23074,2517,2199
12.03,109655,23074,2606,2185
12.04,111537,23074,2706,1882
12.05,113185,23074,2804,1648
12.06,114568,23074,2902,1383
12.07,115471,23074,3003,903
12.08,116721,23074,3092,1250
12.09,118045,23074,3194,1324
12.10,119720,23074,3289,1675
12.11,121253,23074,3370,1533
12.12,122648,23074,3472,1395
12.13,123842,23074,3540,1194
12.14,124534,23074,3625,692
12.15,125173,23074,3687,639
12.16,126372,23074,3785,1199
12.17,127557,23074,3870,1185
12.18,128710,23074,3948,1153
12.19,129584,23074,4044,874
12.20,130485,23074,4102,901
12.21,131072,23074,4172,587
12.22,131597,23074,4257,525
12.23,132430,23074,4340,833
12.24,133365,23074,4402,935
12.25,134235,93764,4457,870
12.26,134852,93764,4507,617
12.27,135114,93764,4553,262
12.28,135456,93764,4606,342
12.29,135931,93764,4672,475
12.30,136976,93764,4730,1045
12.31,137918,93764,4788,942
01.01,138850,93764,4838,932
01.02,139447,93764,4881,597
01.03,139709,93764,4921,262
01.04,140099,93764,4957,390
01.05,140526,93764,5011,427
01.06,141453,93764,5051,927
01.07,142267,93764,5099,814
01.08,142777,93764,5146,510
01.09,143494,93764,5195,717
01.10,144293,93764,5227,799
01.11,144738,93764,5263,445
01.12,145179,93764,5302,441
01.13,146020,93764,5329,841
01.14,146688,93764,5354,668
01.15,147283,93764,5387,595
01.16,147860,93764,5421,577
01.17,148370,93764,5441,510
01.18,148607,93764,5469,237
01.19,148925,93764,5488,318
01.20,149462,93764,5518,537
01.21,149973,93764,5545,511
01.22,150479,93764,5570,506
01.23,151041,93764,5598,562
01.24,151646,93764,5622,605
01.25,151980,93764,5646,334
01.26,152412,93764,5671,432
01.27,153226,93764,5692,814
01.28,154083,93764,5724,857
01.29,154796,93764,5742,713
01.30,155678,93764,5764,882
01.31,156473,93764,5779,795
02.01,156957,93764,5796,484
02.02,157495,93764,5829,538
02.03,158716,93764,5851,1221
02.04,159866,93764,5878,1150
02.05,160935,93764,5903,1069
02.06,162107,93764,5922,1172
02.07,163213,93764,5951,1106
02.08,163946,93764,5972,733
02.09,164575,93764,5997,629
02.10,166067,93764,6017,1492
02.11,167549,93764,6034,1482
02.12,168872,93764,6056,1323
02.13,170244,93764,6077,1372
02.14,171466,93764,6103,1222
02.15,172128,93764,6126,662
02.16,172824,93764,6152,696
02.17,173905,93764,6181,1081
