,confirm,heal,dead,confirm_add
03.13,1,0,0,1
03.14,1,0,0,0
03.15,1,0,0,0
03.16,1,0,0,0
03.17,1,0,0,0
03.18,1,0,0,0
03.19,1,0,0,0
03.20,2,0,0,1
03.21,2,0,0,0
03.22,2,0,0,0
03.23,4,0,0,2
03.24,4,0,0,2
03.25,4,0,0,0
03.26,4,0,0,0
03.27,8,0,0,4
03.28,8,0,0,0
03.29,8,0,0,4
03.30,16,1,0,8
03.31,22,0,0,6
04.01,30,0,0,8
04.02,52,0,0,22
04.03,52,0,0,0
04.04,73,2,0,21
04.05,111,5,0,38
04.06,121,5,0,10
04.07,128,5,0,7
04.08,144,5,0,16
04.09,164,5,0,20
04.10,194,11,0,30
04.11,212,15,0,18
04.12,250,17,0,38
04.13,250,17,0,0
04.14,363,31,0,113
04.15,404,31,1,41
04.16,404,31,1,0
04.17,438,49,1,34
04.18,477,59,3,39
04.19,518,65,3,41
04.20,579,87,5,61
04.21,622,122,5,43
04.22,761,164,6,139
04.23,761,164,6,0
04.24,862,170,6,101
04.25,954,191,6,92
04.26,996,208,7,42
04.27,996,208,7,0
04.28,1163,246,7,167
04.29,1240,269,7,77
04.30,1351,313,7,111
05.01,1495,329,7,144
05.02,1537,342,7,42
05.03,1586,405,7,49
05.04,1586,405,7,0
05.05,1710,450,9,124
05.06,1811,498,10,101
05.07,1856,597,11,45
05.08,1927,629,11,71
05.09,2009,663,11,82
05.10,2042,698,11,33
05.11,2146,714,11,104
05.12,2213,771,11,67
05.13,2298,816,11,85
05.14,2374,856,14,76
05.15,2473,895,15,99
05.16,2531,1094,15,58
05.17,2658,1133,16,127
05.18,2658,1133,16,0
05.19,2796,1263,16,138
05.20,2863,1525,18,67
05.21,2863,1525,18,0
05.22,3067,1575,18,204
05.23,3067,1575,19,0
05.24,3176,1631,20,109
05.25,3275,1673,20,99
05.26,3275,1673,20,0
05.27,3275,1673,20,0
05.28,3275,1673,20,0
05.29,3553,1950,22,278
05.30,3656,2000,22,103
05.31,3706,2030,23,50
06.01,3706,2030,23,0
06.02,3844,2135,23,138
06.03,3886,2267,23,42
06.04,3933,2332,23,47
06.05,3991,2512,23,58
06.06,4060,2667,23,69
06.07,4117,2857,23,57
06.08,4117,2877,23,0
06.09,4216,2918,23,99
06.10,4258,2942,23,42
06.11,4258,2942,23,0
06.12,4372,3033,23,114
06.13,4426,3106,24,54
06.14,4484,3213,25,58
06.15,4532,3234,25,48
06.16,4572,3259,26,40
06.17,4639,3327,26,67
06.18,4668,3364,26,29
06.19,4841,3467,26,173
06.20,4904,3522,27,63
06.21,4960,3630,27,56
06.22,4988,3669,27,28
06.23,5040,3685,28,52
06.24,5040,3685,28,0
06.25,5174,3861,29,134
06.26,5174,3861,29,0
06.27,5260,4155,29,86
06.28,5291,4215,30,31
06.29,5342,4282,31,51
06.30,5351,4296,31,9
07.01,5391,4326,33,40
07.02,5404,4346,33,13
07.03,5450,4392,33,46
07.04,5521,4446,33,71
07.05,5570,4496,34,49
07.06,5610,4522,34,40
07.07,5610,4522,34,0
07.08,5697,4577,34,87
07.09,5697,4577,34,0
07.10,5881,4672,36,184
07.11,5969,4732,37,88
07.12,6044,4802,37,75
07.13,6141,4862,37,97
07.14,6141,4862,37,0
07.15,6200,4951,38,59
07.16,6276,4981,38,76
07.17,6359,5012,39,83
07.18,6430,5233,39,71
07.19,6491,5257,39,61
07.20,6544,5511,39,53
07.21,6590,5591,40,46
07.22,6652,5771,41,62
07.23,6747,5891,41,95
07.24,6806,5999,42,59
07.25,6867,6063,42,61
07.26,6927,6098,42,60
07.27,7008,6152,43,81
07.28,7055,6257,45,47
07.29,7126,6312,46,71
07.30,7183,6404,46,57
07.31,7242,6438,46,59
08.01,7308,6458,46,66
08.02,7317,6480,46,9
08.03,7364,6505,46,47
08.04,7364,6505,46,0
08.05,7489,6591,48,125
08.06,7575,6632,49,86
08.07,7664,6757,49,89
08.08,7777,6800,50,113
08.09,7875,6828,50,98
08.10,7930,6898,50,55
08.11,7930,6898,50,0
08.12,8018,7020,50,88
08.13,8116,7060,50,98
08.14,8198,7120,50,82
08.15,8260,7177,50,62
08.16,8343,7210,50,83
08.17,8482,7364,51,139
08.18,8620,7472,51,138
08.19,8715,7532,52,95
08.20,8792,7574,53,77
08.21,8876,7628,53,84
08.22,8932,7648,53,56
08.23,8967,7708,53,35
08.24,9013,7823,54,46
08.25,9076,7928,55,63
08.26,9128,8040,57,52
08.27,9167,8150,57,39
08.28,9213,8180,58,46
08.29,9251,8282,59,38
08.30,9251,8282,59,0
08.31,9371,8387,59,120
09.01,9409,8447,59,38
09.02,9479,8527,59,70
09.03,9479,8527,59,0
09.04,9579,8726,61,100
09.05,9649,8832,61,70
09.06,9722,8886,61,73
09.07,9798,8928,61,76
09.08,9816,8956,62,18
09.09,9848,9009,63,32
09.10,9885,9068,63,37
09.11,9946,9100,63,61
09.12,9979,9189,63,33
09.13,10020,9251,63,41
09.14,10045,9292,63,25
09.15,10061,9352,63,16
09.16,10111,9444,63,50
09.17,10154,9612,63,43
09.18,10183,9642,63,29
09.19,10231,9660,63,48
09.20,10286,9681,63,55
09.21,10325,9692,64,39
09.22,10344,9757,65,19
09.23,10387,9780,65,43
09.24,10434,9801,65,47
09.25,10434,9801,65,0
09.26,10478,9816,65,44
09.27,10512,9836,65,34
09.28,10580,9892,66,68
09.29,10598,9940,66,18
09.30,10634,9960,66,36
10.01,10652,9996,66,18
10.02,10652,9996,66,0
10.03,10735,10066,66,83
10.04,10754,10098,66,19
10.05,10754,10098,66,0
10.06,10800,10161,67,46
10.07,10863,10176,68,63
10.08,10863,10176,68,0
10.09,10901,10232,68,38
10.10,10954,10265,68,53
10.11,11022,10324,69,68
10.12,11022,10324,69,0
10.13,11134,10347,70,112
10.14,11188,10352,70,54
10.15,11255,10360,70,67
10.16,11327,10380,70,72
10.17,11362,10420,70,35
10.18,11478,10425,70,116
10.19,11518,10427,70,40
10.20,11538,10447,70,20
10.21,11599,10461,70,61
10.22,11635,10474,71,36
10.23,11635,10474,71,0
10.24,11635,10474,71,0
10.25,11635,10474,71,0
10.26,11635,10474,71,0
10.27,11635,10474,71,0
10.28,11819,10505,71,184
10.29,11887,10535,71,68
10.30,12020,10550,71,133
10.31,12072,10550,72,52
11.01,12150,10578,73,78
11.02,12195,10589,73,45
11.03,12213,10600,73,18
11.04,12260,10648,73,47
11.05,12331,10698,73,71
11.06,12363,10751,73,32
11.07,12363,10751,73,0
11.08,12414,10817,74,51
11.09,12426,10829,74,12
11.10,12459,10847,74,33
11.11,12484,10857,74,25
11.12,12516,10879,74,32
11.13,12537,10899,74,21
11.14,12585,11041,74,48
11.15,12585,11041,74,0
11.16,12624,11270,75,39
11.17,12654,11386,75,30
11.18,12683,11537,75,29
11.19,12713,11689,75,30
11.20,12743,11789,75,30
11.21,12798,11821,75,55
11.22,12826,11838,75,28
11.23,12841,11853,75,15
11.24,12863,11877,75,22
11.25,12929,11902,76,66
11.26,12949,11922,76,20
11.27,13006,11943,76,57
11.28,13039,11982,76,33
11.29,13039,11982,76,0
11.30,13097,12004,76,58
12.01,13119,12045,76,22
12.02,13143,12154,76,24
12.03,13167,12204,76,24
12.04,13186,12270,76,19
12.05,13186,12270,76,0
12.06,13233,12355,76,47
12.07,13233,12355,76,0
12.08,13264,12465,79,31
12.09,13283,12515,79,19
12.10,13325,12548,79,42
12.11,13368,12598,79,43
12.12,13398,12626,79,30
12.13,13420,12657,79,22
12.14,13431,12667,79,11
12.15,13457,12713,80,26
12.16,13474,12727,80,17
12.17,13485,12773,80,11
12.18,13511,12859,80,26
12.19,13532,12905,80,21
12.20,13532,12905,80,0
12.21,13550,12985,80,18
12.22,13578,13001,80,28
12.23,13598,13015,80,20
12.24,13630,13039,80,32
12.25,13646,13049,80,16
12.26,13646,13049,80,0
12.27,13674,13067,80,28
12.28,13674,13067,80,0
12.29,13688,13082,80,14
12.30,13688,13082,80,0
12.31,13722,13141,81,34
01.01,13738,13153,81,16
01.02,13738,13153,81,0
01.03,13784,13153,81,46
01.04,13799,13186,81,15
01.05,13818,13195,81,19
01.06,13845,13199,81,27
01.07,13862,13215,81,17
01.08,13904,13222,81,42
01.09,13904,13222,81,0
01.10,13942,13223,81,38
01.11,13980,13233,81,38
01.12,13980,13233,81,0
01.13,14025,13255,81,45
01.14,14051,13301,81,26
01.15,14065,13318,81,14
01.16,14098,13320,81,33
01.17,14114,13338,81,16
01.18,14165,13351,81,51
01.19,14165,13351,81,0
01.20,14207,13422,81,42
01.21,14236,13509,81,29
01.22,14262,13566,81,26
01.23,14300,13632,81,38
01.24,14319,13694,81,19
01.25,14375,13746,81,56
01.26,14375,13746,81,0
01.27,14417,13869,82,42
01.28,14435,13946,82,18
01.29,14451,13999,82,16
01.30,14451,13999,82,0
01.31,14475,14064,82,24
02.01,14546,14208,82,71
02.02,14555,14228,83,9
02.03,14555,14228,83,0
02.04,14607,14295,83,52
02.05,14629,14301,84,22
02.06,14665,14320,84,36
02.07,14687,14345,84,22
02.08,14687,14345,84,0
02.09,14764,14372,84,77
02.10,14791,14381,84,27
02.11,14791,14381,84,0
02.12,14860,14412,84,69
02.13,14860,14412,84,0
02.14,14895,14453,84,35
02.15,14967,14502,85,72
02.16,15020,14512,85,53
02.17,15088,14577,85,68
02.18,15154,14614,85,66
02.19,15216,14648,86,62
02.20,15303,14659,86,87
02.21,15395,14705,86,92
02.22,15427,14736,86,32
02.23,15487,14785,87,60
02.24,15580,14798,87,93
02.25,15680,14798,88,100
02.26,15789,14821,88,109
02.27,15894,14879,89,105
02.28,15992,14897,89,98
03.01,15992,14897,89,0
03.02,16081,14994,91,89
03.03,16154,15033,91,73
03.04,16291,15068,92,137
03.05,16420,15091,93,129
03.06,16420,15091,93,0
03.07,16540,15130,93,120
03.08,16670,15181,95,130
03.09,16912,15236,97,242
03.10,16912,15236,97,0
03.11,17208,15403,101,296
03.12,17372,15445,101,164
03.13,17592,15459,102,220
03.14,17742,15514,102,150
03.15,17851,15597,103,109
03.16,17972,15719,104,121
03.17,17982,15719,104,10
03.18,18285,15801,106,303
03.19,18438,15804,107,153
03.20,18562,15862,108,124
03.21,18562,15862,108,0
03.22,18877,16009,111,315
03.23,18945,16079,113,68
03.24,19084,16132,113,139
03.25,19232,16190,113,148
03.26,19403,16270,116,171
03.27,19403,16270,116,0
03.28,19670,16425,120,267
03.29,19773,16480,123,103
03.30,19793,16547,125,20
03.31,19908,16619,125,115
04.01,19908,16619,125,0
04.02,20228,16832,128,320
04.03,20319,16872,129,91
04.04,20405,17458,130,86
04.05,20405,17458,130,0
04.06,20510,18259,130,105
04.07,20554,18302,131,44
04.08,20554,18302,131,0
04.09,20746,18408,132,192
04.10,20746,18408,132,0
04.11,20807,18473,133,61
04.12,21032,18613,136,225
04.13,21106,18686,136,74
04.14,21106,18686,136,0
04.15,21299,18815,136,193
04.16,21392,18856,138,93
04.17,21392,18856,138,0
04.18,21460,18882,138,68
04.19,21460,18882,138,0
04.20,21633,18991,139,173
04.21,21633,18991,139,0
04.22,21745,19080,139,112
04.23,21803,19107,139,58
04.24,21885,19194,140,82
04.25,21885,19194,140,0
04.26,21985,19271,141,100
04.27,22046,19466,141,61
04.28,22087,19558,141,41
04.29,22152,19623,144,65
04.30,22215,19670,144,63
05.01,22247,19685,144,32
05.02,22304,19776,145,57
05.03,22333,19813,146,29
05.04,22368,19892,146,35
05.05,22468,19987,148,100
05.06,22468,19987,148,0
05.07,22505,20078,148,37
05.08,22602,20186,150,97
05.09,22602,20186,150,0
05.10,22633,20231,150,31
05.11,22685,20319,151,52
05.12,22719,20341,151,34
05.13,22719,20341,151,0
05.14,22719,20341,151,0
05.15,22746,20366,151,27
05.16,22746,20366,151,0
05.17,22746,20366,151,0
05.18,22830,20421,152,84
05.19,22853,20476,153,23
05.20,22879,20547,153,26
05.21,22963,20614,155,84
05.22,22988,20699,158,25
05.23,22988,20699,158,0
05.24,23052,20740,159,64
05.25,23060,20761,160,8
05.26,23080,20786,160,20
05.27,23110,20840,161,30
05.28,23110,20840,161,0
05.29,23110,20840,161,0
05.30,23172,20971,161,62
05.31,23177,20974,161,5
06.01,23177,20974,161,0
06.02,23194,21193,162,17
06.03,23194,21193,162,0
06.04,23245,21266,162,51
06.05,23255,21284,162,10
06.06,23255,21284,162,0
06.07,23255,21284,162,0
06.08,23312,21382,164,57
06.09,23312,21382,164,0
06.10,23334,21410,165,22
06.11,23352,21427,167,18
06.12,23366,21438,167,14
06.13,23389,21452,167,23
06.14,23398,21488,167,9
06.15,23398,21488,167,0
06.16,23398,21488,167,0
06.17,23431,21488,167,33
06.18,23450,21498,167,19
06.19,23450,21498,167,0
06.20,23450,22250,168,0
06.21,23450,22250,168,0
06.22,23535,22282,168,85
06.23,23579,22360,168,44
06.24,23579,22360,168,0
06.25,23615,22379,168,36
06.26,23692,22392,168,77
06.27,23692,22392,168,0
06.28,23692,22392,168,0
06.29,23753,22443,169,61
06.30,23753,22443,169,0
07.01,23770,22456,171,17
07.02,23770,22456,171,0
