,confirm,heal,dead,confirm_add
03.25,2,0,0,2
03.26,2,0,0,0
03.27,2,0,0,0
03.28,2,0,0,0
03.29,2,0,0,0
03.30,2,0,0,0
03.31,8,0,0,6
04.01,8,0,0,0
04.02,9,0,0,1
04.03,9,0,0,0
04.04,15,0,0,6
04.05,18,0,0,3
04.06,18,0,0,0
04.07,33,0,0,15
04.08,33,0,0,0
04.09,33,0,0,0
04.10,36,0,0,3
04.11,38,0,0,2
04.12,38,0,0,0
04.13,38,0,0,0
04.14,38,0,0,0
04.15,43,0,0,5
04.16,43,0,0,0
04.17,43,0,0,0
04.18,46,0,0,3
04.19,46,0,0,0
04.20,50,3,0,4
04.21,50,3,0,0
04.22,50,3,0,0
04.23,50,3,0,0
04.24,50,3,0,0
04.25,52,3,0,2
04.26,53,3,1,1
04.27,53,3,1,0
04.28,73,18,1,20
04.29,73,18,1,0
04.30,205,19,1,132
05.01,205,19,1,0
05.02,257,19,1,52
05.03,257,19,1,0
05.04,257,19,1,0
05.05,413,19,1,156
05.06,475,24,2,62
05.07,475,24,2,0
05.08,564,25,2,89
05.09,594,25,2,30
05.10,641,25,3,47
05.11,726,26,3,85
05.12,761,26,3,35
05.13,820,26,3,59
05.14,836,26,3,16
05.15,913,26,3,77
05.16,913,26,3,0
05.17,969,26,4,56
05.18,990,26,4,21
05.19,1032,38,4,42
05.20,1038,42,6,6
05.21,1089,42,6,51
05.22,1109,42,6,20
05.23,1114,42,6,5
05.24,1114,42,6,0
05.25,1114,42,6,0
05.26,1178,42,7,64
05.27,1178,42,7,0
05.28,1195,42,7,17
05.29,1195,42,8,0
05.30,1256,42,8,61
05.31,1256,42,8,0
06.01,1256,42,8,0
06.02,1339,53,8,83
06.03,1339,53,8,0
06.04,1339,53,8,0
06.05,1339,53,8,0
06.06,1368,153,12,29
06.07,1368,153,12,0
06.08,1368,153,12,0
06.09,1389,153,12,21
06.10,1389,153,12,0
06.11,1389,153,12,0
06.12,1389,153,12,0
06.13,1460,153,15,71
06.14,1460,153,15,0
06.15,1460,153,15,0
06.16,1492,153,15,32
06.17,1492,153,15,0
06.18,1492,153,15,0
06.19,1492,153,15,0
06.20,1541,153,17,49
06.21,1541,153,17,0
06.22,1541,153,17,0
06.23,1556,191,19,15
06.24,1556,191,19,0
06.25,1556,191,19,0
06.26,1556,191,19,0
06.27,1614,191,22,58
06.28,1614,317,22,0
06.29,1614,317,22,0
06.30,1654,317,24,40
07.01,1654,317,24,0
07.02,1654,317,24,0
07.03,1654,317,24,0
07.04,1765,676,25,111
07.05,1765,676,25,0
07.06,1765,676,25,0
07.07,1790,760,25,25
07.08,1790,760,25,0
07.09,1790,760,25,0
07.10,1790,760,25,0
07.11,1842,773,26,52
07.12,1842,773,26,0
07.13,1842,773,26,0
07.14,1842,773,26,0
07.15,1842,773,26,0
07.16,1842,773,26,0
07.17,1927,773,26,85
07.18,1927,773,26,0
07.19,1949,803,26,22
07.20,1949,803,26,0
07.21,1949,803,26,0
07.22,1954,803,26,5
07.23,1954,803,26,0
07.24,1954,803,26,0
07.25,1954,803,26,0
07.26,1954,803,26,0
07.27,1954,803,26,0
07.28,1954,803,26,0
07.29,1954,803,26,0
07.30,1954,803,26,0
07.31,1981,803,26,27
08.01,1981,803,26,0
08.02,1981,803,27,0
08.03,1981,803,27,0
08.04,1981,803,27,0
08.05,1981,803,27,0
08.06,2032,944,27,51
08.07,2032,944,27,0
08.08,2032,944,27,0
08.09,2052,944,29,20
08.10,2052,944,29,0
08.11,2088,1015,29,36
08.12,2088,1015,29,0
08.13,2088,1015,29,0
08.14,2088,1015,29,0
08.15,2088,1015,29,0
08.16,2117,1015,33,29
08.17,2117,1015,33,0
08.18,2117,1015,33,0
08.19,2117,1015,33,0
08.20,2117,1015,33,0
08.21,2149,1015,33,32
08.22,2149,1015,33,0
08.23,2149,1015,33,0
08.24,2149,1015,33,0
08.25,2149,1015,33,0
08.26,2149,1015,33,0
08.27,2205,1127,34,56
08.28,2205,1127,34,0
08.29,2205,1127,34,0
08.30,2205,1127,34,0
08.31,2205,1127,34,0
09.01,2205,1127,34,0
09.02,2205,1127,34,0
09.03,2205,1127,34,0
09.04,2205,1127,34,0
09.05,2245,1127,38,40
09.06,2245,1127,38,0
09.07,2245,1127,38,0
09.08,2245,1127,38,0
09.09,2245,1127,38,0
09.10,2245,1127,38,0
09.11,2275,1127,39,30
09.12,2275,1127,39,0
09.13,2275,1127,39,0
09.14,2275,1127,39,0
09.15,2275,1127,39,0
09.16,2275,1127,39,0
09.17,2275,1127,39,0
09.18,2275,1127,39,0
09.19,2303,1127,39,28
09.20,2303,1127,39,0
09.21,2303,1127,39,0
09.22,2303,1127,39,0
09.23,2324,1549,39,21
09.24,2324,1549,39,0
09.25,2324,1549,39,0
09.26,2324,1549,39,0
09.27,2324,1549,39,0
09.28,2324,1549,39,0
09.29,2324,1549,39,0
09.30,2324,1549,39,0
10.01,2324,1549,39,0
10.02,2324,1549,39,0
10.03,2362,1549,39,38
10.04,2362,1549,39,0
10.05,2362,1549,39,0
10.06,2385,1728,40,23
10.07,2385,1728,40,0
10.08,2385,1728,40,0
10.09,2385,1728,40,0
10.10,2385,1728,40,0
10.11,2385,1728,40,0
10.12,2385,1728,40,0
10.13,2389,1782,41,4
10.14,2389,1782,41,0
10.15,2389,1782,41,0
10.16,2389,1782,41,0
10.17,2389,1782,41,0
10.18,2389,1782,41,0
10.19,2389,1782,41,0
10.20,2403,1818,41,14
10.21,2403,1818,41,0
10.22,2403,1818,41,0
10.23,2403,1818,41,0
10.24,2403,1818,41,0
10.25,2403,1818,41,0
10.26,2403,1818,41,0
10.27,2403,1818,41,0
10.28,2403,1818,41,0
10.29,2403,1818,41,0
10.30,2403,1818,41,0
10.31,2403,1818,41,0
11.01,2413,1818,41,10
11.02,2413,1818,41,0
11.03,2413,1818,41,0
11.04,2413,1818,41,0
11.05,2414,1862,42,1
11.06,2414,1862,42,0
11.07,2414,1862,42,0
11.08,2414,1862,42,0
11.09,2414,1862,42,0
11.10,2419,2255,43,5
11.11,2419,2255,43,0
11.12,2419,2255,43,0
11.13,2419,2255,43,0
11.14,2419,2255,43,0
11.15,2419,2255,43,0
11.16,2419,2255,43,0
11.17,2419,2255,43,0
11.18,2421,2286,43,2
11.19,2421,2286,43,0
11.20,2421,2286,43,0
11.21,2421,2286,43,0
11.22,2421,2286,43,0
11.23,2421,2286,43,0
11.24,2422,2309,43,1
11.25,2422,2309,43,0
11.26,2422,2309,43,0
11.27,2422,2309,43,0
11.28,2422,2309,43,0
11.29,2422,2309,43,0
11.30,2422,2309,43,0
12.01,2441,2327,44,19
12.02,2441,2327,44,0
12.03,2441,2327,44,0
12.04,2441,2327,44,0
12.05,2441,2327,44,0
12.06,2441,2327,44,0
12.07,2441,2327,44,0
12.08,2444,2337,44,3
12.09,2444,2337,44,0
12.10,2444,2337,44,0
12.11,2444,2337,44,0
12.12,2444,2337,44,0
12.13,2444,2337,44,0
12.14,2444,2337,44,0
12.15,2444,2337,44,0
12.16,2447,2378,44,3
12.17,2447,2378,44,0
12.18,2447,2378,44,0
12.19,2447,2378,44,0
12.20,2447,2378,44,0
12.21,2447,2378,44,0
12.22,2447,2378,44,0
12.23,2447,2386,45,0
12.24,2447,2386,45,0
12.25,2447,2386,45,0
12.26,2447,2386,45,0
12.27,2447,2386,45,0
12.28,2447,2386,45,0
12.29,2447,2386,45,0
12.30,2452,2397,45,5
12.31,2452,2397,45,0
01.01,2452,2397,45,0
01.02,2452,2397,45,0
01.03,2452,2397,45,0
01.04,2455,2398,45,3
01.05,2455,2398,45,0
01.06,2455,2398,45,0
01.07,2455,2398,45,0
01.08,2455,2398,45,0
01.09,2455,2398,45,0
01.10,2455,2398,45,0
01.11,2478,2400,45,23
01.12,2478,2400,45,0
01.13,2478,2400,45,0
01.14,2478,2400,45,0
01.15,2478,2400,45,0
01.16,2478,2400,45,0
01.17,2478,2400,45,0
01.18,2509,2405,45,31
01.19,2510,2405,45,1
01.20,2510,2405,45,0
01.21,2510,2405,45,0
01.22,2510,2405,45,0
01.23,2510,2405,45,0
01.24,2510,2405,45,0
01.25,2532,2421,45,22
01.26,2532,2421,45,0
01.27,2532,2421,45,0
01.28,2532,2421,45,0
01.29,2532,2421,45,0
01.30,2532,2421,45,0
01.31,2532,2421,45,0
02.01,2634,2427,45,102
02.02,2634,2427,45,0
02.03,2634,2427,45,0
02.04,2662,2427,45,28
02.05,2662,2427,46,0
02.06,2752,2427,46,90
02.07,2772,2427,46,20
02.08,2780,2427,46,8
02.09,2780,2427,46,0
02.10,2810,2432,46,30
02.11,2826,2432,46,16
02.12,2848,2432,46,22
02.13,2869,2432,46,21
02.14,2885,2432,46,16
02.15,2924,2464,46,39
02.16,2924,2464,46,0
02.17,2950,2468,46,26
02.18,2999,2482,46,49
02.19,3025,2487,46,26
02.20,3064,2492,46,39
02.21,3091,2500,46,27
02.22,3115,2555,47,24
02.23,3115,2555,47,0
02.24,3171,2578,48,56
02.25,3171,2578,48,0
02.26,3215,2587,48,44
02.27,3241,2597,48,26
02.28,3247,2601,48,6
03.01,3262,2613,48,15
03.02,3262,2613,48,0
03.03,3271,2615,48,9
03.04,3282,2624,48,11
03.05,3301,2655,49,19
03.06,3303,2667,49,2
03.07,3312,2668,49,9
03.08,3312,2671,49,0
03.09,3312,2671,49,0
03.10,3319,2686,49,7
03.11,3327,2696,51,8
03.12,3380,2708,51,53
03.13,3398,2728,52,18
03.14,3436,2744,52,38
03.15,3447,2755,52,11
03.16,3447,2755,52,0
03.17,3469,2776,52,22
03.18,3488,2791,54,19
03.19,3518,2806,54,30
03.20,3536,2824,55,18
03.21,3558,2837,55,22
03.22,3568,2870,55,10
03.23,3568,2870,55,0
03.24,3586,2891,56,18
03.25,3591,2901,56,5
03.26,3607,2911,61,16
03.27,3615,2921,61,8
03.28,3630,2930,61,15
03.29,3634,2940,61,4
03.30,3634,2940,61,0
03.31,3634,2950,61,0
04.01,3650,2972,63,16
04.02,3661,2982,63,11
04.03,3661,2992,65,0
04.04,3661,3002,65,0
04.05,3662,3012,66,1
04.06,3662,3012,66,0
04.07,3662,3022,66,0
04.08,3663,3032,66,1
04.09,3664,3042,66,1
04.10,3675,3049,66,11
04.11,3678,3059,66,3
04.12,3680,3069,66,2
04.13,3680,3069,66,0
04.14,3693,3083,66,13
04.15,3694,3093,66,1
04.16,3706,3106,66,12
04.17,3710,3117,66,4
04.18,3710,3117,66,0
04.19,3712,3142,66,2
04.20,3712,3142,66,0
04.21,3713,3170,66,1
04.22,3713,3170,66,0
04.23,3721,3205,66,8
04.24,3722,3222,66,1
04.25,3724,3237,67,2
04.26,3726,3252,67,2
04.27,3726,3252,67,0
04.28,3731,3267,67,5
04.29,3731,3267,67,0
04.30,3733,3300,67,2
05.01,3734,3315,67,1
05.02,3736,3327,67,2
05.03,3736,3327,67,0
05.04,3736,3327,67,0
05.05,3737,3359,67,1
05.06,3738,3373,67,1
05.07,3738,3373,67,0
05.08,3739,3387,67,1
05.09,3739,3387,67,0
05.10,3741,3400,67,2
05.11,3741,3400,67,0
05.12,3741,3400,67,0
05.13,3741,3400,67,0
05.14,3743,3418,67,2
05.15,3745,3427,67,2
05.16,3746,3438,67,1
05.17,3746,3438,67,0
05.18,3746,3438,67,0
05.19,3746,3438,67,0
05.20,3746,3438,68,0
05.21,3746,3473,68,0
05.22,3749,3478,68,3
05.23,3749,3478,68,0
05.24,3751,3495,68,2
05.25,3751,3495,68,0
05.26,3753,3500,68,2
05.27,3753,3500,68,0
05.28,3756,3506,68,3
05.29,3760,3511,68,4
05.30,3761,3516,68,1
05.31,3766,3518,68,5
06.01,3766,3518,68,0
06.02,3770,3520,68,4
06.03,3783,3523,68,13
06.04,3784,3525,68,1
06.05,3787,3529,68,3
06.06,3787,3529,68,0
06.07,3787,3529,68,0
06.08,3787,3529,68,0
06.09,3790,3535,68,3
06.10,3794,3538,68,4
06.11,3800,3542,68,6
06.12,3802,3545,69,2
06.13,3802,3545,69,0
06.14,3803,3548,69,1
06.15,3803,3548,69,0
06.16,3809,3550,69,6
06.17,3810,3551,69,1
06.18,3819,3553,69,9
06.19,3824,3556,69,5
06.20,3825,3558,69,1
06.21,3825,3558,69,0
06.22,3825,3558,69,0
06.23,3834,3565,69,9
06.24,3839,3567,69,5
06.25,3844,3569,69,5
06.26,3845,3572,69,1
06.27,3846,3574,69,1
06.28,3846,3574,69,0
06.29,3846,3576,69,0
06.30,3853,3579,69,7
07.01,3859,3583,69,6
07.02,3859,3583,69,0
