,confirm,heal,dead,confirm_add
03.20,2,0,0,2
03.21,2,0,0,0
03.22,2,0,0,0
03.23,5,0,0,3
03.24,6,0,0,1
03.25,7,0,0,1
03.26,8,0,0,1
03.27,8,0,0,0
03.28,8,0,0,6
03.29,15,1,0,7
03.30,15,1,0,0
03.31,15,1,0,0
04.01,16,1,0,1
04.02,16,1,0,0
04.03,18,1,0,2
04.04,18,1,0,0
04.05,21,1,0,3
04.06,21,1,1,0
04.07,24,0,1,3
04.08,25,0,1,1
04.09,30,0,2,5
04.10,30,0,2,0
04.11,31,0,2,1
04.12,33,0,3,2
04.13,33,0,3,0
04.14,40,0,3,7
04.15,40,0,3,0
04.16,41,0,3,1
04.17,43,0,3,2
04.18,44,0,3,1
04.19,44,0,3,0
04.20,47,0,3,3
04.21,57,0,3,10
04.22,58,2,4,1
04.23,62,2,4,4
04.24,72,2,5,10
04.25,72,6,6,0
04.26,72,6,6,0
04.27,74,7,6,2
04.28,76,8,6,2
04.29,76,8,6,0
04.30,76,8,7,0
05.01,81,8,8,5
05.02,85,10,8,4
05.03,85,10,8,0
05.04,88,10,9,3
05.05,100,10,11,12
05.06,101,10,12,1
05.07,108,15,12,7
05.08,129,16,12,21
05.09,146,17,12,17
05.10,151,17,12,5
05.11,182,17,15,31
05.12,209,17,16,27
05.13,219,17,18,10
05.14,234,17,18,15
05.15,273,18,20,39
05.16,310,29,20,37
05.17,358,29,20,48
05.18,456,21,20,98
05.19,533,21,21,77
05.20,596,21,22,63
05.21,663,21,22,67
05.22,734,21,25,71
05.23,812,22,25,78
05.24,865,22,26,53
05.25,958,22,27,93
05.26,1063,22,31,105
05.27,1174,22,33,111
05.28,1320,22,34,146
05.29,1443,22,35,123
05.30,1584,22,35,141
05.31,1865,24,41,281
06.01,2124,24,44,259
06.02,2226,24,45,102
06.03,2226,24,45,0
06.04,2640,24,50,414
06.05,2640,24,50,0
06.06,2924,24,50,284
06.07,3072,24,50,148
06.08,3334,24,51,262
06.09,3538,24,54,204
06.10,3662,24,56,124
06.11,3796,24,58,134
06.12,3941,24,64,145
06.13,3941,24,64,0
06.14,4165,24,70,224
06.15,4309,24,73,144
06.16,4441,24,76,132
06.17,4547,24,80,106
06.18,4688,24,82,141
06.19,4916,24,84,228
06.20,4980,24,87,64
06.21,5077,24,88,97
06.22,5211,24,88,134
06.23,5211,24,88,0
06.24,5324,436,89,113
06.25,5429,512,92,105
06.26,5543,512,96,114
06.27,5722,641,98,179
06.28,5777,706,100,55
06.29,5847,787,104,70
06.30,5933,839,105,86
07.01,5975,931,105,42
07.02,6040,1032,107,65
07.03,6101,1141,110,61
07.04,6230,1286,110,129
07.05,6294,1408,113,64
07.06,6333,1549,113,39
07.07,6371,1824,113,38
07.08,6432,2080,117,61
07.09,6486,2181,123,54
07.10,6582,2459,130,96
07.11,6617,2590,135,35
07.12,6690,2590,139,73
07.13,6727,2924,139,37
07.14,6727,3022,141,0
07.15,6831,3283,143,104
07.16,6902,3484,145,71
07.17,6948,3606,145,46
07.18,6975,3738,146,27
07.19,7053,3877,146,78
07.20,7053,3877,146,0
07.21,7100,4095,151,47
07.22,7146,4095,154,46
07.23,7167,4095,154,21
07.24,7197,4236,154,30
07.25,7260,4236,156,63
07.26,7297,4365,157,37
07.27,7315,4365,157,18
07.28,7340,4365,158,25
07.29,7371,4467,158,31
07.30,7378,4467,159,7
07.31,7412,4467,161,34
08.01,7424,4606,161,12
08.02,7468,4606,165,44
08.03,7468,4606,165,0
08.04,7511,4832,166,43
08.05,7532,4832,171,21
08.06,7544,4832,171,12
08.07,7582,4832,171,38
08.08,7599,4893,177,17
08.09,7611,4893,182,12
08.10,7634,4982,183,23
08.11,7649,4982,183,15
08.12,7649,4982,183,0
08.13,7781,5123,192,132
08.14,7810,5123,192,29
08.15,7831,5235,196,21
08.16,7831,5235,196,0
08.17,7879,5235,196,48
08.18,7897,5235,196,18
08.19,7921,5235,196,24
08.20,7949,5337,196,28
08.21,7997,5447,196,48
08.22,8050,5447,196,53
08.23,8050,5447,196,0
08.24,8082,5624,196,32
08.25,8112,5624,196,30
08.26,8122,5677,197,10
08.27,8122,5677,197,0
08.28,8151,5743,200,29
08.29,8161,5743,201,10
08.30,8209,5828,201,48
08.31,8224,5828,201,15
09.01,8224,5828,201,0
09.02,8258,5870,206,34
09.03,8301,5870,210,43
09.04,8301,5870,210,0
09.05,8326,5870,212,25
09.06,8360,5933,214,34
09.07,8360,5933,214,0
09.08,8376,5991,214,16
09.09,8376,5991,214,0
09.10,8384,5991,214,8
09.11,8429,5991,215,45
09.12,8478,6120,219,49
09.13,8478,6120,219,0
09.14,8499,6120,219,21
09.15,8499,6120,219,0
09.16,8530,6181,220,31
09.17,8541,6258,220,11
09.18,8556,6315,220,15
09.19,8600,6363,221,44
09.20,8600,6363,221,0
09.21,8624,6482,221,24
09.22,8633,6482,223,9
09.23,8646,6551,225,13
09.24,8646,6551,225,0
09.25,8684,6551,227,38
09.26,8723,6551,227,39
09.27,8723,6551,227,0
09.28,8740,6688,227,17
09.29,8740,6757,227,0
09.30,8740,6757,227,0
10.01,8766,6829,229,26
10.02,8781,6907,229,15
10.03,8792,6949,229,11
10.04,8811,6949,229,19
10.05,8819,6992,229,8
10.06,8827,6992,229,8
10.07,8838,7013,229,11
10.08,8838,7013,229,0
10.09,8854,7013,230,16
10.10,8854,7013,230,0
10.11,8860,7104,230,6
10.12,8882,7104,230,22
10.13,8882,7104,230,0
10.14,8887,7140,230,5
10.15,8908,7182,231,21
10.16,8925,7182,231,17
10.17,8925,7182,231,0
10.18,8956,7213,231,31
10.19,8964,7213,231,8
10.20,8976,7303,231,12
10.21,8976,7303,231,0
10.22,8979,7303,231,3
10.23,9007,7311,231,28
10.24,9015,7361,231,8
10.25,9015,7361,231,0
10.26,9026,7373,232,11
10.27,9026,7373,232,0
10.28,9040,7411,232,14
10.29,9046,7422,232,6
10.30,9057,7429,232,11
10.31,9057,7429,232,0
11.01,9057,7429,232,0
11.02,9057,7429,232,0
11.03,9057,7429,232,0
11.04,9057,7429,232,0
11.05,9100,7589,232,43
11.06,9109,7589,232,9
11.07,9127,7618,232,18
11.08,9127,7618,232,0
11.09,9127,7618,232,0
11.10,9137,7618,232,10
11.11,9137,7683,232,0
11.12,9152,7683,232,15
11.13,9160,7701,232,8
11.14,9168,7701,232,8
11.15,9168,7701,232,0
11.16,9168,7701,232,0
11.17,9188,7801,232,20
11.18,9191,7820,232,3
11.19,9191,7820,232,0
11.20,9208,7820,232,17
11.21,9211,7854,232,3
11.22,9214,7854,232,3
11.23,9214,7854,232,0
11.24,9224,7886,232,10
11.25,9229,7886,232,5
11.26,9248,7916,232,19
11.27,9256,7925,232,8
11.28,9264,7951,232,8
11.29,9272,7951,232,8
11.30,9272,7951,232,0
12.01,9294,8023,233,22
12.02,9296,8023,233,2
12.03,9313,8091,233,17
12.04,9331,8114,233,18
12.05,9347,8124,233,16
12.06,9370,8146,233,23
12.07,9370,8146,233,0
12.08,9399,8148,233,29
12.09,9399,8148,233,0
12.10,9434,8170,233,35
12.11,9434,8170,233,0
12.12,9465,8214,233,31
12.13,9491,8241,233,26
12.14,9491,8241,233,0
12.15,9588,8280,234,97
12.16,9597,8280,234,9
12.17,9597,8280,234,0
12.18,9627,8310,234,30
12.19,9648,8321,234,21
12.20,9674,8336,234,26
12.21,9674,8336,234,0
12.22,9763,8404,234,89
12.23,9771,8408,234,8
12.24,9805,8413,234,34
12.25,9805,8413,234,0
12.26,9805,8413,234,0
12.27,9805,8413,234,0
12.28,9947,8563,235,142
12.29,9958,8582,236,11
12.30,9999,8598,236,41
12.31,9999,8598,236,0
01.01,10015,8624,236,16
01.02,10015,8624,236,0
01.03,10077,8657,236,62
01.04,10127,8672,236,50
01.05,10127,8672,236,0
01.06,10127,8672,236,0
01.07,10127,8672,236,0
01.08,10203,8725,236,76
01.09,10241,8745,237,38
01.10,10272,8768,238,31
01.11,10272,8768,238,0
01.12,10386,8814,238,114
01.13,10415,8840,238,29
01.14,10569,8888,238,154
01.15,10635,8903,238,66
01.16,10635,8903,238,0
01.17,10681,8905,238,46
01.18,10781,8920,240,100
01.19,10907,8956,240,126
01.20,10907,8956,240,0
01.21,10963,8959,240,56
01.22,11035,8979,243,72
01.23,11035,8979,243,0
01.24,11099,8982,243,64
01.25,11181,8986,243,82
01.26,11099,8982,243,-82
01.27,11286,9010,243,187
01.28,11286,9016,243,0
01.29,11402,9061,244,116
01.30,11460,9061,245,58
01.31,11533,9063,245,73
02.01,11533,9098,245,0
02.02,11590,9098,245,57
02.03,11672,9114,245,82
02.04,11692,9114,245,20
02.05,11692,9114,245,0
02.06,11692,9137,245,0
02.07,11806,9156,246,114
02.08,11806,9156,246,0
02.09,11908,9177,246,102
02.10,11969,9177,246,61
02.11,11991,9258,246,22
02.12,12016,9258,246,25
02.13,12016,9258,246,0
02.14,12143,9354,247,127
02.15,12143,9354,247,0
02.16,12192,9354,247,49
02.17,12206,9363,247,14
02.18,12206,9363,247,0
02.19,12206,9363,247,0
02.20,12254,9440,247,48
02.21,12274,9529,247,20
02.22,12309,9529,247,35
02.23,12309,9529,247,0
02.24,12352,9536,247,43
02.25,12352,9570,247,0
02.26,12352,9611,247,0
02.27,12430,9679,250,78
02.28,12430,9712,250,0
03.01,12448,9712,250,18
03.02,12493,9763,250,45
03.03,12531,9828,250,38
03.04,12536,9828,250,5
03.05,12536,9828,250,0
03.06,12536,9828,251,0
03.07,12536,9828,251,0
03.08,12536,9828,251,0
03.09,12536,9828,251,0
03.10,12594,9967,251,58
03.11,12594,9967,251,0
03.12,12632,9967,251,38
03.13,12632,10034,250,0
03.14,12632,10034,250,0
03.15,12632,10177,250,0
03.16,12664,10177,250,32
03.17,12669,10204,250,5
03.18,12686,10331,251,17
03.19,12688,10443,251,2
03.20,12700,10612,251,12
03.21,12714,10612,251,14
03.22,12714,10612,251,0
03.23,12722,10667,251,8
03.24,12732,10754,251,10
03.25,12732,10754,251,0
03.26,12736,10754,251,4
03.27,12736,10754,251,0
03.28,12736,10754,252,0
03.29,12736,10754,252,0
03.30,12736,10754,252,0
03.31,12758,10938,252,22
04.01,12762,11043,252,4
04.02,12762,11126,252,0
04.03,12788,11126,252,26
04.04,12788,11126,252,0
04.05,12788,11126,252,0
04.06,12803,11317,252,15
04.07,12803,11317,252,0
04.08,12803,11317,252,0
04.09,12816,11427,252,13
04.10,12816,11447,252,0
04.11,12840,11447,252,24
04.12,12840,11447,252,0
04.13,12855,11513,251,15
04.14,12855,11513,251,0
04.15,12857,11614,252,2
04.16,12876,11723,252,19
04.17,12876,11791,252,0
04.18,12918,11791,251,42
04.19,12918,11791,251,0
04.20,12918,11791,251,0
04.21,12918,11791,251,0
04.22,12944,11945,251,26
04.23,12944,11945,251,0
04.24,12944,11945,251,0
04.25,12944,11945,251,0
04.26,12958,11945,252,14
04.27,12999,12142,253,41
04.28,13017,12143,254,18
04.29,13017,12143,254,0
04.30,13056,12143,254,39
05.01,13056,12148,254,0
05.02,13094,12148,254,38
05.03,13094,12148,254,0
05.04,13135,12151,257,41
05.05,13149,12151,260,14
05.06,13164,12151,263,15
05.07,13164,12154,263,0
05.08,13164,12154,263,0
05.09,13164,12154,263,0
05.10,13164,12154,263,0
05.11,13179,12304,264,15
05.12,13227,12304,266,48
05.13,13255,12397,268,28
05.14,13268,12397,269,13
05.15,13268,12414,269,0
05.16,13393,12414,271,125
05.17,13393,12414,271,0
05.18,13520,12435,274,127
05.19,13520,12437,274,0
05.20,13598,12463,276,78
05.21,13624,12463,276,26
05.22,13624,12463,276,0
05.23,13624,12479,276,0
05.24,13906,12507,288,282
05.25,13906,12509,288,0
05.26,14037,12509,292,131
05.27,14037,12509,292,0
05.28,14037,12511,292,0
05.29,14128,12511,302,91
05.30,14128,12528,302,0
05.31,14258,12528,307,130
06.01,14565,12541,317,307
06.02,14711,12552,319,146
06.03,14931,12552,321,220
06.04,15058,12552,321,127
06.05,15058,12552,321,0
06.06,15123,12552,321,65
06.07,15435,12557,325,312
06.08,15895,12557,333,460
06.09,16001,12557,342,106
06.10,16001,12557,342,0
06.11,16079,12558,346,78
06.12,16079,12560,346,0
06.13,16079,12560,346,0
06.14,16561,12560,355,482
06.15,16662,12563,358,101
06.16,16662,12568,358,0
06.17,16859,12568,361,197
06.18,16859,12612,361,0
06.19,16859,12645,361,0
06.20,16859,12645,361,0
06.21,17061,12667,369,202
06.22,17061,12753,369,0
06.23,17603,12753,388,542
06.24,17603,12763,388,0
06.25,17963,12777,400,360
06.26,17963,12802,400,0
06.27,17963,12802,400,0
06.28,18212,12802,413,249
06.29,18341,12840,415,129
06.30,18562,12847,425,221
07.01,18658,12847,436,96
07.02,18658,12847,436,0
