,confirm,heal,dead,confirm_add
03.11,2,0,0,2
03.12,2,0,0,0
03.13,2,0,0,0
03.14,2,0,0,0
03.15,2,0,0,0
03.16,2,0,0,0
03.17,2,0,0,0
03.18,8,0,0,6
03.19,12,0,0,4
03.20,24,0,0,12
03.21,24,0,0,0
03.22,26,0,0,2
03.23,27,0,0,1
03.24,30,0,0,6
03.25,36,0,0,6
03.26,52,0,0,22
03.27,68,0,1,16
03.28,95,3,1,27
03.29,95,3,1,27
03.30,139,3,1,44
03.31,141,3,7,2
04.01,172,3,10,31
04.02,219,3,14,47
04.03,222,3,15,3
04.04,264,3,15,42
04.05,268,6,22,4
04.06,298,6,22,30
04.07,305,6,22,7
04.08,312,6,22,7
04.09,343,6,23,31
04.10,382,7,23,39
04.11,392,7,24,10
04.12,393,7,25,1
04.13,397,7,25,4
04.14,407,7,26,10
04.15,419,9,31,12
04.16,426,9,35,7
04.17,442,10,41,16
04.18,457,10,46,15
04.19,472,15,46,15
04.20,477,25,46,5
04.21,494,29,46,17
04.22,510,30,46,16
04.23,519,31,47,9
04.24,562,50,47,43
04.25,591,58,55,29
04.26,627,65,59,36
04.27,661,79,61,34
04.28,702,79,64,41
04.29,738,73,66,36
04.30,771,79,71,33
05.01,804,112,75,33
05.02,899,112,75,95
05.03,899,112,75,0
05.04,1055,118,82,156
05.05,1178,122,83,123
05.06,1270,122,93,92
05.07,1461,132,99,191
05.08,1685,154,105,224
05.09,1771,192,107,86
05.10,1830,195,108,59
05.11,1972,203,108,142
05.12,2100,206,116,128
05.13,2080,211,121,-20
05.14,2255,237,123,175
05.15,2318,253,133,63
05.16,2460,264,134,142
05.17,2565,278,138,105
05.18,2646,319,142,81
05.19,2798,340,146,152
05.20,2955,349,147,157
05.21,3100,355,151,145
05.22,3204,397,156,104
05.23,3477,439,167,273
05.24,3743,455,174,266
05.25,3950,468,180,207
05.26,4189,473,182,239
05.27,4401,493,188,212
05.28,4640,506,194,239
05.29,4752,519,196,112
05.30,4886,528,199,134
05.31,5094,536,201,208
06.01,5202,537,212,108
06.02,5362,549,217,160
06.03,5362,549,217,0
06.04,5690,617,234,328
06.05,5880,648,243,190
06.06,5971,677,248,91
06.07,6155,697,250,184
06.08,6327,712,258,172
06.09,6450,740,262,123
06.10,6935,787,271,485
06.11,7360,809,290,425
06.12,7669,837,294,309
06.13,8132,844,306,463
06.14,8455,894,310,323
06.15,8858,967,312,403
06.16,9178,1025,322,320
06.17,9656,1075,330,478
06.18,10299,1116,336,643
06.19,10739,1179,343,440
06.20,11258,1214,349,519
06.21,12306,1275,358,1048
06.22,12769,1293,363,463
06.23,13356,1362,395,587
06.24,13943,1461,405,587
06.25,14571,1546,417,628
06.26,15366,1600,426,795
06.27,15994,1678,471,628
06.28,17007,1767,479,1013
06.29,18082,1875,479,1075
06.30,18818,1961,485,736
07.01,19558,2060,497,740
07.02,20262,2123,542,704
07.03,21120,2190,591,858
07.04,22116,2250,605,996
07.05,22921,2387,629,805
07.06,23943,2490,639,1022
07.07,24665,2585,656,722
07.08,25428,2637,677,763
07.09,25978,2721,694,550
07.10,26384,2779,704,406
07.11,27053,2850,750,669
07.12,27583,2901,771,530
07.13,28090,2957,774,507
07.14,28579,3123,789,489
07.15,29106,3287,807,527
07.16,30036,3379,825,930
07.17,30867,3420,835,831
07.18,31745,3565,857,878
07.19,32793,3661,891,1048
07.20,33835,3801,900,1042
07.21,34611,3905,935,776
07.22,35345,4144,988,734
07.23,36102,4315,1006,757
07.24,36902,4448,1011,800
07.25,37559,4607,1061,657
07.26,38438,4713,1098,879
07.27,39276,4922,1116,838
07.28,39741,5039,1166,465
07.29,40460,5103,1214,719
07.30,40944,5281,1259,484
07.31,41426,5443,1312,482
08.01,42014,5554,1337,588
08.02,42685,5694,1368,671
08.03,43197,5794,1377,512
08.04,43794,5854,1384,597
08.05,44299,5921,1400,505
08.06,45098,6116,1423,799
08.07,45755,6225,1446,657
08.08,46365,6355,1465,610
08.09,46973,6428,1476,608
08.10,47454,6597,1495,481
08.11,47872,6649,1506,418
08.12,48403,6805,1515,531
08.13,48657,6945,1533,254
08.14,49042,7032,1542,385
08.15,49467,7128,1548,425
08.16,49979,7255,1567,512
08.17,50502,7339,1575,523
08.18,50995,7450,1583,493
08.19,51670,7661,1593,675
08.20,52298,7867,1608,628
08.21,52819,8082,1619,521
08.22,53381,8271,1632,562
08.23,53983,8449,1643,602
08.24,54511,8532,1654,528
08.25,55479,8556,1683,968
08.26,55877,9124,1703,398
08.27,56649,9169,1747,772
08.28,57669,9586,1803,1020
08.29,58810,10076,1827,1141
08.30,59645,10156,1842,835
08.31,60174,10242,1858,529
09.01,61014,10396,1873,840
09.02,61769,10430,1888,755
09.03,62526,11147,1924,757
09.04,63158,11618,1954,632
09.05,63798,12347,1984,640
09.06,64352,13115,2006,554
09.07,64764,13418,2007,412
09.08,64814,13828,2023,50
09.09,65218,14273,2034,404
09.10,65597,15064,2044,379
09.11,65802,15577,2049,205
09.12,66049,16613,2058,247
09.13,67136,17770,2065,1087
09.14,67789,17873,2079,653
09.15,68620,18487,2087,831
09.16,68620,18487,2087,0
09.17,69660,19983,2102,1040
09.18,70120,20677,2122,460
09.19,70611,21149,2146,491
09.20,71143,21810,2166,532
09.21,71616,22065,2184,473
09.22,72075,22611,2204,459
09.23,72306,23230,2206,231
09.24,72675,24022,2222,369
09.25,73193,24580,2249,518
09.26,73840,25728,2271,647
09.27,74548,26088,2288,708
09.28,75109,26374,2289,561
09.29,75537,26957,2301,428
09.30,76098,27383,2323,561
10.01,76900,27922,2353,802
10.02,77598,28517,2380,698
10.03,78269,28978,2386,671
10.04,78788,29187,2399,519
10.05,79629,29305,2422,841
10.06,80020,29768,2433,391
10.07,80662,30131,2447,642
10.08,81016,30590,2466,354
10.09,81672,31089,2477,656
10.10,82552,31736,2492,880
10.11,83146,31931,2504,594
10.12,84081,32012,2512,935
10.13,84413,32214,2521,332
10.14,84852,32772,2528,439
10.15,85458,32990,2533,606
10.16,86089,34099,2552,631
10.17,86691,34546,2556,602
10.18,87594,34662,2563,903
10.19,88425,34964,2568,831
10.20,89381,35398,2576,956
10.21,90232,35930,2582,851
10.22,91078,36341,2596,846
10.23,91509,37132,2604,431
10.24,91882,37697,2612,373
10.25,92724,37866,2617,842
10.26,93214,37996,2623,490
10.27,93966,38536,2633,752
10.28,94623,38833,2639,657
10.29,95199,39126,2652,576
10.30,96150,39804,2661,951
10.31,96888,40129,2669,738
11.01,97404,40379,2672,516
11.02,98212,40687,2675,808
11.03,98405,41116,2688,193
11.04,98688,41848,2706,283
11.05,99124,42153,2730,436
11.06,99347,42574,2736,223
11.07,99576,42609,2741,229
11.08,100041,42815,2745,465
11.09,100508,42959,2751,467
11.10,100573,43177,2765,65
11.11,100573,43177,2765,0
11.12,101169,43857,2797,596
11.13,101468,44068,2804,299
11.14,102079,44236,2820,611
11.15,102555,44551,2822,476
11.16,103102,44778,2823,547
11.17,103239,44915,2839,137
11.18,103488,45082,2839,249
11.19,103488,45082,2839,0
11.20,103488,45082,2839,0
11.21,103551,45825,2853,63
11.22,104435,46208,2857,884
11.23,104915,46475,2859,480
11.24,105211,46616,2869,296
11.25,105211,46616,2869,0
11.26,106116,47006,2888,905
11.27,106681,47354,2892,565
11.28,107134,47576,2899,453
11.29,107513,47638,2905,379
11.30,107888,47680,2909,375
12.01,108253,48073,2918,365
12.02,108253,48073,2918,0
12.03,109144,48877,2930,891
12.04,109760,48953,2938,616
12.05,109760,48953,2938,0
12.06,109960,49096,2941,200
12.07,111023,49456,2946,1063
12.08,111707,49781,2950,684
12.09,112175,50344,2952,468
12.10,112792,50888,2961,617
12.11,113207,50948,2968,415
12.12,113708,51244,2971,501
12.13,114043,51410,2974,335
12.14,114359,51478,2975,316
12.15,114642,51688,2989,283
12.16,114943,52392,3001,301
12.17,115317,52945,3013,374
12.18,115474,53499,3021,157
12.19,116212,54002,3023,738
12.20,116212,54002,3023,0
12.21,117022,54267,3027,810
12.22,117190,54304,3034,168
12.23,117588,54446,3046,398
12.24,118036,54806,3054,448
12.25,118036,54806,3054,0
12.26,118659,55587,3061,623
12.27,119097,55704,3065,438
12.28,119097,55704,3065,0
12.29,120103,56463,3088,1006
12.30,120912,56580,3111,809
12.31,121827,56694,3130,915
01.01,122763,56936,3141,936
01.02,122974,56936,3160,211
01.03,123144,57348,3173,170
01.04,123369,57348,3180,225
01.05,123398,57348,3181,29
01.06,123822,57348,3186,424
01.07,124899,57348,3192,1077
01.08,125118,57348,3200,219
01.09,125557,58517,3244,439
01.10,126943,58788,3264,1386
01.11,127945,58788,3273,1002
01.12,128701,59301,3285,756
01.13,129805,59389,3294,1104
01.14,131009,59647,3320,1204
01.15,131963,59963,3335,954
01.16,132412,60056,3344,449
01.17,133507,60056,3348,1095
01.18,134111,60132,3354,604
01.19,134938,60165,3368,827
01.20,136068,60200,3391,1130
01.21,136898,60217,3406,830
01.22,138044,60392,3422,1146
01.23,139182,60410,3439,1138
01.24,140238,60448,3441,1056
01.25,140929,60469,3447,691
01.26,141984,60477,3462,1055
01.27,142880,60597,3486,896
01.28,144007,60669,3512,1127
01.29,144992,60735,3549,985
01.30,146110,60821,3575,1118
01.31,147100,60859,3592,990
02.01,147843,60873,3610,743
02.02,148951,60979,3614,1108
02.03,148951,60979,3614,0
02.04,151103,61284,3662,2152
02.05,152225,61456,3669,1122
02.06,153253,61587,3694,1028
02.07,153905,61785,3710,652
02.08,154568,61817,3721,663
02.09,155735,61936,3742,1167
02.10,156606,61968,3789,871
02.11,157468,62120,3806,862
02.12,158355,62991,3838,887
02.13,159024,63153,3848,669
02.14,159788,63170,3857,764
02.15,160171,63170,3866,383
02.16,160983,63346,3893,812
02.17,161727,63471,3913,744
