,confirm,heal,dead,confirm_add
02.29,1,0,0,1
03.01,1,0,0,0
03.02,3,0,0,2
03.03,9,0,0,6
03.04,20,1,0,11
03.05,34,1,0,14
03.06,37,1,0,3
03.07,45,1,0,8
03.08,55,1,0,6
03.09,58,1,0,9
03.10,65,1,0,7
03.11,81,1,0,16
03.12,109,2,0,28
03.13,117,2,0,8
03.14,134,2,0,17
03.15,134,2,0,0
03.16,171,2,0,37
03.17,180,2,0,9
03.18,220,2,0,40
03.19,250,2,0,30
03.20,330,2,0,80
03.21,409,2,0,79
03.22,473,5,1,64
03.23,568,5,1,95
03.24,588,5,1,20
03.25,648,5,2,60
03.26,739,5,2,91
03.27,802,5,2,63
03.28,890,82,2,88
03.29,963,114,2,73
03.30,1020,135,2,57
03.31,1135,198,2,115
04.01,1220,225,2,85
04.02,1319,284,4,99
04.03,1364,309,4,45
04.04,1417,396,4,53
04.05,1486,428,4,69
04.06,1562,460,4,76
04.07,1586,559,6,24
04.08,1616,633,6,30
04.09,1616,633,6,0
04.10,1675,751,6,59
04.11,1689,841,7,14
04.12,1701,889,8,12
04.13,1701,889,8,0
04.14,1711,933,8,10
04.15,1727,1077,8,16
04.16,1727,1077,8,0
04.17,1754,1224,9,27
04.18,1760,1291,9,6
04.19,1771,1291,9,11
04.20,1773,1362,9,2
04.21,1778,1417,10,5
04.22,1785,1462,10,7
04.23,1789,1509,10,4
04.24,1789,1542,10,0
04.25,1790,1570,10,1
04.26,1792,1608,10,2
04.27,1792,1608,10,0
04.28,1795,1624,10,3
04.29,1797,1656,10,2
04.30,1797,1656,10,0
05.01,1797,1670,10,0
05.02,1798,1706,10,1
05.03,1798,1706,10,0
05.04,1799,1717,10,1
05.05,1799,1723,10,0
05.06,1799,1750,10,0
05.07,1799,1750,10,0
05.08,1801,1755,10,2
05.09,1801,1765,10,0
05.10,1801,1773,10,0
05.11,1801,1773,10,0
05.12,1801,1776,10,0
05.13,1802,1780,10,1
05.14,1802,1780,10,0
05.15,1802,1782,10,0
05.16,1802,1786,10,0
05.17,1802,1786,10,0
05.18,1802,1786,10,0
05.19,1802,1789,10,0
05.20,1803,1789,10,1
05.21,1803,1789,10,0
05.22,1803,1790,10,0
05.23,1804,1791,10,1
05.24,1804,1791,10,0
05.25,1804,1791,10,0
05.26,1804,1792,10,0
05.27,1805,1792,10,1
05.28,1805,1792,10,0
05.29,1805,1794,10,0
05.30,1806,1794,10,1
05.31,1806,1794,10,0
06.01,1806,1794,10,0
06.02,1806,1794,10,0
06.03,1806,1794,10,0
06.04,1806,1794,10,0
06.05,1806,1794,10,0
06.06,1806,1794,10,0
06.07,1807,1794,10,1
06.08,1807,1794,10,0
06.09,1807,1794,10,0
06.10,1807,1794,10,0
06.11,1807,1794,10,0
06.12,1807,1794,10,0
06.13,1808,1794,10,1
06.14,1810,1796,10,2
06.15,1810,1796,10,0
06.16,1812,1796,10,2
06.17,1815,1797,10,3
06.18,1816,1801,10,1
06.19,1819,1801,10,3
06.20,1822,1801,10,3
06.21,1823,1805,10,1
06.22,1823,1805,10,0
06.23,1824,1805,10,1
06.24,1824,1806,10,0
06.25,1830,1811,10,6
06.26,1832,1813,10,2
06.27,1836,1814,10,4
06.28,1836,1814,10,0
06.29,1838,1816,10,2
06.30,1842,1819,10,4
07.01,1847,1823,10,5
07.02,1850,1828,10,3
07.03,1850,1828,10,0
07.04,1855,1832,10,5
07.05,1860,1833,10,5
07.06,1866,1840,10,6
07.07,1873,1847,10,7
07.08,1880,1850,10,7
07.09,1882,1854,10,2
07.10,1882,1854,10,0
07.11,1888,1860,10,6
07.12,1896,1865,10,8
07.13,1900,1871,10,4
07.14,1905,1882,10,5
07.15,1911,1885,10,6
07.16,1911,1885,10,0
07.17,1916,1895,10,5
07.18,1922,1902,10,6
07.19,1930,1907,10,8
07.20,1930,1907,10,0
07.21,1930,1907,10,0
07.22,1840,1822,10,-90
07.23,1841,1823,10,1
07.24,1843,1823,10,2
07.25,1843,1823,10,0
07.26,1847,1823,10,4
07.27,1854,1823,10,7
07.28,1857,1823,10,3
07.29,1861,1823,10,4
07.30,1872,1823,10,11
07.31,1885,1825,10,13
08.01,1893,1825,10,8
08.02,1907,1825,10,14
08.03,1915,1825,10,8
08.04,1918,1825,10,3
08.05,1926,1825,10,8
08.06,1932,1825,10,6
08.07,1952,1833,10,20
08.08,1955,1833,10,3
08.09,1958,1834,10,3
08.10,1962,1838,10,4
08.11,1968,1844,10,6
08.12,1972,1847,10,4
08.13,1976,1852,10,4
08.14,1983,1861,10,7
08.15,1999,1870,10,16
08.16,2011,1880,10,12
08.17,2014,1888,10,3
08.18,2027,1895,10,13
08.19,2035,1903,10,8
08.20,2040,1913,10,5
08.21,2040,1913,10,0
08.22,2058,1936,10,18
08.23,2064,1939,10,6
08.24,2073,1946,10,9
08.25,2077,1953,10,4
08.26,2082,1957,10,5
08.27,2087,1964,10,5
08.28,2092,1964,10,5
08.29,2100,1979,10,8
08.30,2105,1990,10,5
08.31,2107,1997,10,2
09.01,2116,2007,10,9
09.02,2121,2016,10,5
09.03,2128,2023,10,7
09.04,2135,2029,10,7
09.05,2136,2038,10,1
09.06,2141,2050,10,5
09.07,2143,2057,10,2
09.08,2150,2060,10,7
09.09,2153,2067,10,3
09.10,2157,2072,10,4
09.11,2161,2079,10,4
09.12,2162,2085,10,1
09.13,2165,2092,10,3
09.14,2168,2095,10,3
09.15,2174,2102,10,6
09.16,2189,2104,10,15
09.17,2206,2112,10,17
09.18,2230,2112,10,24
09.19,2307,2116,10,77
09.20,2307,2116,10,0
09.21,2377,2125,10,70
09.22,2419,2130,10,42
09.23,2476,2142,10,57
09.24,2512,2150,10,36
09.25,2561,2151,10,49
09.26,2601,2156,10,40
09.27,2623,2158,10,22
09.28,2663,2161,10,40
09.29,2695,2162,10,32
09.30,2728,2167,10,33
10.01,2769,2177,10,41
10.02,2809,2194,10,40
10.03,2872,2212,10,63
10.04,2921,2277,10,49
10.05,2980,2300,10,59
10.06,3081,2324,10,101
10.07,3172,2366,10,91
10.08,3267,2411,10,95
10.09,3373,2448,10,106
10.10,3460,2466,10,87
10.11,3526,2499,10,66
10.12,3582,2550,10,56
10.13,3668,2587,10,86
10.14,3757,2615,10,89
10.15,3837,2657,10,80
10.16,3929,2713,11,92
10.17,3998,2745,11,69
10.18,4055,2804,11,57
10.19,4101,2856,11,46
10.20,4193,2930,11,92
10.21,4230,3013,11,37
10.22,4268,3098,11,38
10.23,4308,3187,11,40
10.24,4394,3302,11,86
10.25,4448,3395,11,54
10.26,4504,3463,11,56
10.27,4574,3515,11,70
10.28,4671,3598,12,97
10.29,4719,3701,12,48
10.30,4797,3788,12,78
10.31,4865,3873,12,68
11.01,4865,3873,12,0
11.02,4931,4931,12,66
11.03,4957,4957,17,26
11.04,4989,4174,17,32
11.05,5017,4237,18,28
11.06,5039,4286,18,22
11.07,5063,4335,18,24
11.08,5078,4423,20,15
11.09,5101,4456,23,23
11.10,5101,4456,23,0
11.11,5114,4521,24,13
11.12,5160,4663,25,46
11.13,5170,4698,25,10
11.14,5186,4767,25,16
11.15,5189,4813,25,3
11.16,5205,4840,25,16
11.17,5215,4888,25,10
11.18,5226,4934,25,11
11.19,5231,4973,25,5
11.20,5251,4993,26,20
11.21,5269,5019,26,18
11.22,5277,5046,26,8
11.23,5277,5046,26,0
11.24,5298,5086,26,21
11.25,5312,5110,26,14
11.26,5323,5131,26,11
11.27,5346,5144,26,23
11.28,5371,5152,26,25
11.29,5381,5168,26,10
11.30,5392,5179,26,11
12.01,5413,5187,27,21
12.02,5413,5187,27,0
12.03,5448,5216,27,35
12.04,5462,5223,27,14
12.05,5476,5253,27,14
12.06,5482,5269,27,6
12.07,5496,5272,27,14
12.08,5506,5292,28,10
12.09,5516,5302,28,10
12.10,5524,5313,28,8
12.11,5539,5323,28,15
12.12,5552,5346,28,13
12.13,5557,5366,28,5
12.14,5564,5392,28,7
12.15,5571,5401,28,7
12.16,5578,5421,28,7
12.17,5588,5423,28,10
12.18,5604,5449,28,16
12.19,5621,5467,28,17
12.20,5642,5478,28,21
12.21,5656,5487,28,14
12.22,5667,5500,28,11
12.23,5683,5506,28,16
12.24,5683,5506,28,0
12.25,5683,5506,28,0
12.26,5683,5506,28,0
12.27,5683,5506,28,0
12.28,5726,5555,28,43
12.29,5736,5566,29,10
12.30,5754,5578,29,18
12.31,5754,5578,29,0
01.01,5754,5578,29,0
01.02,5754,5578,29,0
01.03,5754,5578,29,0
01.04,5795,5665,29,41
01.05,5811,5671,29,16
01.06,5832,5676,29,21
01.07,5845,5690,29,13
01.08,5867,5704,29,22
01.09,5880,5706,29,13
01.10,5890,5718,29,10
01.11,5898,5726,29,8
01.12,5912,5734,29,14
01.13,5935,5742,29,23
01.14,5948,5749,29,13
01.15,5956,5767,29,8
01.16,5956,5767,29,0
01.17,5956,5767,29,0
01.18,5970,5798,29,14
01.19,5970,5814,29,0
01.20,5975,5830,29,5
01.21,5981,5846,29,6
01.22,5981,5868,29,0
01.23,5981,5868,29,0
01.24,5981,5868,29,0
01.25,5990,5900,29,9
01.26,5992,5904,29,2
01.27,6000,5915,29,8
01.28,6001,5925,29,1
01.29,6002,5930,29,1
01.30,6002,5930,29,0
01.31,6002,5930,29,0
02.01,6009,5939,29,7
02.02,6011,5942,29,2
02.03,6013,5946,29,2
02.04,6016,5954,29,3
02.05,6021,5959,29,5
02.06,6021,5959,29,0
02.07,6021,5959,29,0
02.08,6020,5963,29,-1
02.09,6025,5968,29,5
02.10,6026,5973,29,1
02.11,6026,5976,29,0
02.12,6033,5978,29,7
02.13,6033,5978,29,0
02.14,6033,5978,29,0
02.15,6039,5984,29,6
02.16,6039,5986,29,0
02.17,6044,5986,29,5
02.18,6044,5989,29,0
02.19,6045,5989,29,1
02.20,6045,5989,29,0
02.21,6045,5989,29,0
02.22,6049,5995,29,4
02.23,6049,6003,29,0
02.24,6049,6004,29,0
02.25,6049,6005,29,0
02.26,6049,6006,29,0
02.27,6049,6006,29,0
02.28,6049,6006,29,0
03.01,6054,6012,29,5
03.02,6055,6017,29,1
03.03,6058,6018,29,3
03.04,6058,6018,29,0
03.05,6059,6020,29,1
03.06,6059,6020,29,0
03.07,6059,6020,29,0
03.08,6064,6020,29,5
03.09,6067,6022,29,3
03.10,6069,6023,29,2
03.11,6070,6023,29,1
03.12,6072,6023,29,2
03.13,6072,6023,29,0
03.14,6072,6023,29,0
03.15,6083,6027,29,11
03.16,6087,6028,29,4
03.17,6089,6029,29,2
03.18,6091,6030,29,2
03.19,6097,6033,29,6
03.20,6097,6033,29,0
03.21,6097,6033,29,0
03.22,6119,6035,29,22
03.23,6122,6036,29,3
03.24,6144,6040,29,22
03.25,6158,6040,29,14
03.26,6158,6040,29,0
03.27,6163,6039,29,5
03.28,6163,6039,29,0
03.29,6183,6049,29,20
03.30,6183,6049,29,0
03.31,6205,6058,29,22
04.01,6205,6058,29,0
04.02,6205,6058,29,0
04.03,6225,6072,29,20
04.04,6225,6072,29,0
04.05,6225,6072,29,0
04.06,6241,6089,29,16
04.07,6251,6090,29,10
04.08,6251,6090,29,0
04.09,6258,6126,29,7
04.10,6258,6126,29,0
04.11,6258,6126,29,0
04.12,6267,6140,29,9
04.13,6274,6152,29,7
04.14,6275,6163,29,1
04.15,6279,6170,29,4
04.16,6286,6184,29,7
04.17,6286,6184,29,0
04.18,6286,6184,29,0
04.19,6329,6203,29,43
04.20,6350,6208,29,21
04.21,6362,6213,29,12
04.22,6379,6223,29,17
04.23,6390,6227,29,11
04.24,6390,6227,29,0
04.25,6390,6227,29,0
04.26,6429,6231,29,39
04.27,6447,6240,29,18
04.28,6456,6244,29,9
04.29,6466,6246,29,10
04.30,6472,6253,29,6
05.01,6472,6253,29,0
05.02,6472,6253,29,0
05.03,6483,6280,29,11
05.04,6491,6295,29,8
05.05,6497,6295,29,6
05.06,6500,6332,29,3
05.07,6506,6347,29,6
05.08,6506,6347,29,0
05.09,6506,6347,29,0
05.10,6519,6390,29,13
05.11,6522,6409,29,3
05.12,6526,6422,29,4
05.13,6526,6422,29,0
05.14,6537,6445,29,11
05.15,6537,6445,29,0
05.16,6537,6445,29,0
05.17,6548,6456,29,11
05.18,6549,6462,29,1
05.19,6551,6470,29,2
05.20,6555,6476,29,4
05.21,6555,6476,29,0
05.22,6555,6476,29,0
05.23,6555,6476,29,0
05.24,6555,6476,29,0
05.25,6555,6476,29,0
05.26,6555,6476,29,0
05.27,6555,6476,29,0
05.28,6555,6476,29,0
05.29,6555,6476,29,0
05.30,6555,6476,29,0
05.31,6555,6476,29,0
06.01,6555,6476,29,0
06.02,6555,6476,29,0
06.03,6555,6476,29,0
06.04,6555,6476,29,0
06.05,6555,6476,29,0
06.06,6555,6476,29,0
06.07,6555,6476,29,0
06.08,6555,6476,29,0
06.09,6555,6476,29,0
06.10,6555,6476,29,0
06.11,6555,6476,29,0
06.12,6555,6476,29,0
06.13,6555,6476,29,0
06.14,6555,6476,29,0
06.15,6555,6476,29,0
06.16,6555,6476,29,0
06.17,6555,6476,29,0
06.18,6555,6476,29,0
06.19,6555,6476,29,0
06.20,6555,6476,29,0
06.21,6555,6476,29,0
06.22,6555,6476,29,0
06.23,6555,6476,29,0
06.24,6555,6476,29,0
06.25,6555,6476,29,0
06.26,6555,6476,29,0
06.27,6555,6476,29,0
06.28,6555,6476,29,0
06.29,6555,6476,29,0
06.30,6555,6476,29,0
07.01,6555,6476,29,0
07.02,6555,6476,29,0
