,confirm,heal,dead,confirm_add
01.30,1,0,0,0
01.31,1,0,0,0
02.01,1,0,0,0
02.02,2,0,0,1
02.03,3,0,0,1
02.04,3,0,0,0
02.05,3,0,0,0
02.06,3,0,0,0
02.07,3,0,0,0
02.08,3,0,0,0
02.09,3,0,0,0
02.10,3,0,0,0
02.11,3,0,0,0
02.12,3,0,0,0
02.13,3,0,0,0
02.14,3,0,0,0
02.15,3,0,0,0
02.16,3,0,0,0
02.17,3,0,0,0
02.18,3,3,0,0
02.19,3,3,0,0
02.20,3,3,0,0
02.21,3,3,0,0
02.22,3,3,0,0
02.23,3,3,0,0
02.24,3,3,0,0
02.25,3,3,0,0
02.26,3,3,0,0
02.27,3,3,0,0
02.28,3,3,0,0
03.01,3,3,0,0
03.02,5,3,0,2
03.03,11,3,0,6
03.04,28,3,0,17
03.05,30,3,0,2
03.06,31,3,0,1
03.07,33,3,0,3
03.08,40,3,0,6
03.09,43,3,0,3
03.10,59,4,0,16
03.11,62,4,0,3
03.12,74,4,0,11
03.13,81,4,1,7
03.14,84,10,2,1
03.15,107,10,2,23
03.16,117,13,2,10
03.17,137,13,3,20
03.18,151,13,3,14
03.19,173,13,4,22
03.20,223,20,5,40
03.21,283,23,5,60
03.22,341,23,6,58
03.23,425,24,8,84
03.24,519,40,9,94
03.25,606,42,10,87
03.26,649,42,13,43
03.27,694,44,16,45
03.28,918,80,20,224
03.29,1024,95,27,106
03.30,1071,99,29,71
03.31,1251,102,32,180
04.01,1637,148,45,386
04.02,2032,150,58,395
04.03,2567,192,72,535
04.04,3082,229,86,515
04.05,3588,229,99,506
04.06,4314,328,118,726
04.07,4911,382,137,597
04.08,5480,468,164,569
04.09,6237,569,186,757
04.10,6725,641,229,488
04.11,7997,774,249,1272
04.12,8504,972,289,507
04.13,9240,1096,331,736
04.14,10541,1205,358,1301
04.15,11555,1362,396,1014
04.16,12759,1514,423,1204
04.17,13835,1777,452,1076
04.18,14792,2045,488,957
04.19,16402,2601,538,1610
04.20,17615,2854,559,1213
04.21,18985,3273,603,1370
04.22,20471,3976,652,1486
04.23,21797,4376,686,1326
04.24,23502,5012,722,1705
04.25,24942,5498,780,1440
04.26,26917,5939,826,1975
04.27,28380,6523,886,1463
04.28,29451,7137,939,1071
04.29,31787,7796,1008,2336
04.30,33610,8437,1079,1823
05.01,35043,9068,1154,1433
05.02,37336,10007,1223,2293
05.03,39699,10819,1323,2363
05.04,42836,11782,1395,3137
05.05,46476,12849,1571,3640
05.06,49852,14367,1704,3376
05.07,53045,15331,1787,3193
05.08,57306,17041,1899,4261
05.09,61356,18672,2041,4050
05.10,65021,19665,2153,3665
05.11,69149,21664,2249,4128
05.12,72593,23203,2331,3444
05.13,77729,25977,2535,5136
05.14,79333,26675,2564,1604
05.15,83072,28792,2662,3739
05.16,88506,30786,2760,5434
05.17,92239,35603,2911,3733
05.18,97577,36824,3041,5338
05.19,102335,39674,3169,4758
05.20,107819,43070,3317,5484
05.21,113461,46002,3457,5642
05.22,119574,49026,3600,6113
05.23,130506,53947,3850,10932
05.24,133725,54865,3909,3219
05.25,144069,58727,4117,10344
05.26,147144,61923,4197,3075
05.27,154820,65944,4406,7676
05.28,163120,69534,4653,8300
05.29,169011,72543,4820,5891
05.30,175957,83878,4996,6946
05.31,188989,90056,5358,13032
06.01,194700,93343,5495,5711
06.02,201997,96788,5638,7297
06.03,207191,100285,5829,5194
06.04,221222,106071,6186,14031
06.05,233576,112189,6440,12354
06.06,239644,114073,6672,6068
06.07,254242,122738,7117,14598
06.08,260093,125641,7263,5851
06.09,270876,131380,7554,10783
06.10,276583,135206,7745,5707
06.11,286577,141029,8102,9994
06.12,297535,147195,8498,10958
06.13,308916,154303,8884,11381
06.14,320922,162379,9195,12006
06.15,332424,169798,9520,11502
06.16,343091,180013,9900,10667
06.17,354065,186935,11903,10974
06.18,366946,194325,12237,12881
06.19,380532,204711,12573,13586
06.20,395048,213831,12948,14516
06.21,410451,227728,13254,15403
06.22,425282,237196,13699,14831
06.23,440215,248190,14011,14933
06.24,456183,258685,14476,15968
06.25,473105,271697,14894,16922
06.26,490401,285637,15301,17296
06.27,508953,295881,15685,18552
06.28,528859,309713,16095,19906
06.29,548318,321723,16475,19459
06.30,566840,334822,16893,18522
07.01,585481,347912,17400,18641
07.02,604641,359860,17834,19160
07.03,625544,379892,18213,20903
07.04,648315,394227,18655,22771
07.05,673165,409083,19268,24850
07.06,697413,424433,19693,24248
07.07,719664,439934,20159,22251
07.08,742417,456831,20642,22753
07.09,767296,476378,21129,24879
07.10,793802,495516,21604,26506
07.11,820916,515386,22123,27114
07.12,849553,534621,22674,28637
07.13,878254,553471,23174,28701
07.14,906752,571460,23727,28498
07.15,936181,592032,24309,29429
07.16,968876,612815,24915,32695
07.17,1003832,635757,25602,34956
07.18,1038716,653751,26273,34884
07.19,1077781,677423,26816,39065
07.20,1118206,700087,27497,40425
07.21,1155354,724578,28084,37148
07.22,1193078,753050,28732,37724
07.23,1238798,782607,29861,45720
07.24,1288108,817209,30601,49310
07.25,1337024,849432,31358,48916
07.26,1385685,885577,32063,48661
07.27,1435616,917568,32771,49931
07.28,1480073,951166,33408,44457
07.29,1531669,988029,34193,51596
07.30,1582028,1019740,34956,50359
07.31,1638827,1057805,35745,56799
08.01,1695988,1094374,36511,57161
08.02,1750723,1145629,37364,54735
08.03,1803695,1186203,38135,52972
08.04,1855745,1230509,38938,52050
08.05,1908254,1282215,39795,52509
08.06,1964536,1328336,40699,56282
08.07,2027074,1378105,41585,62538
08.08,2088611,1427005,42518,61537
08.09,2153010,1480884,43379,64399
08.10,2215074,1535743,44386,62064
08.11,2268675,1583489,45257,53601
08.12,2329638,1639599,46091,60963
08.13,2396637,1695982,47033,66999
08.14,2461190,1751555,48040,64553
08.15,2525922,1808936,49036,64732
08.16,2589682,1862258,49980,63760
08.17,2647663,1919842,50921,57981
08.18,2702742,1977779,51797,55079
08.19,2767273,2037870,52889,64531
08.20,2836925,2096664,53866,69652
08.21,2905825,2158946,54849,68900
08.22,2975701,2222577,55794,69876
08.23,3044940,2280566,56706,69239
08.24,3106348,2338035,57542,61408
08.25,3167323,2404585,58390,60975
08.26,3234474,2467758,59449,67151
08.27,3310234,2523771,60472,75760
08.28,3387500,2583948,61529,77266
08.29,3463972,2648998,62550,76472
08.30,3542733,2713933,63498,78761
08.31,3621245,2774801,64469,78512
09.01,3691166,2839882,65288,69921
09.02,3769523,2901908,66333,78357
09.03,3853406,2970492,67376,83883
09.04,3936747,3037151,68472,83341
09.05,4023179,3107223,69561,86432
09.06,4113811,3180865,70626,90632
09.07,4204613,3250429,71642,90802
09.08,4280422,3323950,72775,75809
09.09,4370128,3398844,73890,89706
09.10,4465863,3471783,75062,95735
09.11,4562414,3542663,76271,96551
09.12,4659984,3624196,77472,97570
09.13,4754356,3702595,78586,94372
09.14,4846427,3780107,79722,92071
09.15,4930236,3859399,80776,83809
09.16,5020359,3942360,82066,90123
09.17,5118253,4025079,83198,97894
09.18,5214677,4112551,84372,96424
09.19,5308014,4208431,85619,93337
09.20,5400619,4303043,86752,92605
09.21,5487580,4396399,87882,86961
09.22,5562663,4497867,88935,75083
09.23,5646010,4587613,90020,83347
09.24,5732518,4674987,91149,86508
09.25,5818570,4756164,92290,86052
09.26,5903932,4849584,93379,85362
09.27,5992532,4941627,94503,88600
09.28,6074702,5016520,95542,82170
09.29,6145291,5101397,96318,70589
09.30,6225763,5187825,97497,80472
10.01,6312584,5273201,98678,86821
10.02,6394068,5352078,99773,81484
10.03,6473544,5427706,100842,79476
10.04,6549373,5509966,101782,75829
10.05,6623815,5586703,102685,74442
10.06,6685082,5662490,103569,61267
10.07,6757131,5744693,104555,72049
10.08,6835655,5827704,105526,78524
10.09,6906151,5906069,106490,70496
10.10,6979423,5988822,107416,73272
10.11,7053806,6077976,108334,74383
10.12,7120538,6149535,109150,66732
10.13,7175880,6227295,109856,55342
10.14,7239389,6301927,110586,63509
10.15,7307097,6383441,111266,67708
10.16,7370468,6453779,112161,63371
10.17,7432680,6524595,112998,62212
10.18,7494551,6597209,114031,61871
10.19,7550273,6663608,114610,55722
10.20,7597063,6733328,115197,46790
10.21,7651107,6795103,115914,54044
10.22,7706946,6874518,116616,55839
10.23,7761312,6948497,117306,54366
10.24,7814682,7016046,117956,53370
10.25,7864811,7078123,118534,50129
10.26,7909959,7137228,119014,45148
10.27,7946429,7201070,119502,36470
10.28,7990322,7259509,120010,43893
10.29,8040203,7315989,120527,49881
10.30,8088851,7373375,121090,48648
10.31,8137119,7432829,121641,48268
11.01,8184082,7491513,122111,46963
11.02,8229313,7544798,122607,45231
11.03,8267623,7603121,123097,38310
11.04,8313876,7656478,123611,46253
11.05,8364086,7711809,124315,50210
11.06,8411724,7765966,124985,47638
11.07,8462080,7819886,125562,50356
11.08,8507754,7868968,126121,45674
11.09,8553657,7917373,126611,45903
11.10,8591730,7959406,127059,38073
11.11,8635754,8011844,127615,44024
11.12,8683916,8066501,128121,48162
11.13,8728795,8115580,128668,44879
11.14,8773479,8163572,129188,44684
11.15,8814579,8205728,129635,41100
11.16,8845127,8249579,130070,30548
11.17,8874290,8290370,130519,29163
11.18,8912907,8335109,130993,38617
11.19,8958483,8383602,131578,45576
11.20,9004365,8428409,132162,45882
11.21,9050597,8478124,132726,46232
11.22,9095806,8521617,133227,45209
11.23,9139865,8562641,133738,44059
11.24,9177840,8604955,134218,37975
11.25,9222216,8642771,134699,44376
11.26,9266705,8679138,135223,44489
11.27,9309787,8718517,135715,43082
11.28,9351109,8759969,136200,41322
11.29,9392919,8802267,136696,41810
11.30,9431691,8847600,137139,38772
12.01,9462809,8889585,137621,31118
12.02,9499413,8932647,138122,36604
12.03,9534964,8973373,138648,35551
12.04,9571559,9016289,139188,36595
12.05,9608211,9058822,139700,36652
12.06,9644222,9100792,140182,36011
12.07,9677203,9139901,140573,32981
12.08,9703770,9178946,140958,26567
12.09,9735850,9215581,141360,32080
12.10,9767371,9253306,141772,31521
12.11,9796769,9290834,142186,29398
12.12,9826775,9324328,142628,30006
12.13,9857029,9357464,143019,30254
12.14,9884100,9388159,143355,27071
12.15,9906165,9422636,143709,22065
12.16,9932547,9456449,144096,26382
12.17,9956557,9489740,144451,24010
12.18,9979447,9520827,144789,22890
12.19,10004599,9550712,145136,25152
12.20,10031223,9580402,145477,26624
12.21,10055560,9606111,145810,24337
12.22,10075116,9636487,146111,19556
12.23,10099066,9663382,146444,23950
12.24,10123778,9693173,146756,24712
12.25,10146845,9717834,147092,23067
12.26,10169118,9740108,147343,22273
12.27,10187850,9761538,147622,18732
12.28,10207871,9782669,147901,20021
12.29,10224303,9807569,148153,16432
12.30,10244852,9834141,148439,20549
12.31,10266674,9860280,148738,21822
01.01,10286709,9883461,148994,20035
01.02,10305788,9906387,149218,19079
01.03,10323965,9927310,149435,18177
01.04,10340469,9946867,149649,16504
01.05,10356844,9975958,149850,16375
01.06,10374932,9997272,150114,18088
01.07,10395278,10016859,150336,20346
01.08,10413417,10037398,150570,18139
01.09,10431639,10056651,150798,18222
01.10,10450284,10075950,150999,18645
01.11,10466595,10092909,151160,16311
01.12,10479179,10111294,151327,12584
01.13,10495147,10129111,151529,15968
01.14,10512093,10146763,151727,16946
01.15,10527683,10162738,151918,15590
01.16,10542841,10179715,152093,15158
01.17,10557985,10196885,152274,15144
01.18,10571773,10211342,152419,13788
01.19,10581823,10228753,152556,10050
01.20,10595660,10245741,152718,13837
01.21,10610883,10265706,152869,15223
01.22,10625428,10283708,153032,14545
01.23,10639684,10300838,153184,14256
01.24,10654533,10316786,153339,14849
01.25,10667736,10330084,153470,13203
01.26,10676838,10345985,153587,9102
01.27,10689527,10359305,153724,12689
01.28,10701193,10373606,153847,11666
01.29,10720048,10394352,154010,18855
01.30,10733130,10409146,154147,13082
01.31,10746174,10423109,154274,13044
02.01,10757610,10434983,154392,11436
02.02,10766245,10448406,154486,8635
02.03,10777284,10462631,154596,11039
02.04,10790183,10480455,154703,12899
02.05,10802591,10496308,154823,12408
02.06,10814304,10510796,154918,11713
02.07,10826363,10522601,154996,12059
02.08,10838194,10534505,155080,11831
02.09,10847304,10548521,155158,9110
02.10,10858371,10561608,155252,11067
02.11,10871294,10573372,155360,12923
02.12,10880603,10589230,155447,9309
02.13,10892746,10600625,155550,12143
02.14,10904940,10611731,155642,12194
02.15,10916589,10621220,155732,11649
02.16,10925710,10633025,155813,9121
02.17,10937320,10644858,155913,11610
02.18,10950201,10656845,156014,12881
02.19,10963394,10667741,156111,13193
02.20,10977387,10678048,156212,13993
02.21,10991651,10689715,156302,14264
02.22,11005850,10699410,156385,14199
02.23,11016434,10712665,156463,10584
02.24,11030176,10726702,156567,13742
02.25,11046914,10738501,156705,16738
02.26,11063491,10750680,156825,16577
02.27,11079979,10763451,156938,16488
02.28,11096731,10775169,157051,16752
03.01,11112241,10786452,157157,15510
03.02,11124527,10798921,157248,12286
03.03,11139516,10812044,157346,14989
03.04,11156923,10826075,157435,17407
03.05,11173761,10839894,157548,16838
03.06,11192045,10854126,157656,18284
03.07,11210799,10868520,157756,18754
03.08,11229398,10882798,157853,18599
03.09,11244786,10899394,157930,15388
03.10,11262707,10920046,158063,17921
03.11,11285561,10938146,158189,22854
03.12,11308846,10953303,158306,23285
03.13,11333728,10973260,158446,24882
03.14,11359048,10989897,158607,25320
03.15,11385339,11007352,158725,26291
03.16,11409831,11027543,158856,24492
03.17,11438734,11045284,159044,28903
03.18,11474605,11063025,159216,35871
03.19,11514331,11083679,159370,39726
03.20,11555284,11107332,159558,40953
03.21,11599130,11130288,159755,43846
03.22,11646081,11151468,159967,46951
03.23,11686796,11181253,160166,40715
03.24,11734058,11205160,160441,47262
03.25,11787534,11231650,160692,53476
03.26,11846652,11264637,160949,59118
03.27,11908910,11295023,161240,62258
03.28,11971624,11323762,161552,62714
03.29,12039644,11355993,161843,68020
03.30,12095855,11393021,162114,56211
03.31,12149335,11434301,162468,53480
04.01,12221665,11474683,162927,72330
04.02,12303131,11525039,163396,81466
04.03,12392260,11569241,164110,89129
04.04,12485509,11629289,164623,93249
04.05,12589067,11682136,165101,103558
04.06,12686049,11732279,165547,96982
04.07,12801785,11792135,166177,115736
04.08,12928574,11851393,166862,126789
04.09,13060542,11913292,167642,131968
04.10,13205926,11990859,168436,145384
04.11,13358805,12081443,169275,152879
04.12,13527717,12156529,170179,168912
04.13,13689453,12253697,171058,161736
04.14,13873825,12336036,172085,184372
04.15,14074564,12429564,173123,200739
04.16,14291917,12547866,174308,217353
04.17,14526609,12671220,175649,234692
04.18,14788109,12809643,177150,261500
04.19,15061919,12953821,178769,273810
04.20,15321089,13108582,180530,259170
04.21,15616130,13276039,182553,295041
04.22,15930965,13454880,184657,314835
04.23,16263695,13648159,186920,332730
04.24,16610481,13867997,189544,346786
04.25,16960172,14085110,192311,349691
04.26,17313163,14304382,195123,352991
04.27,17636307,14556209,197894,323144
04.28,17997113,14817240,201187,360806
04.29,18376421,15086740,204832,379308
04.30,18762976,15384418,208330,386555
05.01,19164969,15684406,211853,401993
05.02,19557457,15992271,215542,392488
05.03,19925604,16293003,218959,368147
05.04,20282833,16613292,222408,357229
05.05,20665148,16951731,226188,382315
05.06,21077410,17280844,230168,412262
05.07,21491598,17612351,234083,414188
05.08,21892676,17930960,238270,401078
05.09,22296414,18317404,242362,403738
05.10,22662575,18671222,246116,366161
05.11,22992517,19027304,249992,329942
05.12,23340938,19382642,254197,348421
05.13,23703665,19734823,258317,362727
05.14,24046809,20079599,262317,343144
05.15,24372907,20432898,266207,326098
05.16,24684077,20795335,270284,311170
05.17,24965463,21174076,274390,281386
05.18,25228996,21596512,278719,263533
05.19,25496330,21986363,283248,267334
05.20,25772440,22355440,287122,276110
05.21,26031991,22712735,291331,259551
05.22,26289290,23070365,295525,257299
05.23,26530132,23425467,299266,240842
05.24,26752447,23728011,303720,222315
05.25,26948874,24054861,307231,196427
05.26,27157795,24350816,311388,208921
05.27,27369093,24633951,315235,211298
05.28,27555457,24893410,318895,186364
05.29,27729247,25178011,322512,173790
05.30,27894800,25454320,325972,165553
05.31,28047534,25692342,329100,152734
06.01,28175044,25947629,331895,127510
06.02,28307832,26179085,335102,132788
06.03,28441986,26390584,337989,134154
06.04,28574350,26597655,340702,132364
06.05,28694879,26795549,344082,120529
06.06,28809339,26984781,346759,114460
06.07,28909975,27159180,349186,100636
06.08,28996473,27341462,351309,86498
06.09,29089069,27504126,353528,92596
06.10,29182532,27655493,355705,93463
06.11,29274823,27790073,363079,92291
06.12,29359155,27911384,367081,84332
06.13,29439989,28043446,370384,80834
06.14,29510410,28162947,374305,70421
06.15,29570881,28280472,377031,60471
06.16,29633105,28388100,379573,62224
06.17,29700313,28491670,381903,67208
06.18,29762793,28580647,383490,62480
06.19,29823546,28678390,385137,60753
06.20,29881772,28765738,386708,58226
06.21,29935221,28844199,388135,53449
06.22,29977861,28926038,389302,42640
06.23,30028709,28994855,390660,50848
06.24,30082778,29063740,391981,54069
06.25,30134445,29128267,393310,51667
06.26,30183143,29193085,394493,48698
06.27,30233183,29251029,395751,50040
06.28,30279331,29309607,396730,46148
06.29,30316897,29366601,397637,37566
06.30,30362848,29427330,398454,45951
07.01,30411634,29488918,399459,48786
07.02,30411634,29488918,399459,0
