,confirm,heal,dead,confirm_add
02.19,2,0,0,2
02.20,5,0,2,3
02.21,18,0,4,13
02.22,28,0,4,10
02.23,43,0,8,15
02.24,61,0,12,0
02.25,95,0,16,35
02.26,139,0,19,44
02.27,245,49,26,106
02.28,388,49,34,143
02.29,593,123,43,205
03.01,593,123,43,0
03.02,1501,175,66,908
03.03,2336,435,77,835
03.04,2922,435,92,586
03.05,3513,435,107,591
03.06,4747,739,124,1234
03.07,5823,739,145,1067
03.08,6566,2134,194,743
03.09,7161,2394,237,1338
03.10,8042,2731,291,881
03.11,9000,2959,354,958
03.12,10075,3276,429,1075
03.13,11364,3529,514,1289
03.14,12729,4339,611,1365
03.15,13938,4590,724,2574
03.16,14991,4996,853,1053
03.17,16169,5389,988,1178
03.18,17361,5710,1135,1192
03.19,18407,5979,1284,1046
03.20,19644,6745,1433,1237
03.21,20610,7635,1556,966
03.22,21638,7913,1685,1028
03.23,23049,8376,1812,1411
03.24,24811,8913,1934,1762
03.25,27017,9625,2077,2206
03.26,29406,10457,2234,2389
03.27,32332,11133,2378,2926
03.28,35408,11679,2517,3076
03.29,38309,12391,2640,2901
03.30,41495,13911,2757,3186
03.31,44606,14656,2898,3111
04.01,47593,15473,3036,2987
04.02,50468,16711,3160,2875
04.03,53183,17935,3294,2715
04.04,55743,19736,3452,2560
04.05,58226,19736,3603,2483
04.06,60500,24236,3739,2274
04.07,62589,27039,3872,2089
04.08,64586,27039,3993,1997
04.09,66220,32309,4110,1634
04.10,68192,35465,4232,1972
04.11,70029,41947,4357,1837
04.12,71686,43894,4474,1657
04.13,73303,45983,4585,1617
04.14,74877,48129,4683,1574
04.15,76389,49933,4777,1512
04.16,77995,52229,4869,1606
04.17,79494,54064,4958,1499
04.18,80868,55987,5031,1374
04.19,82211,57023,5118,1343
04.20,83505,59273,5209,1294
04.21,84802,60965,5297,1297
04.22,85996,63113,5391,1194
04.23,87026,64843,5481,1030
04.24,88194,66599,5574,1168
04.25,89328,68193,5650,1134
04.26,90481,69657,5710,1153
04.27,91472,70933,5806,991
04.28,92584,72439,5877,1112
04.29,93657,73791,5957,1073
04.30,94640,75103,6028,983
05.01,95646,76318,6091,1006
05.02,96448,77350,6156,802
05.03,96448,77350,6156,0
05.04,98647,79379,6277,2199
05.05,99970,80475,6340,1323
05.06,101650,81587,6418,1680
05.07,103135,82744,6486,1485
05.08,104691,83837,6541,1556
05.09,106220,85064,6589,1529
05.10,107603,86143,6640,1383
05.11,109286,87422,6685,1683
05.12,110767,88357,6733,1481
05.13,112725,89428,6783,1958
05.14,114533,90539,6854,1808
05.15,116635,91836,6902,2102
05.16,118392,93147,6937,1757
05.17,120198,94464,6988,1806
05.18,122492,95661,7057,2294
05.19,124603,97173,7119,2111
05.20,126949,98808,7183,2346
05.21,129341,100564,7249,2392
05.22,131652,102276,7300,2311
05.23,133521,104072,7359,1869
05.24,135701,105801,7417,2180
05.25,137724,107713,7451,2023
05.26,139511,109437,7508,1787
05.27,141591,111176,7564,2080
05.28,143849,112988,7627,2258
05.29,146668,114931,7677,2819
05.30,148950,116827,7734,2282
05.31,151466,118848,7797,2516
06.01,154445,121004,7878,2979
06.02,157562,123077,7942,3117
06.03,157562,123077,7942,0
06.04,164270,127485,8071,6708
06.05,167156,129741,8134,2886
06.06,169425,132038,8209,2269
06.07,171789,134349,8281,2364
06.08,173832,136360,8351,2043
06.09,175927,138457,8425,2095
06.10,175927,138457,8425,0
06.11,180156,142663,8584,4229
06.12,182525,144649,8659,2369
06.13,184955,146748,8730,2430
06.14,187427,148674,8837,2472
06.15,189876,150590,8950,2449
06.16,192439,152675,9065,2563
06.17,195051,154812,9185,2612
06.18,197647,156991,9272,2596
06.19,200262,159192,9392,2615
06.20,202584,161384,9507,2322
06.21,204952,163591,9623,2368
06.22,207525,166427,9742,2573
06.23,209970,169160,9863,2445
06.24,212501,172096,9996,2531
06.25,215096,175103,10130,2595
06.26,217724,177852,10239,2628
06.27,220180,180661,10364,2456
06.28,222669,183310,10508,2489
06.29,225205,186180,10670,2536
06.30,227662,188758,10817,2457
07.01,230211,191487,10958,2549
07.02,232863,194098,11106,2652
07.03,235429,196446,11260,2566
07.04,237878,198949,11408,2449
07.05,240438,201330,11571,2560
07.06,243051,204083,11731,2613
07.07,245688,207000,11931,2637
07.08,248379,209463,12084,2691
07.09,250458,212176,12305,2079
07.10,252720,215015,12447,2262
07.11,255117,217666,12635,2397
07.12,257303,219993,12829,2186
07.13,259652,222539,13032,2349
07.14,262173,225270,13211,2521
07.15,264561,227561,13410,2388
07.16,267061,230608,13608,2500
07.17,269440,232873,13791,2379
07.18,271606,235300,13979,2166
07.19,273788,237788,14188,2182
07.20,276202,240087,14405,2414
07.21,278827,242351,14634,2625
07.22,281413,244840,14853,2586
07.23,284034,247230,15074,2621
07.24,286523,249212,15289,2489
07.25,288839,251319,15484,2316
07.26,291172,253213,15700,2333
07.27,293606,255144,15912,2434
07.28,296273,257019,16147,2667
07.29,298909,259116,16343,2636
07.30,301530,261200,16569,2621
07.31,304204,263519,16766,2674
08.01,306752,265830,16982,2548
08.02,309437,268102,17190,2685
08.03,312035,270228,17405,2598
08.04,314786,272535,17617,2751
08.05,317483,274932,17802,2697
08.06,320117,277463,17976,2634
08.07,322567,279724,18132,2450
08.08,324692,282122,18264,2125
08.09,326712,284371,18427,2020
08.10,328844,286642,18616,2132
08.11,331189,288620,18800,2345
08.12,333699,290244,18988,2510
08.13,336324,292058,19162,2625
08.14,338825,293811,19331,2501
08.15,341070,295630,19492,2245
08.16,343203,297486,19639,2133
08.17,345450,299157,19804,2247
08.18,347835,300881,19972,2385
08.19,350279,302528,20125,2444
08.20,352558,304236,20264,2279
08.21,354764,305866,20376,2206
08.22,356792,307702,20502,2028
08.23,358905,309464,20643,2113
08.24,361150,311365,20776,2245
08.25,363363,313058,20901,2213
08.26,365606,314870,21020,2243
08.27,367796,316638,21137,2190
08.28,369911,318270,21249,2115
08.29,371816,319847,21359,1905
08.30,373570,321421,21462,1754
08.31,375212,323233,21571,1642
09.01,376894,325124,21672,1682
09.02,378752,326801,21797,1858
09.03,380746,328595,21926,1994
09.04,382772,330308,22044,2026
09.05,384666,332131,22154,1894
09.06,386658,333900,22293,1992
09.07,388810,335572,22410,2152
09.08,391112,337414,22542,2302
09.09,393425,339111,22669,2313
09.10,395488,340842,22798,2063
09.11,397801,342539,22913,2313
09.12,399940,344516,23029,2139
09.13,402029,346242,23157,2089
09.14,404648,348013,23313,2619
09.15,407353,349984,23453,2705
09.16,410334,352019,23632,2981
09.17,413149,353848,23808,2815
09.18,416198,355505,23952,3049
09.19,419043,357632,24118,2845
09.20,422140,359570,24301,3097
09.21,425481,361523,24478,3341
09.22,429193,363737,24656,3712
09.23,432798,365846,24840,3605
09.24,436319,367829,25015,3521
09.25,439882,369842,25222,3563
09.26,443086,372051,25394,3204
09.27,446448,374170,25589,3362
09.28,449960,376531,25779,3512
09.29,453637,378727,25986,3677
09.30,457219,380956,26169,3582
10.01,461044,383368,26380,3825
10.02,464596,385264,26567,3552
10.03,468119,387675,26746,3523
10.04,471772,389966,26957,3653
10.05,475674,392293,27192,3902
10.06,479825,394800,27419,4151
10.07,483844,397109,27658,4019
10.08,488236,399300,27888,4392
10.09,492378,401379,28098,4142
10.10,496253,403950,28293,3875
10.11,500075,406389,28544,3822
10.12,504281,409121,28816,4206
10.13,508389,411840,29070,4108
10.14,513219,414831,29349,4830
10.15,517835,418054,29605,4616
10.16,522387,420910,29870,4552
10.17,526490,423921,30123,4103
10.18,530380,427400,30375,3890
10.19,534631,431360,30712,4251
10.20,539670,434676,31034,5039
10.21,545286,438709,31346,5616
10.22,550757,442674,31650,5471
10.23,556891,446685,31985,6134
10.24,562705,450891,32320,5814
10.25,568896,455054,32616,6191
10.26,574856,459250,32953,5960
10.27,581824,463611,33299,6968
10.28,588648,467917,33714,6824
10.29,596941,472598,34113,8293
10.30,604952,477300,34478,8011
10.31,612772,481930,34864,7820
11.01,620491,486691,35298,7719
11.02,628780,491247,35738,8289
11.03,637712,495473,36160,8932
11.04,646164,500400,36579,8452
11.05,654936,505287,36985,8772
11.06,663800,509952,37409,8864
11.07,673250,515153,37832,9450
11.08,682486,520329,38291,9236
11.09,692949,525641,38749,10463
11.10,692949,525641,38749,0
11.11,703288,530694,39202,10339
11.12,726585,541566,40121,23297
11.13,738322,546642,40582,11737
11.14,749525,552747,41034,11203
11.15,762068,558818,41493,12543
11.16,775121,564699,41979,13053
11.17,788473,570774,42461,13352
11.18,801894,576983,42941,13421
11.19,815117,583704,43417,13223
11.20,828377,589025,43896,13260
11.21,841308,596136,44327,12931
11.22,854361,603445,44802,13053
11.23,866821,610406,45255,12460
11.24,880542,617715,45738,13721
11.25,894385,625606,46207,13843
11.26,908346,633275,46689,13961
11.27,922397,640065,47095,14051
11.28,935799,648831,47486,13402
11.29,948749,658292,47874,12950
11.30,962070,668151,48246,13321
12.01,975951,677963,48628,13881
12.02,989572,688054,48990,13621
12.03,1003494,699315,49348,13922
12.04,1016835,708106,49695,13341
12.05,1028986,719708,50016,12151
12.06,1040547,730798,50310,11561
12.07,1051374,742955,50594,10827
12.08,1062397,754224,50917,11023
12.09,1072620,765639,51212,10223
12.10,1083023,778167,51496,10403
12.11,1092407,787853,51727,9384
12.12,1100818,800853,51949,8411
12.13,1108269,812270,52196,7451
12.14,1115770,823231,52447,7501
12.15,1123474,833276,52670,7704
12.16,1131077,844430,52883,7603
12.17,1138530,856513,53095,7453
12.18,1145651,865474,53273,7121
12.19,1152072,875943,53448,6421
12.20,1158384,885054,53625,6312
12.21,1164535,894366,53816,6151
12.22,1170743,903998,54003,6208
12.23,1177004,914194,54156,6261
12.24,1183182,924685,54308,6178
12.25,1189203,933736,54440,6021
12.26,1194963,942548,54574,5760
12.27,1200465,951860,54693,5502
12.28,1206373,960751,54814,5908
12.29,1212481,969408,54946,6108
12.30,1218753,978714,55095,6272
12.31,1225142,988833,55223,6389
01.01,1231429,995570,55337,6287
01.02,1237474,1004326,55438,6045
01.03,1243434,1013018,55540,5960
01.04,1249507,1020737,55650,6073
01.05,1255620,1029028,55748,6113
01.06,1261903,1040521,55830,6283
01.07,1268263,1050553,55933,6360
01.08,1274514,1058654,56018,6251
01.09,1280438,1067466,56100,5924
01.10,1286406,1074887,56171,5968
01.11,1292614,1081736,56262,6208
01.12,1299022,1088465,56360,6408
01.13,1305339,1094388,56457,6317
01.14,1311810,1101599,56538,6471
01.15,1318295,1107011,56621,6485
01.16,1324395,1113224,56717,6100
01.17,1330411,1119137,56803,6016
01.18,1336217,1125499,56886,5806
01.19,1342134,1131883,56973,5917
01.20,1348316,1137812,57057,6182
01.21,1354520,1144549,57150,6204
01.22,1360852,1151676,57225,6332
01.23,1367032,1158475,57294,6180
01.24,1372977,1164794,57383,5945
01.25,1379286,1171070,57481,6309
01.26,1385706,1177367,57560,6420
01.27,1392314,1183463,57651,6608
01.28,1398841,1189975,57736,6527
01.29,1405414,1196374,57807,6573
01.30,1411731,1202893,57889,6317
01.31,1417999,1210051,57959,6268
02.01,1424596,1216305,58038,6597
02.02,1431416,1223197,58110,6820
02.03,1438286,1229391,58189,6870
02.04,1445326,1235581,58256,7040
02.05,1452380,1241320,58336,7054
02.06,1459370,1247374,58412,6990
02.07,1466435,1253554,58469,7065
02.08,1473756,1260045,58536,7321
02.09,1481396,1266518,58625,7640
02.10,1488981,1272287,58686,7585
02.11,1496455,1278857,58751,7474
02.12,1503753,1285014,58809,7298
02.13,1510873,1291726,58883,7120
02.14,1518263,1298023,58945,7390
02.15,1526023,1304330,59028,7760
02.16,1534034,1310821,59117,8011
02.17,1542076,1317612,59184,8042
