,confirm,heal,dead,confirm_add
02.25,5,0,0,0
02.26,5,0,0,0
02.27,6,0,0,1
02.28,7,0,0,1
02.29,8,0,0,1
03.01,13,0,0,5
03.02,21,0,0,8
03.03,26,0,0,5
03.04,31,0,1,5
03.05,31,0,2,0
03.06,38,0,2,7
03.07,46,0,4,8
03.08,55,0,4,9
03.09,61,0,6,6
03.10,71,9,7,10
03.11,71,9,7,0
03.12,73,15,8,2
03.13,83,24,8,6
03.14,93,24,9,10
03.15,110,26,9,5
03.16,124,26,9,14
03.17,154,41,11,27
03.18,164,43,12,10
03.19,177,49,12,13
03.20,192,49,13,15
03.21,208,49,17,15
03.22,214,49,17,6
03.23,233,57,20,19
03.24,266,62,23,33
03.25,346,89,29,80
03.26,382,107,36,36
03.27,458,122,40,76
03.28,506,131,42,48
03.29,547,143,42,41
03.30,547,143,42,0
03.31,630,152,46,83
04.01,694,170,50,64
04.02,772,202,54,78
04.03,772,202,54,0
04.04,820,226,54,48
04.05,878,259,56,58
04.06,961,279,61,83
04.07,1031,344,64,70
04.08,1122,373,65,91
04.09,1202,452,69,80
04.10,1232,496,69,30
04.11,1279,550,70,47
04.12,1318,601,72,39
04.13,1378,717,78,60
04.14,1378,717,78,0
04.15,1400,766,78,22
04.16,1415,812,79,15
04.17,1434,856,80,19
04.18,1482,906,81,48
04.19,1513,953,82,31
04.20,1539,1009,82,26
04.21,1574,1043,82,35
04.22,1602,1096,83,28
04.23,1677,1171,83,75
04.24,1677,1171,83,0
04.25,1708,1204,86,31
04.26,1763,1224,86,55
04.27,1820,1263,87,57
04.28,1847,1286,88,27
04.29,1928,1319,90,81
04.30,2003,1346,92,75
05.01,2085,1375,93,82
05.02,2153,1414,94,68
05.03,2219,1473,95,66
05.04,2296,1490,97,77
05.05,2346,1544,98,50
05.06,2431,1571,102,85
05.07,2480,1602,102,49
05.08,2543,1626,102,63
05.09,2603,1661,104,60
05.10,2767,1734,109,164
05.11,2818,1790,110,51
05.12,2913,1903,112,95
05.13,3032,1966,115,119
05.14,3032,1966,115,0
05.15,3143,2028,115,111
05.16,3193,2089,117,50
05.17,3260,2126,121,67
05.18,3404,2218,123,144
05.19,3554,2310,127,150
05.20,3611,2366,131,57
05.21,3724,2438,134,113
05.22,3877,2483,140,153
05.23,3964,2532,147,87
05.24,4272,2585,152,308
05.25,4632,2811,163,360
05.26,4632,2811,163,0
05.27,4848,2852,169,216
05.28,5457,2971,179,609
05.29,5873,3044,185,416
05.30,5873,3044,185,0
05.31,6439,3156,205,566
06.01,6868,3275,215,429
06.02,7387,3508,235,519
06.03,7387,3508,235,0
06.04,8840,4338,271,1453
06.05,9846,4573,285,1006
06.06,9846,4573,285,0
06.07,12366,5186,346,2520
06.08,13481,5572,370,1115
06.09,14268,5831,392,787
06.10,14268,5831,392,0
06.11,16675,6568,457,2407
06.12,17770,6868,496,1095
06.13,17770,6868,496,0
06.14,20209,8121,607,2439
06.15,21315,9271,652,1106
06.16,21315,9271,652,0
06.17,24254,10770,773,2939
06.18,24254,10770,773,0
06.19,25717,11333,856,1463
06.20,27352,12205,925,1635
06.21,29222,13211,1013,1870
06.22,30868,13935,1100,1646
06.23,32676,14785,1167,1808
06.24,34502,15753,1251,1826
06.25,39139,18051,1437,4637
06.26,41193,18859,1559,2054
06.27,43262,19938,1660,2069
06.28,45402,21122,1756,2140
06.29,47151,22974,1839,1749
06.30,49109,24760,1943,1958
07.01,51524,26267,2050,2415
07.02,53708,27912,2160,2184
07.03,56020,29600,2262,2312
07.04,58354,31077,2368,2334
07.05,60479,33017,2473,2125
07.06,62275,34741,2567,1796
07.07,62275,34741,2567,0
07.08,67442,37879,2779,5167
07.09,69612,39502,2882,2170
07.10,72460,41380,2960,2848
07.11,75194,43079,3055,2734
07.12,77506,44724,3150,2312
07.13,79735,46998,3250,2229
07.14,81757,50782,3345,2022
07.15,83867,52621,3432,2110
07.16,86148,54316,3522,2281
07.17,88171,56495,3616,2023
07.18,90220,58492,3691,2049
07.19,90220,58492,3691,0
07.20,94693,62836,3869,4473
07.21,97159,64950,3950,2466
07.22,97159,64950,3950,0
07.23,102226,69405,4122,5067
07.24,104711,71268,4212,2485
07.25,107573,73317,4284,2862
07.26,110032,75217,4362,2459
07.27,112585,77144,4458,2553
07.28,112585,77144,4458,0
07.29,118300,83461,4603,5715
07.30,121263,85546,4671,2963
07.31,124609,87434,4741,3346
08.01,124609,87434,4741,0
08.02,129151,91886,4868,4542
08.03,131886,94111,4934,2735
08.04,134722,96103,5017,2836
08.05,137556,98442,5094,2834
08.06,140603,101025,5161,3047
08.07,144064,103197,5236,3461
08.08,144064,103197,5236,0
08.09,150115,107775,5392,6051
08.10,153599,109790,5464,3484
08.11,156995,112102,5531,3396
08.12,160436,114541,5588,3441
08.13,160436,114541,5588,0
08.14,164277,117208,5641,3841
08.15,172583,122700,5785,8306
08.16,176931,125374,5860,4348
08.17,176931,125374,5860,0
08.18,180133,128945,5954,3202
08.19,188802,134369,6121,8669
08.20,192797,137200,6208,3995
08.21,192797,137200,6208,0
08.22,201050,143393,6353,8253
08.23,204341,146409,6428,3291
08.24,204341,146409,6428,0
08.25,211947,153761,6596,7606
08.26,211947,153761,6596,0
08.27,215784,157215,6668,3837
08.28,219435,161009,6740,3651
08.29,227446,169020,6891,8011
08.30,227446,169020,6891,0
08.31,231177,172880,6959,3731
09.01,238338,180473,7123,7161
09.02,242284,184205,7201,3946
09.03,247039,187757,7275,4755
09.04,252075,191368,7359,5036
09.05,256719,195259,7422,4644
09.06,256719,195259,7422,0
09.07,260370,198560,7512,3651
09.08,264684,202859,7589,4314
09.09,269578,206324,7657,4894
09.10,278418,213817,7814,8840
09.11,278418,213817,7814,0
09.12,286778,221283,7941,8360
09.13,286778,221283,7941,0
09.14,290309,224705,8014,3531
09.15,294478,229132,8086,4169
09.16,298702,233346,8166,4224
09.17,303059,237241,8248,4357
09.18,311690,245305,8408,8631
09.19,315597,249539,8491,3907
09.20,319035,253591,8555,3438
09.21,322856,258075,8625,3821
09.22,327580,261757,8682,4724
09.23,332635,264988,8754,5055
09.24,337106,268761,8799,4471
09.25,341699,273266,8867,4593
09.26,345969,276918,8935,4270
09.27,345969,276918,8935,0
09.28,353566,284784,9052,7597
09.29,358290,288812,9122,4724
09.30,362981,292197,9181,4691
10.01,367474,295882,9231,4493
10.02,372259,299804,9298,4785
10.03,375931,303665,9347,3672
10.04,379141,307482,9399,3210
10.05,382949,312158,9464,3808
10.06,387121,316371,9531,4172
10.07,391044,319784,9604,3923
10.08,394566,323815,9683,3522
10.09,397780,328097,9735,3214
10.10,397780,328097,9735,0
10.11,402330,336157,9852,4550
10.12,405437,340050,9912,3107
10.13,409358,344208,9970,3921
10.14,413215,347396,10021,3857
10.15,413215,347396,10021,0
10.16,420303,353962,10142,7088
10.17,423524,357291,10198,3221
10.18,426634,360477,10254,3110
10.19,430678,363532,10317,4044
10.20,434598,366134,10366,3920
10.21,438265,369010,10418,3667
10.22,442164,371826,10465,3899
10.23,445949,375188,10513,3785
10.24,449153,378209,10568,3204
10.25,451707,381349,10623,2554
10.26,455398,384593,10671,3691
10.27,459908,388081,10724,4510
10.28,463951,391010,10770,4043
10.29,467755,394386,10815,3804
10.30,470633,397241,10862,2878
10.31,472630,399655,10910,1997
11.01,475288,402782,10966,2658
11.02,478701,405777,11017,3413
11.03,482296,408756,11068,3595
11.04,485870,417235,11128,3574
11.05,489571,420206,11175,3701
11.06,493139,423266,11244,3568
11.07,496019,425926,11283,2880
11.08,498549,428928,11327,2530
11.09,501733,432233,11380,3184
11.10,501733,432233,11380,0
11.11,505310,434665,11432,3577
11.12,511806,439228,11532,6496
11.13,514496,441856,11580,2690
11.14,516915,444226,11623,2419
11.15,519152,447039,11670,2237
11.16,521542,449565,11712,2390
11.17,524503,453025,11752,2961
11.18,526852,455176,11795,2349
11.19,529226,457490,11834,2374
11.20,531769,460394,11883,2543
11.21,533555,463040,11925,1786
11.22,535321,465452,11958,1766
11.23,537457,467654,11996,2136
11.24,539749,469784,12031,2292
11.25,542187,472054,12086,2438
11.26,544670,474376,12125,2483
11.27,547215,476297,12167,2545
11.28,548821,478537,12200,1606
11.29,550435,480903,12224,1614
11.30,552549,482674,12258,2114
12.01,554767,484570,12306,2218
12.02,554767,484570,12306,0
12.03,558767,487863,12361,4000
12.04,560622,489772,12387,1855
12.05,562520,491657,12411,1898
12.06,564200,493567,12432,1680
12.07,566015,495725,12460,1815
12.08,568138,498064,12477,2123
12.09,569873,499846,12501,1735
12.10,571253,501967,12526,1380
12.11,572600,503897,12549,1347
12.12,573622,505669,12565,1022
12.13,574634,507446,12579,1012
12.14,575972,509474,12603,1338
12.15,577363,511639,12614,1391
12.16,578916,513405,12636,1553
12.17,580449,515321,12650,1533
12.18,581811,517091,12670,1362
12.19,583118,519005,12680,1307
12.20,584145,520969,12697,1027
12.21,585345,522637,12710,1200
12.22,586503,524344,12725,1158
12.23,587676,525792,12737,1173
12.24,588803,527341,12744,1127
12.25,589943,528872,12755,1140
12.26,590779,530262,12767,836
12.27,591597,531803,12780,818
12.28,592528,533314,12791,931
12.29,593541,534801,12800,1013
12.30,594442,536348,12808,901
12.31,595291,537841,12813,849
01.01,596193,539817,12824,902
01.02,597033,541746,12829,840
01.03,597033,541746,12829,0
