,confirm,heal,dead,confirm_add
03.21,16,2,1,0
03.22,16,2,1,0
03.23,19,2,1,3
03.24,21,2,1,2
03.25,25,2,1,4
03.26,26,2,1,1
03.27,26,2,1,0
03.28,30,2,1,4
03.29,32,2,1,2
03.30,34,2,1,2
03.31,36,2,1,2
04.01,38,2,2,2
04.02,44,2,3,6
04.03,47,2,3,3
04.04,53,7,3,6
04.05,55,7,3,2
04.06,58,8,3,3
04.07,59,8,3,1
04.08,63,10,3,4
04.09,63,10,4,0
04.10,63,13,4,0
04.11,65,13,4,2
04.12,69,13,4,4
04.13,72,16,4,3
04.14,73,19,4,1
04.15,105,21,5,32
04.16,125,21,5,20
04.17,143,25,5,18
04.18,163,25,5,20
04.19,173,25,5,10
04.20,196,27,5,23
04.21,223,27,6,27
04.22,233,27,6,10
04.23,252,28,6,19
04.24,257,28,6,5
04.25,288,28,7,31
04.26,305,28,7,17
04.27,350,28,7,45
04.28,364,29,7,14
04.29,381,29,7,17
04.30,396,29,7,15
05.01,422,29,8,26
05.02,432,31,8,10
05.03,432,31,8,0
05.04,469,38,9,37
05.05,471,49,9,2
05.06,473,56,9,2
05.07,478,57,9,5
05.08,488,58,9,10
05.09,490,62,9,2
05.10,498,78,9,8
05.11,502,90,9,4
05.12,505,90,9,3
05.13,507,100,9,2
05.14,509,113,9,2
05.15,509,118,9,0
05.16,511,121,9,2
05.17,517,121,9,6
05.18,520,127,9,3
05.19,520,131,9,0
05.20,520,145,9,0
05.21,529,171,9,9
05.22,534,181,9,5
05.23,544,191,9,10
05.24,550,200,9,6
05.25,552,211,9,2
05.26,556,238,9,4
05.27,564,267,9,8
05.28,569,279,9,5
05.29,569,284,9,0
05.30,575,289,9,6
05.31,581,290,9,6
06.01,586,311,9,5
06.02,588,322,9,2
06.03,588,322,9,0
06.04,591,361,10,3
06.05,591,368,10,0
06.06,595,385,10,4
06.07,596,404,10,1
06.08,598,405,10,2
06.09,599,405,10,1
06.10,605,405,10,6
06.11,605,407,10,0
06.12,611,408,10,6
06.13,614,417,10,3
06.14,615,420,10,1
06.15,617,420,10,2
06.16,621,430,10,4
06.17,621,449,10,0
06.18,626,451,10,5
06.19,638,458,10,12
06.20,652,458,10,14
06.21,657,462,10,5
06.22,659,516,10,2
06.23,665,516,10,6
06.24,670,518,10,5
06.25,678,521,10,8
06.26,684,526,10,6
06.27,686,539,10,2
06.28,690,552,10,4
06.29,696,552,10,6
06.30,698,553,10,2
07.01,702,553,10,4
07.02,707,555,10,5
07.03,715,560,10,8
07.04,721,565,10,6
07.05,728,569,10,7
07.06,732,584,10,4
07.07,737,591,10,5
07.08,745,599,10,8
07.09,751,600,10,6
07.10,753,603,10,2
07.11,753,605,10,0
07.12,758,615,10,5
07.13,758,620,10,0
07.14,759,628,10,1
07.15,762,643,10,3
07.16,763,647,10,1
07.17,765,647,10,2
07.18,768,678,10,3
07.19,774,679,10,6
07.20,790,693,10,16
07.21,809,706,10,19
07.22,810,709,10,1
07.23,816,710,10,6
07.24,821,711,10,5
07.25,831,711,10,10
07.26,837,711,10,6
07.27,842,714,10,5
07.28,853,714,10,11
07.29,855,724,10,2
07.30,856,724,10,1
07.31,864,724,10,8
08.01,878,726,10,14
08.02,883,743,10,5
08.03,894,743,12,11
08.04,905,743,12,11
08.05,920,745,12,15
08.06,928,745,12,8
08.07,958,745,12,30
08.08,987,745,13,29
08.09,1003,745,13,16
08.10,1023,745,14,20
08.11,1031,745,14,8
08.12,1047,753,14,16
08.13,1065,753,14,18
08.14,1071,754,14,6
08.15,1082,761,14,11
08.16,1106,761,14,24
08.17,1113,764,14,7
08.18,1129,764,14,16
08.19,1146,770,14,17
08.20,1192,772,14,46
08.21,1290,788,15,98
08.22,1346,788,16,56
08.23,1413,817,16,67
08.24,1529,819,16,116
08.25,1612,819,16,83
08.26,1732,840,19,120
08.27,1804,846,19,72
08.28,1870,846,19,66
08.29,2011,888,19,141
08.30,2113,890,20,102
08.31,2357,890,21,244
09.01,2459,890,21,102
09.02,2683,898,24,224
09.03,2822,900,27,139
09.04,2896,921,29,74
09.05,2964,922,30,68
09.06,3024,950,32,60
09.07,3103,958,33,79
09.08,3183,974,34,80
09.09,3323,992,36,140
09.10,3437,1019,38,114
09.11,3511,1019,40,74
09.12,3511,1019,40,0
09.13,3623,1072,40,112
09.14,3771,1149,42,148
09.15,3933,1161,44,162
09.16,4042,1163,46,109
09.17,4164,1180,46,122
09.18,4374,1225,51,210
09.19,4571,1264,55,197
09.20,4758,1327,60,187
09.21,5143,1407,70,385
09.22,5143,1407,70,0
09.23,5395,1444,76,252
09.24,5588,1490,77,193
09.25,5723,1496,80,135
09.26,5854,1624,88,131
09.27,6017,1706,89,163
09.28,6017,1706,89,0
09.29,6408,1770,101,391
09.30,6482,1867,107,74
10.01,6555,1991,111,73
10.02,6704,2112,116,149
10.03,6795,2345,119,91
10.04,6795,2345,119,0
10.05,7012,2635,120,217
10.06,7109,2674,123,97
10.07,7191,2700,126,82
10.08,7273,2732,128,82
10.09,7363,3102,132,90
10.10,7559,3142,138,196
10.11,7559,3142,138,0
10.12,7813,3237,146,254
10.13,7910,3303,146,97
10.14,7989,3431,151,79
10.15,8067,3481,160,78
10.16,8132,3653,162,65
10.17,8195,3653,168,63
10.18,8274,3859,171,79
10.19,8321,3951,173,47
10.20,8374,4002,174,53
10.21,8445,4016,174,71
10.22,8600,4095,179,155
10.23,8638,4156,182,38
10.24,8670,4209,186,32
10.25,8670,4209,186,0
10.26,8749,4303,192,79
10.27,8787,4347,196,38
10.28,8787,4347,196,0
10.29,8851,4379,198,64
10.30,9005,4442,205,154
10.31,9005,4442,205,0
11.01,9094,4510,206,89
11.02,9257,4637,210,163
11.03,9296,4666,214,39
11.04,9326,4704,215,30
11.05,9373,4745,217,47
11.06,9373,4745,217,0
11.07,9472,4878,218,99
11.08,9506,4934,221,34
11.09,9506,4934,221,0
11.10,9542,4952,221,36
11.11,9573,4987,224,31
11.12,9634,5043,225,61
11.13,9723,5168,227,89
11.14,9780,5228,229,57
11.15,9780,5228,229,0
11.16,9884,5248,231,104
11.17,9959,5338,231,75
11.18,9959,5369,233,0
11.19,10088,5407,235,129
11.20,10088,5407,235,0
11.21,10151,5432,235,63
11.22,10240,5481,237,89
11.23,10343,5518,239,103
11.24,10422,5572,243,79
11.25,10422,5572,243,0
11.26,10488,5623,247,66
11.27,10600,5829,250,112
11.28,10669,5953,251,69
11.29,10669,5953,251,0
11.30,10763,6219,257,94
12.01,10763,6219,257,0
12.02,10864,6500,258,101
12.03,10864,6614,259,0
12.04,10911,6730,260,47
12.05,11063,6866,261,152
12.06,11063,6866,261,0
12.07,11184,7146,265,121
12.08,11271,7292,265,87
12.09,11271,7390,266,0
12.10,11369,7522,270,98
12.11,11509,7667,270,140
12.12,11509,7667,270,0
12.13,11710,7954,273,201
12.14,11710,8098,273,0
12.15,11875,8212,276,165
12.16,11907,8371,276,32
12.17,11907,8371,276,0
12.18,11968,8668,283,61
12.19,12039,8812,285,71
12.20,12135,8966,286,96
12.21,12289,9113,286,154
12.22,12354,9266,288,65
12.23,12423,9416,290,69
12.24,12423,9416,290,0
12.25,12519,9579,292,96
12.26,12684,9881,294,165
12.27,12723,10019,295,39
12.28,12723,10019,295,0
12.29,12732,10161,298,9
12.30,12793,10319,302,61
12.31,12827,10383,302,34
01.01,12827,10383,302,0
01.02,12931,10679,303,104
01.03,13049,10833,304,118
01.04,13049,10833,304,0
01.05,13246,11106,305,197
01.06,13330,11182,306,84
01.07,13330,11182,306,0
01.08,13368,11253,306,38
01.09,13411,11323,307,43
01.10,13455,11379,311,44
01.11,13548,11506,313,93
01.12,13760,11526,315,212
01.13,13852,11568,317,92
01.14,13852,11568,317,0
01.15,13915,11592,322,63
01.16,13992,11630,323,77
01.17,14161,11709,324,169
01.18,14274,11727,326,113
01.19,14419,11743,329,145
01.20,14419,11743,329,0
01.21,14487,11777,331,68
01.22,14550,11833,331,63
01.23,14658,11833,332,108
01.24,14772,11850,336,114
01.25,15012,11889,338,240
01.26,15012,11889,338,0
01.27,15241,11942,342,229
01.28,15241,11942,342,0
01.29,15462,11981,345,221
01.30,15462,11981,345,0
01.31,15653,12043,350,191
02.01,15778,12068,352,125
02.02,15973,12108,353,195
02.03,15973,12108,353,0
02.04,16073,12137,355,100
02.05,16250,12174,355,177
02.06,16513,12174,357,263
02.07,16841,12225,357,328
02.08,17085,12271,358,244
02.09,17298,12318,358,213
02.10,17701,12362,359,403
02.11,18237,12456,363,536
02.12,18237,12456,363,0
02.13,18527,12504,368,290
02.14,18830,12545,372,303
02.15,19035,12593,374,205
02.16,19305,12635,378,270
02.17,19773,12684,378,468
02.18,20016,12735,381,243
02.19,20310,12781,384,294
02.20,20581,12828,391,271
02.21,20924,12883,391,343
02.22,21382,12931,396,458
02.23,21679,12988,399,297
02.24,21826,13046,405,147
02.25,22267,13173,410,441
02.26,22471,13231,413,204
02.27,22817,13318,417,346
02.28,22817,13318,417,0
03.01,23263,13410,422,446
03.02,23599,13502,425,336
03.03,23838,13625,432,239
03.04,24103,13745,435,265
03.05,24444,13869,436,341
03.06,25303,14159,446,859
03.07,25303,14159,446,0
03.08,26026,14301,453,723
03.09,26904,14447,454,878
03.10,27465,14595,460,561
03.11,28273,14645,463,808
03.12,28968,14781,475,695
03.13,29387,14912,480,419
03.14,29912,15059,484,525
03.15,30499,15139,485,587
03.16,31305,15253,492,806
03.17,31907,15371,494,602
03.18,32728,15473,507,821
03.19,33366,15615,511,638
03.20,33970,15810,519,604
03.21,34665,15939,524,695
03.22,35338,16130,533,673
03.23,35896,16309,536,558
03.24,36231,16490,542,335
03.25,36670,16618,545,439
03.26,37128,16739,546,458
03.27,37458,16848,557,330
03.28,37747,17197,570,289
03.29,38227,17197,570,480
03.30,38227,17197,570,0
03.31,38227,17197,570,0
04.01,39237,17598,596,1010
04.02,39543,17725,599,306
04.03,39967,17861,607,424
04.04,40449,18014,613,482
04.05,40663,18149,615,214
04.06,41013,18297,618,350
04.07,41328,18444,622,315
04.08,41400,18444,631,72
04.09,41604,18566,646,204
04.10,41843,18690,661,239
04.11,42119,18785,669,276
04.12,42500,18896,672,381
04.13,42763,19017,676,263
04.14,42924,19136,682,161
04.15,43054,19248,692,130
04.16,43240,19369,697,186
04.17,43473,19472,713,233
04.18,43684,19599,721,211
04.19,43890,19710,723,206
04.20,44136,19832,727,246
04.21,44254,19962,738,118
04.22,44337,20070,744,83
04.23,44502,20170,751,165
04.24,44642,20275,752,140
04.25,44867,20391,756,225
04.26,45004,20519,760,137
04.27,45145,20626,761,141
04.28,45212,20729,767,67
04.29,45292,20842,770,80
04.30,45414,20945,770,122
05.01,45578,21059,778,164
05.02,45777,21153,779,199
05.03,45867,21293,784,90
05.04,46039,21487,790,172
05.05,46087,21646,793,48
05.06,46194,21779,794,107
05.07,46428,22018,801,234
05.08,46428,22018,801,0
05.09,46588,22148,803,160
05.10,46708,22268,806,120
05.11,46782,22395,809,74
05.12,46821,22517,814,39
05.13,46922,22636,820,101
05.14,47020,22761,834,98
05.15,47150,22895,838,130
05.16,47233,23013,843,83
05.17,47319,23124,860,86
05.18,47396,23281,863,77
05.19,47479,23410,878,83
05.20,47572,23530,892,93
05.21,47672,23643,902,100
05.22,47776,23742,904,104
05.23,47899,23852,912,123
05.24,47959,23986,917,60
05.25,48054,24105,925,95
05.26,48081,24226,931,27
05.27,48101,24373,934,20
05.28,48180,24528,935,79
05.29,48288,24703,936,108
05.30,48467,25054,945,179
05.31,48467,25054,945,0
06.01,48557,25298,948,90
06.02,48594,25485,949,37
06.03,48638,25485,951,44
06.04,48638,25485,951,0
06.05,48810,25936,960,172
06.06,48810,25936,960,0
06.07,48810,25936,960,0
06.08,48810,25936,960,0
06.09,48810,25936,960,0
06.10,48810,25936,960,0
06.11,48810,25936,960,0
06.12,48810,25936,960,0
06.13,49232,27365,996,422
06.14,49277,27542,997,45
06.15,49356,27732,1011,79
06.16,49379,27919,1012,23
06.17,49429,28054,1012,50
06.18,49503,28182,1023,74
06.19,49564,28333,1028,61
06.20,49607,28465,1031,43
06.21,49668,28620,1033,61
06.22,49712,28793,1034,44
06.23,49735,28935,1037,23
06.24,49795,29130,1042,60
06.25,49841,29322,1049,46
06.26,49909,29456,1051,68
06.27,49964,29647,1057,55
06.28,50005,29830,1061,41
06.29,50054,29953,1061,49
06.30,50080,29957,1065,26
07.01,50124,30074,1075,44
07.02,50166,30192,1080,42
