,confirm,heal,dead,confirm_add
03.13,1,0,0,1
03.14,1,0,0,0
03.15,3,0,0,2
03.16,3,0,0,0
03.17,4,0,0,1
03.18,7,0,0,3
03.19,7,0,0,0
03.20,7,0,0,0
03.21,7,0,0,0
03.22,15,0,0,8
03.23,16,0,0,1
03.24,25,0,0,9
03.25,28,0,0,12
03.26,31,1,0,3
03.27,31,1,1,0
03.28,38,1,1,7
03.29,42,1,1,4
03.30,50,1,1,8
03.31,59,1,1,9
04.01,81,3,1,22
04.02,110,4,3,29
04.03,122,4,4,12
04.04,126,4,4,4
04.05,142,4,4,16
04.06,158,4,6,16
04.07,172,7,6,14
04.08,179,9,6,7
04.09,184,12,7,5
04.10,189,22,7,5
04.11,191,24,7,2
04.12,197,25,8,6
04.13,208,40,9,11
04.14,208,40,9,0
04.15,225,53,10,17
04.16,234,53,11,9
04.17,246,53,11,12
04.18,262,60,12,16
04.19,270,67,14,8
04.20,281,69,14,11
04.21,296,74,14,15
04.22,303,74,14,7
04.23,320,89,14,17
04.24,336,94,14,16
04.25,343,98,14,7
04.26,355,106,14,12
04.27,363,114,14,8
04.28,374,124,14,11
04.29,384,129,14,10
04.30,396,144,17,12
05.01,396,144,17,0
05.02,435,152,22,39
05.03,435,152,22,0
05.04,490,173,24,55
05.05,535,182,24,45
05.06,582,190,26,47
05.07,607,197,29,25
05.08,621,202,29,14
05.09,649,207,30,28
05.10,672,239,32,23
05.11,700,251,33,28
05.12,715,259,36,15
05.13,737,281,40,22
05.14,758,284,42,21
05.15,758,284,42,0
05.16,830,301,50,72
05.17,887,301,50,57
05.18,912,336,50,25
05.19,963,358,50,51
05.20,1029,366,50,66
05.21,1029,366,50,0
05.22,1161,375,50,132
05.23,1192,380,50,31
05.24,1214,383,51,22
05.25,1286,402,52,72
05.26,1348,405,52,62
05.27,1471,408,55,123
05.28,1618,421,58,147
05.29,1745,438,62,127
05.30,1888,438,62,143
05.31,1962,478,64,74
06.01,2021,478,69,59
06.02,2093,499,71,72
06.03,2093,499,71,0
06.04,2340,592,78,247
06.05,2474,643,79,134
06.06,2474,643,79,0
06.07,2767,752,84,293
06.08,2872,849,85,105
06.09,2989,873,88,117
06.10,2989,873,88,0
06.11,3215,1092,92,226
06.12,3305,1164,96,90
06.13,3305,1164,96,0
06.14,3594,1221,100,289
06.15,3727,1286,104,133
06.16,3860,1328,105,133
06.17,3860,1328,105,0
06.18,4257,1459,117,397
06.19,4374,1550,119,117
06.20,4478,1586,121,104
06.21,4478,1586,121,0
06.22,4797,1680,125,319
06.23,4952,1782,128,155
06.24,5206,1782,128,254
06.25,5384,1857,132,178
06.26,5533,1905,137,149
06.27,5811,1936,141,278
06.28,6070,1936,141,259
06.29,6190,2013,144,120
06.30,6190,2013,144,0
07.01,6673,2089,149,483
07.02,6941,2089,149,268
07.03,7188,2109,154,247
07.04,7577,2148,154,389
07.05,7886,2287,160,309
07.06,8067,2414,164,181
07.07,8250,2504,167,183
07.08,8528,2593,169,278
07.09,8975,2657,173,447
07.10,9448,2733,181,473
07.11,9726,2832,184,278
07.12,9726,2832,184,0
07.13,10294,2946,197,568
07.14,10791,3017,202,497
07.15,11252,3068,209,461
07.16,11673,3638,217,421
07.17,12062,3983,222,389
07.18,12750,4440,225,688
07.19,12750,4440,225,0
07.20,13353,5122,234,603
07.21,13771,5616,238,418
07.22,14805,6757,260,1034
07.23,15601,6757,260,796
07.24,15601,7135,263,0
07.25,16268,7446,274,667
07.26,16643,7574,278,375
07.27,17603,7743,280,960
07.28,17975,7833,285,372
07.29,19125,8021,311,1150
07.30,19125,8021,311,0
07.31,20636,8165,341,1511
08.01,21363,8419,364,727
08.02,22053,8419,369,690
08.03,22597,8740,382,544
08.04,23202,9327,388,605
08.05,23873,9930,391,671
08.06,23873,9930,391,0
08.07,24411,10444,399,538
08.08,25138,11118,413,727
08.09,25837,11899,418,699
08.10,26928,13495,423,1091
08.11,27425,13867,438,497
08.12,27425,13867,438,0
08.13,28104,14610,456,679
08.14,29334,15298,465,1230
08.15,29849,15970,472,515
08.16,30120,16656,474,271
08.17,30365,17160,482,245
08.18,30636,17368,487,271
08.19,30636,17368,487,0
08.20,31015,17612,506,379
08.21,31763,18157,532,748
08.22,32118,18453,542,355
08.23,32364,18670,548,246
08.24,32557,18895,554,193
08.25,32803,19055,559,246
08.26,33016,19296,564,213
08.27,33389,19368,567,373
08.28,33630,19434,567,241
08.29,33794,19590,572,164
08.30,34057,19688,574,263
08.31,34201,19893,577,144
09.01,34201,19893,577,0
09.02,34493,20211,581,292
09.03,34493,20211,581,0
09.04,34884,21059,589,391
09.05,35020,21158,594,136
09.06,35103,21230,597,83
09.07,35205,21310,599,102
09.08,35205,21310,599,0
09.09,35460,21557,607,255
09.10,35460,21557,607,0
09.11,35603,22047,612,143
09.12,35793,22442,616,190
09.13,35969,22771,619,176
09.14,36157,23067,622,188
09.15,36205,23243,624,48
09.16,36301,23364,634,96
09.17,36576,23611,642,275
09.18,36724,23709,646,148
09.19,36829,23777,646,105
09.20,36981,23887,648,152
09.21,36981,23887,648,0
09.22,37079,23949,650,98
09.23,37218,24147,659,139
09.24,37348,24253,664,130
09.25,37489,24334,669,141
09.26,37707,24504,682,218
09.27,38115,24621,691,408
09.28,38115,24621,691,0
09.29,38378,24740,707,263
09.30,38529,24908,711,151
10.01,38713,24908,711,184
10.02,38923,25114,725,210
10.03,39184,25426,728,261
10.04,39427,25659,731,243
10.05,39449,25659,731,22
10.06,39586,27331,743,137
10.07,39586,27331,743,0
10.08,40178,31710,751,592
10.09,40178,31710,751,0
10.10,41158,31876,760,980
10.11,41546,32000,766,388
10.12,41619,32000,777,73
10.13,41937,31340,787,318
10.14,41937,31340,787,0
10.15,43143,31508,805,1206
10.16,43580,31648,813,437
10.17,44196,31752,825,616
10.18,44881,31857,832,685
10.19,45076,32084,839,195
10.20,45647,32522,842,571
10.21,46144,32760,858,497
10.22,46144,32760,858,0
10.23,47843,33421,884,1699
10.24,47843,33421,884,0
10.25,49721,34209,902,1878
10.26,49721,34209,902,0
10.27,50833,34832,934,1112
10.28,50833,34832,934,0
10.29,51851,35258,950,1018
10.30,52612,35604,964,761
10.31,53797,35876,981,1185
11.01,55192,35876,996,1395
11.02,55877,37194,1013,685
11.03,56601,37442,1027,724
11.04,57093,37846,1039,492
11.05,58587,38381,1051,1494
11.06,59595,39193,1072,1008
11.07,60704,40131,1093,1109
11.08,62488,41931,1111,1784
11.09,62488,41931,1111,0
11.10,63244,42659,1130,756
11.11,64588,43095,1154,1344
11.12,65804,43626,1180,1216
11.13,66723,44040,1203,919
11.14,68193,44872,1228,1470
11.15,70245,45766,1269,2052
11.16,70245,45766,1269,0
11.17,71729,47262,1302,1484
11.18,71729,47262,1302,0
11.19,72686,49878,1313,957
11.20,74145,50658,1330,1459
11.21,75193,50984,1349,1048
11.22,76404,51352,1366,1211
11.23,77372,51507,1380,968
11.24,78512,51903,1409,1140
11.25,79322,52974,1417,810
11.26,80102,53526,1427,780
11.27,80102,53526,1427,0
11.28,82605,54399,1445,2503
11.29,82605,54399,1445,0
11.30,83316,54975,1452,711
12.01,83618,55344,1469,302
12.02,84169,55610,1474,551
12.03,85130,56464,1484,961
12.04,86383,67788,1500,1253
12.05,87249,68110,1506,866
12.06,87984,68532,1518,735
12.07,88380,68929,1526,396
12.08,88579,69414,1531,199
12.09,89100,70194,1552,521
12.10,89661,70194,1552,561
12.11,90305,71254,1568,644
12.12,90978,71579,1582,673
12.13,91526,72596,1586,548
12.14,91892,73028,1587,366
12.15,92459,73979,1604,567
12.16,92853,74403,1614,394
12.17,93405,74999,1618,552
12.18,93405,74999,1618,0
12.19,93761,75274,1629,356
12.20,94151,75559,1633,390
12.21,94500,75735,1639,349
12.22,94614,76060,1644,114
12.23,94768,76222,1647,154
12.24,95195,76508,1648,427
12.25,95713,76811,1653,518
12.26,95843,76998,1655,130
12.27,95923,77423,1658,80
12.28,95923,77423,1658,0
12.29,96139,77659,1665,216
12.30,96251,78475,1667,112
12.31,96251,78475,1667,0
01.01,96458,78737,1670,207
01.02,96614,78802,1681,156
01.03,96678,79012,1685,64
