,confirm,heal,dead,confirm_add
03.18,3,0,0,3
03.19,3,0,0,0
03.20,6,0,0,3
03.21,12,0,0,6
03.22,14,0,0,2
03.23,16,0,0,4
03.24,42,0,0,26
03.25,42,0,0,26
03.26,44,0,0,2
03.27,58,0,0,14
03.28,58,0,0,14
03.29,84,0,0,26
03.30,94,0,0,10
03.31,107,3,0,13
04.01,111,3,0,4
04.02,116,5,0,5
04.03,130,5,1,14
04.04,144,9,1,14
04.05,147,9,1,3
04.06,216,33,4,69
04.07,228,33,4,12
04.08,270,33,4,42
04.09,280,35,4,10
04.10,298,35,5,18
04.11,339,44,5,41
04.12,377,44,5,38
04.13,419,67,5,42
04.14,430,71,5,11
04.15,449,78,5,19
04.16,466,91,5,17
04.17,489,114,5,23
04.18,506,130,5,17
04.19,554,133,5,48
04.20,568,201,7,14
04.21,590,216,7,22
04.22,612,254,7,22
04.23,631,302,8,19
04.24,656,322,8,25
04.25,665,345,8,9
04.26,682,370,8,17
04.27,695,395,8,13
04.28,708,416,8,13
04.29,729,437,8,21
04.30,746,462,8,17
05.01,756,504,8,10
05.02,769,527,8,13
05.03,769,527,8,0
05.04,830,575,10,61
05.05,843,600,11,13
05.06,871,614,12,28
05.07,895,637,12,24
05.08,906,650,12,11
05.09,931,658,12,25
05.10,1002,675,12,71
05.11,1016,688,12,14
05.12,1037,709,12,21
05.13,1044,726,12,7
05.14,1082,735,12,38
05.15,1111,745,14,29
05.16,1117,783,14,6
05.17,1138,804,14,21
05.18,1216,827,14,78
05.19,1243,898,14,27
05.20,1270,910,14,27
05.21,1313,923,14,43
05.22,1350,939,14,37
05.23,1365,957,14,15
05.24,1403,980,14,38
05.25,1433,992,16,30
05.26,1468,1015,16,35
05.27,1520,1043,16,52
05.28,1594,1066,16,74
05.29,1662,1088,16,68
05.30,1722,1113,16,60
05.31,1748,1170,16,26
06.01,1817,1181,16,69
06.02,1845,1219,17,28
06.03,1845,1219,17,0
06.04,1899,1292,20,54
06.05,1936,1340,22,37
06.06,1974,1360,22,38
06.07,2007,1425,22,33
06.08,2032,1445,23,25
06.09,2055,1483,24,23
06.10,2093,1572,26,38
06.11,2129,1630,26,36
06.12,2166,1668,26,37
06.13,2207,1722,27,41
06.14,2285,1791,27,78
06.15,2372,1813,27,87
06.16,2472,1847,28,100
06.17,2562,1902,30,90
06.18,2657,1933,31,95
06.19,2789,1961,32,132
06.20,2981,1981,35,192
06.21,3151,2011,37,170
06.22,3356,2021,40,205
06.23,3519,2054,41,163
06.24,3726,2082,42,207
06.25,3954,2112,43,228
06.26,4204,2162,43,250
06.27,4513,2212,46,309
06.28,4748,2242,47,235
06.29,5017,2294,50,269
06.30,5296,2370,57,279
07.01,5735,2443,62,439
07.02,6261,2530,66,526
07.03,6767,2655,76,506
07.04,7094,2714,78,327
07.05,7377,2802,88,283
07.06,7691,2843,92,314
07.07,8141,2916,99,450
07.08,8486,2983,112,345
07.09,8847,3053,116,361
07.10,9358,3134,122,511
07.11,9910,3236,125,552
07.12,10629,3387,132,719
07.13,11117,3460,147,488
07.14,11444,3538,149,327
07.15,11977,3660,160,533
07.16,12498,3735,167,521
07.17,13101,3821,173,603
07.18,13101,3821,173,0
07.19,24606,10704,900,11505
07.20,27143,13109,1037,2537
07.21,28251,14776,1079,1108
07.22,28980,15536,1111,729
07.23,30349,16791,1169,1369
07.24,31247,18038,1211,898
07.25,32124,19203,1249,877
07.26,32813,20388,1277,689
07.27,33296,21205,1301,483
07.28,33718,22296,1329,422
07.29,34592,22296,1347,874
07.30,35223,23985,1364,631
07.31,35619,24685,1372,396
08.01,36299,26419,1397,680
08.02,36719,27274,1409,420
08.03,37129,27927,1420,410
08.04,37541,28743,1427,412
08.05,38110,29513,1438,569
08.06,38659,30099,1447,549
08.07,39162,30764,1451,503
08.08,39571,31062,1459,409
08.09,39919,31822,1468,348
08.10,40085,32126,1474,166
08.11,40455,32734,1478,370
08.12,40759,32997,1484,304
08.13,41069,33288,1487,310
08.14,41373,33592,1491,304
08.15,41645,33951,1493,272
08.16,41856,34276,1495,211
08.17,41991,34537,1496,135
08.18,42146,34855,1498,155
08.19,42146,34855,1498,0
08.20,42507,35486,1498,361
08.21,42703,35831,1498,196
08.22,42889,36056,1055,186
08.23,43023,36397,1056,134
08.24,43126,36615,1057,103
08.25,43245,36925,1057,119
08.26,43358,37217,1057,113
08.27,43459,37492,1057,101
08.28,43587,37726,1057,128
08.29,43712,37973,1057,125
08.30,43820,38198,1058,108
08.31,43898,38459,1058,78
09.01,43958,38649,1059,60
09.02,44036,38895,1059,78
09.03,44135,39174,1059,99
09.04,44199,39389,1060,64
09.05,44293,39599,1060,94
09.06,44403,39826,1060,110
09.07,44458,39960,1060,55
09.08,44487,40092,1060,29
09.09,44613,40336,1061,126
09.10,44684,40487,1061,71
09.11,44761,40631,1063,77
09.12,44828,40779,1063,67
09.13,44828,40779,1063,0
09.14,44928,41023,1063,100
09.15,44999,41103,1063,71
09.16,45072,41210,1063,73
09.17,45153,41317,1063,81
09.18,45244,41415,1063,91
09.19,45335,41484,1063,91
09.20,45335,41484,1063,0
09.21,45471,41682,1063,136
09.22,45542,41796,1063,71
09.23,45630,41904,1063,88
09.24,45757,42005,1063,127
09.25,45932,42147,1063,175
09.26,46090,42302,1063,158
09.27,46251,42453,1063,161
09.28,46355,42613,1064,104
09.29,46522,42761,1064,167
09.30,46669,42879,1064,147
10.01,46841,42983,1065,172
10.02,47056,43137,1065,215
10.03,47184,43278,1066,128
10.04,47428,43418,1066,244
10.05,47635,43521,1066,207
10.06,47799,43644,1066,164
10.07,48097,43798,1069,298
10.08,48342,43957,1073,245
10.09,48617,44097,1077,275
10.10,48924,44227,1082,307
10.11,49230,44227,1085,306
10.12,49528,44522,1090,298
10.13,49871,44712,1092,343
10.14,50201,44884,1094,330
10.15,50589,45080,1099,388
10.16,51020,45288,1103,431
10.17,51490,45509,1108,470
10.18,52044,45736,1111,554
10.19,52526,45863,1111,482
10.20,52910,46139,1113,384
10.21,53459,46444,1118,549
10.22,54006,46726,1122,547
10.23,54588,47050,1126,582
10.24,55144,47337,1130,556
10.25,55750,47616,1134,606
10.26,56170,47843,1134,420
10.27,56738,48223,1136,568
10.28,57276,48637,1138,538
10.29,57798,49097,1139,522
10.30,58394,49522,1142,596
10.31,58878,49983,1144,484
11.01,58878,49983,1144,0
11.02,59879,50741,1155,1001
11.03,59879,50741,1155,0
11.04,60774,51815,1163,895
11.05,61309,52343,1167,535
11.06,61748,52855,1170,439
11.07,62304,53406,1172,556
11.08,62819,53952,1177,515
11.09,63390,54358,1182,571
11.10,63390,54358,1182,0
11.11,63960,54774,1185,570
11.12,64887,55824,1193,927
11.13,65454,56307,1195,567
11.14,65953,56847,1196,499
11.15,66504,57321,1199,551
11.16,66983,57760,1203,479
11.17,67469,58315,1207,486
11.18,67894,58846,1212,425
11.19,68316,59362,1217,422
11.20,68702,59789,1223,386
11.21,69149,60294,1227,447
11.22,69581,60811,1231,432
11.23,69885,61160,1237,304
11.24,70366,61593,1241,481
11.25,70744,62048,1245,378
11.26,71171,62544,1251,427
11.27,71548,62946,1256,377
11.28,71971,63407,1262,423
11.29,72427,63789,1266,456
11.30,72807,64149,1271,380
12.01,73178,64711,1275,371
12.02,73513,65189,1277,335
12.03,73933,65589,1281,420
12.04,74373,66113,1285,440
12.05,74774,66538,1290,401
12.06,74973,66993,1295,199
12.07,75395,67400,1297,422
12.08,75690,67873,1301,295
12.09,76012,68367,1303,322
12.10,76391,68894,1306,379
12.11,76718,69341,1307,327
12.12,77059,69794,1307,341
12.13,77356,70192,1307,297
12.14,77674,70450,1312,318
12.15,77910,70867,1316,236
12.16,78151,71270,1317,241
12.17,78415,71656,1321,264
12.18,78679,72051,1324,264
12.19,78911,72459,1328,232
12.20,78911,72459,1328,0
12.21,79254,73005,1331,343
12.22,79429,73300,1335,175
12.23,79659,73561,1337,230
12.24,79845,73870,1340,186
12.25,80025,74177,1340,180
12.26,80182,74477,1344,157
12.27,80373,74820,1348,191
12.28,80535,75057,1349,162
12.29,80654,75334,1353,119
12.30,80843,75624,1354,189
12.31,81034,75918,1355,191
01.01,81156,76148,1356,122
01.02,81214,76351,1358,58
01.03,81305,76563,1359,91
01.04,81388,76728,1360,83
01.05,81512,76955,1360,124
01.06,81656,77170,1361,144
01.07,81826,77376,1363,170
01.08,81991,77547,1365,165
01.09,82138,77751,1367,147
01.10,82273,77902,1369,135
01.11,82380,78003,1371,107
01.12,82495,78181,1374,115
01.13,82587,78358,1375,92
01.14,82723,78563,1378,136
01.15,82857,78715,1381,134
01.16,82986,78866,1382,129
01.17,83109,78994,1384,123
01.18,83178,79104,1387,69
01.19,83268,79249,1390,90
01.20,83430,79373,1392,162
01.21,83585,79509,1394,155
01.22,83703,79664,1396,118
01.23,83796,79772,1398,93
01.24,83900,79927,1400,104
01.25,83971,80025,1401,71
01.26,84068,80182,1402,97
01.27,84175,80330,1405,107
01.28,84303,80481,1408,128
01.29,84377,80643,1409,74
01.30,84453,80781,1411,76
01.31,84529,80896,1412,76
02.01,84588,80987,1412,59
02.02,84646,81102,1414,58
02.03,84762,81232,1415,116
02.04,84832,81334,1418,70
02.05,84920,81444,1420,88
02.06,84992,81542,1423,72
02.07,85071,81635,1426,79
02.08,85113,81714,1431,42
02.09,85171,81825,1433,58
02.10,85253,81923,1436,82
02.11,85328,82006,1437,75
02.12,85398,82098,1439,70
02.13,85441,82184,1441,43
02.14,85475,82253,1441,34
02.15,85516,82306,1442,41
02.16,85564,82391,1444,48
02.17,85619,82452,1446,55
02.18,85689,82525,1447,70
02.19,85772,82583,1450,83
02.20,85831,82690,1452,59
02.21,85885,82756,1458,54
02.22,85929,82803,1458,44
02.23,86001,82879,1460,72
02.24,86025,82938,1460,24
02.25,86091,83006,1463,66
02.26,86142,83061,1463,51
02.27,86185,83127,1463,43
02.28,86229,83179,1464,44
03.01,86251,83210,1466,22
03.02,86308,83269,1467,57
03.03,86356,83318,1468,48
03.04,86410,83375,1468,54
03.05,86451,83424,1470,41
03.06,86506,83484,1471,55
03.07,86550,83530,1471,44
03.08,86583,83575,1473,33
03.09,86606,83606,1475,23
03.10,86640,83666,1476,34
03.11,86692,83718,1476,52
03.12,86755,83766,1480,63
03.13,86818,83809,1480,63
03.14,86850,83836,1481,32
03.15,86917,83875,1483,67
03.16,86990,83924,1484,73
03.17,87045,83980,1485,55
03.18,87143,84031,1485,98
03.19,87239,84084,1487,96
03.20,87321,84130,1488,82
03.21,87389,84185,1490,68
03.22,87462,84223,1490,73
03.23,87537,84274,1490,75
03.24,87652,84339,1492,115
03.25,87758,84407,1494,106
03.26,87858,84469,1494,100
03.27,87946,84537,1494,88
03.28,88092,84600,1495,146
03.29,88163,84653,1497,71
03.30,88163,84723,1498,0
03.31,88374,84809,1499,211
04.01,88538,84897,1500,164
04.02,88700,84979,1500,162
04.03,88842,85077,1502,142
04.04,89014,85164,1506,172
04.05,89153,85271,1507,139
04.06,89277,85388,1509,124
04.07,89438,85496,1512,161
04.08,89660,85607,1516,222
04.09,89811,85719,1516,151
04.10,90019,85824,1519,208
04.11,90019,85824,1519,0
04.12,90372,86028,1528,353
04.13,90599,86152,1532,227
04.14,90839,86313,1534,240
04.15,91144,86491,1540,305
04.16,91374,86621,1544,230
04.17,91639,86773,1546,265
04.18,91883,86907,1549,244
04.19,92095,87056,1555,212
04.20,92095,87056,1555,0
04.21,92626,87390,1561,531
04.22,93006,87554,1566,380
04.23,93278,87717,1573,272
04.24,93603,87880,1578,325
04.25,93831,88066,1582,228
04.26,94030,88212,1584,199
04.27,94277,88415,1589,247
04.28,94599,88658,1592,322
04.29,94944,88923,1598,345
04.30,95275,89191,1604,331
05.01,95752,89461,1612,477
05.02,96060,89719,1619,308
05.03,96337,89921,1622,277
05.04,96561,90146,1630,224
05.05,96561,90146,1630,0
05.06,97278,90611,1640,717
05.07,97663,90959,1643,385
05.08,98079,91267,1649,416
05.09,98400,91559,1655,321
05.10,98654,91816,1660,254
05.11,99033,92120,1667,379
05.12,99316,92409,1675,283
05.13,99645,92718,1681,329
05.14,99845,92953,1687,200
05.15,100249,93302,1695,404
05.16,100473,93602,1703,224
05.17,100732,93886,1711,259
05.18,100966,94168,1718,234
05.19,101219,94483,1725,253
05.20,101580,94803,1729,361
05.21,101878,95114,1735,298
05.22,102186,95446,1743,308
05.23,102511,95811,1751,325
05.24,102702,96119,1757,191
05.25,103000,96433,1765,298
05.26,103207,96765,1773,207
05.27,103583,97151,1781,376
05.28,103866,97542,1788,283
05.29,104222,98000,1797,356
05.30,104555,98300,1803,333
05.31,104729,98544,1808,174
06.01,105111,98873,1815,382
06.02,105469,99175,1821,358
06.03,105840,99474,1830,371
06.04,106223,99794,1837,383
06.05,106636,100114,1842,413
06.06,106973,100447,1847,337
06.07,107335,100722,1852,362
06.08,107714,101033,1859,379
06.09,108173,101364,1864,459
06.10,108667,101715,1869,494
06.11,109193,102018,1876,526
06.12,109812,102314,1881,619
06.13,110370,102633,1890,558
06.14,110829,102890,1899,459
06.15,111343,103257,1905,514
06.16,111990,103565,1912,647
06.17,112777,103930,1916,787
06.18,113430,104302,1920,653
06.19,114300,104706,1925,870
06.20,115030,105050,1931,730
06.21,115615,105410,1937,585
06.22,116546,105932,1945,931
06.23,117284,106383,1953,738
06.24,118106,106858,1958,822
06.25,118981,107391,1964,875
06.26,119873,107915,1971,892
06.27,120865,108465,1977,992
06.28,121946,108953,1982,1081
06.29,123038,109511,1992,1092
06.30,125003,110082,2000,1965
07.01,126395,110698,2009,1392
07.02,126395,110698,2009,0
