,confirm,heal,dead,confirm_add
05.13,1,0,0,0
05.14,1,0,0,0
05.15,1,0,0,0
05.16,1,0,0,0
05.17,1,0,0,0
05.18,1,0,0,0
05.19,1,0,0,0
05.20,1,0,0,0
05.21,1,0,0,0
05.22,1,0,0,0
05.23,2,0,0,1
05.24,2,0,0,0
05.25,2,0,0,0
05.26,2,0,0,0
05.27,2,0,0,0
05.28,2,1,0,0
05.29,2,1,0,0
05.30,2,1,0,0
05.31,2,1,0,0
06.01,2,1,0,0
06.02,2,1,0,0
06.03,2,1,0,0
06.04,4,2,0,2
06.05,4,2,0,0
06.06,4,2,0,0
06.07,4,2,0,0
06.08,4,2,0,0
06.09,4,2,0,0
06.10,4,2,0,0
06.11,4,2,0,0
06.12,4,2,0,0
06.13,4,2,0,0
06.14,4,2,0,0
06.15,4,2,0,0
06.16,4,2,0,0
06.17,4,2,0,0
06.18,4,2,0,0
06.19,4,2,0,0
06.20,4,2,0,0
06.21,4,2,0,0
06.22,4,2,0,0
06.23,12,2,0,8
06.24,17,2,0,5
06.25,17,2,0,0
06.26,17,2,0,0
06.27,24,4,0,7
06.28,24,4,0,0
06.29,27,4,0,3
06.30,27,4,0,0
07.01,27,4,0,0
07.02,35,11,0,8
07.03,35,11,0,0
07.04,35,11,0,0
07.05,73,11,0,38
07.06,79,11,0,6
07.07,91,11,0,12
07.08,91,11,0,0
07.09,91,11,0,0
07.10,134,20,1,43
07.11,184,26,1,50
07.12,184,26,1,0
07.13,245,33,3,61
07.14,256,48,3,11
07.15,256,48,3,0
07.16,256,48,3,0
07.17,256,48,3,0
07.18,359,69,6,103
07.19,359,69,6,0
07.20,359,69,6,0
07.21,359,69,6,0
07.22,359,69,6,0
07.23,359,69,6,0
07.24,359,69,6,0
07.25,359,69,6,0
07.26,505,128,12,146
07.27,505,128,12,0
07.28,505,128,12,0
07.29,576,141,13,71
07.30,576,141,13,0
07.31,604,144,13,28
08.01,604,144,13,0
08.02,718,173,19,114
08.03,718,173,19,0
08.04,718,173,19,0
08.05,726,174,21,8
08.06,742,175,23,16
08.07,742,175,23,0
08.08,742,175,23,0
08.09,742,175,23,0
08.10,742,175,23,0
08.11,781,175,24,39
08.12,781,175,24,0
08.13,798,175,24,17
08.14,884,271,25,86
08.15,884,271,25,0
08.16,903,271,25,19
08.17,903,271,25,0
08.18,946,271,30,43
08.19,946,271,30,0
08.20,946,423,30,0
08.21,1015,472,30,69
08.22,1015,472,30,0
08.23,1015,472,30,0
08.24,1015,472,30,0
08.25,1015,472,30,0
08.26,1049,472,30,34
08.27,1051,526,31,2
08.28,1051,526,31,0
08.29,1051,526,31,0
08.30,1051,526,31,0
08.31,1085,528,31,34
09.01,1085,528,31,0
09.02,1085,528,31,0
09.03,1085,528,31,0
09.04,1085,528,31,0
09.05,1148,528,31,63
09.06,1148,528,31,0
09.07,1148,528,31,0
09.08,1148,528,31,0
09.09,1148,528,31,0
09.10,1164,528,31,16
09.11,1164,528,31,0
09.12,1245,528,33,81
09.13,1245,528,33,0
09.14,1245,528,33,0
09.15,1245,528,33,0
09.16,1327,687,33,82
09.17,1327,687,33,0
09.18,1327,687,33,0
09.19,1390,754,33,63
09.20,1390,754,33,0
09.21,1424,754,33,34
09.22,1424,754,33,0
09.23,1424,754,33,0
09.24,1554,782,35,130
09.25,1558,797,35,4
09.26,1558,797,35,0
09.27,1558,797,35,0
09.28,1565,822,35,7
09.29,1565,822,35,0
09.30,1576,873,35,11
10.01,1595,873,36,19
10.02,1680,926,39,85
10.03,1680,926,39,0
10.04,1683,926,39,3
10.05,1683,926,39,0
10.06,1683,926,39,0
10.07,1683,926,39,0
10.08,1767,926,40,84
10.09,1800,926,42,33
10.10,1800,926,42,0
10.11,1805,961,42,5
10.12,1805,961,42,0
10.13,1805,961,42,0
10.14,1833,961,42,28
10.15,1833,961,42,0
10.16,1833,961,42,0
10.17,1833,961,42,0
10.18,1833,961,42,0
10.19,1833,961,42,0
10.20,1833,961,42,0
10.21,1918,961,43,85
10.22,1923,961,43,5
10.23,1934,961,43,11
10.24,1940,970,43,6
10.25,1940,970,43,0
10.26,1940,970,43,0
10.27,1947,975,43,7
10.28,1947,975,43,0
10.29,1947,975,43,0
10.30,1953,975,44,6
10.31,1953,975,44,0
11.01,1953,975,44,0
11.02,1953,975,44,0
11.03,1961,988,44,8
11.04,1963,988,44,2
11.05,1963,988,44,0
11.06,1967,1024,44,4
11.07,1967,1024,44,0
11.08,1967,1024,44,0
11.09,1967,1024,44,0
11.10,1967,1024,44,0
11.11,2026,1029,44,59
11.12,2026,1029,44,0
11.13,2026,1029,44,0
11.14,2041,1056,44,15
11.15,2041,1056,44,0
11.16,2041,1056,44,0
11.17,2041,1056,44,0
11.18,2058,1273,44,17
11.19,2058,1273,44,0
11.20,2066,1276,44,8
11.21,2085,1276,44,19
11.22,2085,1276,44,0
11.23,2086,1276,44,1
11.24,2092,1277,44,6
11.25,2092,1277,44,0
11.26,2109,1278,44,17
11.27,2109,1278,44,0
11.28,2109,1278,44,0
11.29,2109,1278,44,0
11.30,2109,1278,44,0
12.01,2137,1278,44,28
12.02,2137,1278,44,0
12.03,2145,1278,44,8
12.04,2145,1278,44,0
12.05,2150,1278,44,5
12.06,2150,1278,44,0
12.07,2150,1278,44,0
12.08,2150,1278,44,0
12.09,2164,1283,44,14
12.10,2178,1283,44,14
12.11,2214,1302,44,36
12.12,2250,1319,44,36
12.13,2250,1319,44,0
12.14,2277,1340,44,27
12.15,2277,1340,44,0
12.16,2307,1398,44,30
12.17,2400,1435,46,93
12.18,2546,1445,48,146
12.19,2546,1445,48,0
12.20,2546,1445,48,0
12.21,2546,1445,48,0
12.22,2546,1445,48,0
12.23,2725,1466,51,179
12.24,2725,1466,51,0
12.25,2725,1466,51,0
12.26,2725,1466,51,0
12.27,2725,1466,51,0
12.28,2956,1466,51,231
12.29,3005,1480,51,49
12.30,3005,1480,51,0
12.31,3094,1480,51,89
01.01,3206,1496,51,112
01.02,3206,1496,65,0
01.03,3206,1496,65,0
01.04,3206,1496,65,0
01.05,3206,1496,65,0
01.06,3206,1496,65,0
01.07,4137,1538,73,931
01.08,5170,1564,79,1033
01.09,5170,1564,79,0
01.10,5203,1572,84,33
01.11,5937,1572,85,734
01.12,5937,1572,85,0
01.13,5937,1572,85,0
01.14,6241,1585,87,304
01.15,6356,1621,89,115
01.16,6371,1635,93,15
01.17,6371,1635,93,0
01.18,6371,1635,93,0
01.19,7018,1652,101,647
01.20,7035,1773,102,17
01.21,7504,1867,103,469
01.22,7555,1993,113,51
01.23,7555,1993,113,0
01.24,7656,2168,123,101
01.25,8044,2243,134,388
01.26,8047,2398,146,3
01.27,8047,2398,146,0
01.28,8142,2504,160,95
01.29,8278,2512,160,136
01.30,8610,2512,163,332
01.31,8649,2552,164,39
02.01,8900,2552,172,251
02.02,8900,2552,172,0
02.03,8900,2552,172,0
02.04,8969,2601,178,69
02.05,8969,2601,178,0
02.06,9380,2706,183,411
02.07,9380,2706,183,0
02.08,9380,2706,183,0
02.09,9380,2706,183,0
02.10,9718,2842,207,338
02.11,9804,2888,210,86
02.12,9819,2896,212,15
02.13,9852,2940,225,33
02.14,9965,2940,230,113
02.15,9965,2940,230,0
02.16,10254,2990,243,289
02.17,10350,2995,254,96
02.18,10375,3198,279,25
02.19,10455,3260,285,80
02.20,10455,3260,285,0
02.21,10461,3312,285,6
02.22,10461,3312,285,0
02.23,10466,3354,288,5
02.24,10467,3418,291,1
02.25,10468,3577,292,1
02.26,10468,3577,292,0
02.27,10491,3745,292,23
02.28,10491,3745,292,0
03.01,10491,3745,292,0
03.02,10495,3768,295,4
03.03,10497,3768,295,2
03.04,10521,3888,305,24
03.05,10522,3888,307,1
03.06,10523,3888,307,1
03.07,10523,3888,307,0
03.08,10523,3888,307,0
03.09,10523,3922,308,0
03.10,10525,3922,309,2
03.11,10525,3922,309,0
03.12,10528,3922,309,3
03.13,10528,3922,309,0
03.14,10530,3922,309,2
03.15,10530,3922,309,0
03.16,10530,3922,309,0
03.17,10530,3922,309,0
03.18,10530,3922,309,0
03.19,10530,3922,309,0
03.20,10535,3922,309,5
03.21,10535,3922,309,0
03.22,10535,3922,309,0
03.23,10538,3922,309,3
03.24,10685,4390,314,147
03.25,10686,4438,315,1
03.26,10686,4438,315,0
03.27,10686,4438,315,0
03.28,10686,4438,315,0
03.29,10686,4438,315,0
03.30,10686,4438,315,0
03.31,10706,4471,315,20
04.01,10706,4471,315,0
04.02,10706,4471,315,0
04.03,10707,4471,315,1
04.04,10707,4471,315,0
04.05,10707,4471,315,0
04.06,10707,4471,315,0
04.07,10707,4471,315,0
04.08,10707,4471,315,0
04.09,10707,4471,315,0
04.10,10707,4471,315,0
04.11,10707,4674,315,0
04.12,10707,4674,315,0
04.13,10709,5028,315,2
04.14,10709,5028,315,0
04.15,10709,5028,315,0
04.16,10709,5028,315,0
04.17,10709,5028,315,0
04.18,10709,5028,315,0
04.19,10709,5028,315,0
04.20,10720,5868,316,11
04.21,10720,5868,316,0
04.22,10720,5975,316,0
04.23,10723,6267,316,3
04.24,10723,6267,316,0
04.25,10728,6267,316,5
04.26,10728,6267,316,0
04.27,10728,6267,316,0
04.28,10730,6267,316,2
04.29,10730,6267,316,0
04.30,10731,6267,316,1
05.01,10731,6267,316,0
05.02,10733,6267,318,2
05.03,10733,6267,318,0
05.04,10733,6267,318,0
05.05,10749,6267,319,16
05.06,10749,6427,319,0
05.07,10761,6427,319,12
05.08,10761,6427,319,0
05.09,10773,6427,319,12
05.10,10773,6427,319,0
05.11,10773,6427,319,0
05.12,10774,6427,319,1
05.13,10778,6427,320,4
05.14,10778,6427,320,0
05.15,10782,6427,320,4
05.16,10782,6427,320,0
05.17,10790,6427,320,8
05.18,10790,6427,320,0
05.19,10790,6427,320,0
05.20,10806,6427,320,16
05.21,10806,6427,320,0
05.22,10806,6427,320,0
05.23,10822,6431,326,16
05.24,10822,6431,326,0
05.25,10822,6431,326,0
05.26,10822,6431,326,0
05.27,10822,6431,326,0
05.28,10825,6434,326,3
05.29,10825,6434,326,0
05.30,10825,6434,326,0
05.31,10831,6434,326,6
06.01,10831,6434,326,0
06.02,10831,6434,326,0
06.03,10831,6434,326,0
06.04,10836,6437,326,5
06.05,10837,6437,326,1
06.06,10837,6437,326,0
06.07,10837,6437,326,0
06.08,10837,6437,326,0
06.09,10839,6438,326,2
06.10,10839,6438,326,0
06.11,10846,6438,326,7
06.12,10853,6440,326,7
06.13,10859,6443,326,6
06.14,10921,6443,326,62
06.15,10923,6443,326,2
06.16,10923,6443,326,0
06.17,10950,6445,326,27
06.18,10950,6445,326,0
06.19,11010,6445,327,60
06.20,11081,6445,329,71
06.21,11081,6445,329,0
06.22,11107,6445,329,26
06.23,11128,6445,329,21
06.24,11168,6445,329,40
06.25,11168,6445,329,0
06.26,11239,6447,329,71
06.27,11239,6447,329,0
06.28,11239,6447,329,0
06.29,11239,6447,329,0
06.30,11344,6447,329,105
07.01,11416,6457,329,72
07.02,11416,6457,329,0
