,confirm,heal,dead,confirm_add
03.16,1,0,0,1
03.17,2,0,0,1
03.18,2,0,0,0
03.19,2,0,0,0
03.20,2,0,0,0
03.21,3,0,0,1
03.22,3,0,0,0
03.23,3,0,0,0
03.24,3,0,0,0
03.25,3,0,0,0
03.26,3,0,0,0
03.27,3,0,0,0
03.28,3,0,0,0
03.29,3,0,0,0
03.30,3,0,0,0
03.31,3,0,0,0
04.01,6,0,0,3
04.02,6,0,0,0
04.03,7,0,0,1
04.04,10,0,1,3
04.05,13,3,3,3
04.06,13,3,3,0
04.07,14,3,3,1
04.08,14,3,3,0
04.09,31,3,4,17
04.10,31,3,4,0
04.11,37,3,5,6
04.12,50,3,5,13
04.13,51,4,6,1
04.14,59,4,6,8
04.15,59,4,6,0
04.16,59,4,6,0
04.17,76,7,7,17
04.18,76,7,7,0
04.19,76,7,7,0
04.20,91,7,8,15
04.21,101,7,8,10
04.22,101,20,8,0
04.23,101,20,8,0
04.24,117,25,8,16
04.25,120,25,11,3
04.26,120,25,11,0
04.27,124,25,12,4
04.28,133,25,16,9
04.29,141,45,16,8
04.30,141,45,16,0
05.01,141,45,16,0
05.02,152,45,18,11
05.03,152,45,18,0
05.04,166,58,18,14
05.05,166,58,18,0
05.06,178,75,20,12
05.07,178,75,20,0
05.08,189,79,20,11
05.09,199,79,20,10
05.10,199,79,20,0
05.11,199,79,20,0
05.12,211,85,20,12
05.13,212,86,20,1
05.14,213,101,20,1
05.15,215,105,20,2
05.16,219,108,20,4
05.17,226,120,21,7
05.18,226,120,21,0
05.19,233,125,23,7
05.20,238,128,23,5
05.21,240,131,23,2
05.22,240,131,23,0
05.23,255,136,26,15
05.24,255,136,26,0
05.25,265,141,26,10
05.26,265,141,26,0
05.27,266,144,27,1
05.28,269,144,27,3
05.29,273,146,27,4
05.30,280,148,27,7
05.31,288,157,27,8
06.01,296,159,27,8
06.02,311,167,28,15
06.03,311,167,28,0
06.04,321,175,28,10
06.05,334,176,30,13
06.06,334,176,30,0
06.07,345,185,30,11
06.08,370,195,30,25
06.09,383,199,31,13
06.10,383,199,31,0
06.11,410,206,31,27
06.12,410,206,31,0
06.13,446,214,32,36
06.14,446,214,32,0
06.15,498,221,33,52
06.16,509,222,33,11
06.17,509,222,33,0
06.18,542,250,33,33
06.19,542,250,33,0
06.20,601,254,33,59
06.21,626,254,34,25
06.22,626,254,34,0
06.23,650,260,34,24
06.24,652,270,34,2
06.25,681,278,34,29
06.26,684,285,34,3
06.27,684,285,34,0
06.28,729,291,34,45
06.29,770,312,36,41
06.30,780,324,36,10
07.01,780,324,36,0
07.02,804,335,37,24
07.03,819,338,37,15
07.04,833,346,37,14
07.05,869,369,37,36
07.06,874,377,37,5
07.07,891,377,39,17
07.08,917,394,41,26
07.09,957,398,42,40
07.10,963,400,47,6
07.11,998,420,47,35
07.12,1010,423,51,12
07.13,1024,439,51,14
07.14,1024,439,51,0
07.15,1024,439,51,0
07.16,1056,447,51,32
07.17,1085,496,69,29
07.18,1088,519,70,3
07.19,1091,534,70,3
07.20,1091,534,70,0
07.21,1107,547,70,16
07.22,1108,575,70,1
07.23,1117,613,71,9
07.24,1135,621,71,18
07.25,1155,631,71,20
07.26,1155,631,71,0
07.27,1162,641,72,7
07.28,1167,646,72,5
07.29,1179,664,72,12
07.30,1179,664,72,0
07.31,1186,670,75,7
08.01,1189,673,75,3
08.02,1189,673,75,0
08.03,1207,673,77,18
08.04,1216,698,78,9
08.05,1221,699,78,5
08.06,1224,705,78,3
08.07,1224,705,78,0
08.08,1230,705,78,6
08.09,1234,714,79,4
08.10,1237,723,79,3
08.11,1240,725,79,3
08.12,1250,736,81,10
08.13,1252,738,82,2
08.14,1252,738,82,0
08.15,1252,738,82,0
08.16,1257,788,82,5
08.17,1257,788,82,0
08.18,1277,803,82,20
08.19,1282,803,82,5
08.20,1284,803,82,2
08.21,1284,803,82,0
08.22,1285,803,82,1
08.23,1286,816,82,1
08.24,1290,819,82,4
08.25,1290,819,82,0
08.26,1295,821,82,5
08.27,1298,832,82,3
08.28,1298,832,82,0
08.29,1298,832,82,0
08.30,1304,872,82,6
08.31,1304,872,82,0
09.01,1304,872,82,0
09.02,1305,1158,82,1
09.03,1305,1162,82,0
09.04,1306,1163,82,1
09.05,1306,1163,82,0
09.06,1306,1163,82,0
09.07,1307,1182,82,1
09.08,1311,1190,82,4
09.09,1311,1194,82,0
09.10,1313,1194,82,2
09.11,1315,1199,82,2
09.12,1315,1199,82,0
09.13,1316,1210,82,1
09.14,1321,1213,82,5
09.15,1321,1213,82,0
09.16,1327,1214,82,6
09.17,1332,1214,82,5
09.18,1333,1214,82,1
09.19,1334,1214,82,1
09.20,1335,1216,82,1
09.21,1336,1218,82,1
09.22,1336,1218,82,0
09.23,1337,1219,82,1
09.24,1338,1221,82,1
09.25,1338,1221,82,0
09.26,1338,1221,82,0
09.27,1338,1221,82,0
09.28,1342,1221,82,4
09.29,1343,1221,82,1
09.30,1343,1221,82,0
10.01,1343,1221,82,0
10.02,1343,1221,82,0
10.03,1347,1221,82,4
10.04,1347,1221,82,0
10.05,1348,1236,82,1
10.06,1354,1236,82,6
10.07,1354,1240,82,0
10.08,1360,1245,82,6
10.09,1360,1245,82,0
10.10,1360,1245,82,0
10.11,1363,1245,82,3
10.12,1363,1245,82,0
10.13,1371,1250,82,8
10.14,1371,1251,82,0
10.15,1372,1254,82,1
10.16,1374,1254,82,2
10.17,1377,1264,82,3
10.18,1377,1268,82,0
10.19,1377,1268,82,0
10.20,1381,1271,82,4
10.21,1384,1273,82,3
10.22,1385,1276,82,1
10.23,1385,1278,82,0
10.24,1393,1278,82,8
10.25,1393,1278,82,0
10.26,1393,1278,82,0
10.27,1416,1278,82,23
10.28,1419,1278,82,3
10.29,1419,1278,82,0
10.30,1426,1279,82,7
10.31,1426,1279,82,0
11.01,1426,1279,82,0
11.02,1426,1279,82,0
11.03,1436,1283,82,10
11.04,1436,1294,82,0
11.05,1438,1301,82,2
11.06,1440,1305,82,2
11.07,1442,1310,82,2
11.08,1442,1310,82,0
11.09,1442,1310,82,0
11.10,1452,1310,82,10
11.11,1461,1310,82,9
11.12,1461,1311,82,0
11.13,1491,1314,82,30
11.14,1491,1314,82,0
11.15,1498,1314,82,7
11.16,1507,1314,82,9
11.17,1512,1318,82,5
11.18,1512,1318,82,0
11.19,1528,1328,82,16
11.20,1539,1331,82,11
11.21,1551,1331,82,12
11.22,1551,1331,82,0
11.23,1551,1331,82,0
11.24,1551,1331,82,0
11.25,1578,1340,83,27
11.26,1578,1340,83,0
11.27,1591,1340,83,13
11.28,1595,1343,83,4
11.29,1595,1343,83,0
11.30,1595,1343,83,0
12.01,1595,1343,83,0
12.02,1595,1343,83,0
12.03,1595,1343,83,0
12.04,1663,1358,83,68
12.05,1676,1358,83,13
12.06,1676,1358,83,0
12.07,1676,1358,83,0
12.08,1676,1358,83,0
12.09,1676,1358,83,0
12.10,1676,1358,83,0
12.11,1676,1358,83,0
12.12,1676,1358,83,0
12.13,1676,1358,83,0
12.14,1676,1358,83,0
12.15,1676,1358,83,0
12.16,1773,1406,83,97
12.17,1773,1406,83,0
12.18,1779,1406,83,6
12.19,1779,1406,83,0
12.20,1779,1406,83,0
12.21,1779,1406,83,0
12.22,1779,1406,83,0
12.23,1779,1406,83,0
12.24,1779,1406,83,0
12.25,1779,1406,83,0
12.26,1779,1406,83,0
12.27,1779,1406,83,0
12.28,1779,1406,83,0
12.29,1779,1406,83,0
12.30,1779,1406,83,0
12.31,1779,1406,83,0
01.01,1779,1406,83,0
01.02,1779,1406,83,0
01.03,1779,1406,83,0
01.04,1779,1406,83,0
01.05,1779,1406,83,0
01.06,1779,1406,83,0
01.07,1779,1406,83,0
01.08,1779,1406,83,0
01.09,1779,1406,83,0
01.10,1779,1406,83,0
01.11,1779,1406,83,0
01.12,1779,1406,83,0
01.13,1876,1697,84,97
01.14,1877,1697,84,1
01.15,1878,1701,84,1
01.16,1882,1701,84,4
01.17,1887,1701,84,5
01.18,1887,1701,84,0
01.19,1898,1707,84,11
01.20,1901,1714,84,3
01.21,1901,1714,84,0
01.22,1912,1714,84,11
01.23,1912,1714,84,0
01.24,1914,1714,84,2
01.25,1914,1714,84,0
01.26,1932,1733,84,18
01.27,1932,1733,84,0
01.28,1936,1757,84,4
01.29,1936,1757,84,0
01.30,1939,1757,84,3
01.31,1939,1760,84,0
02.01,1939,1760,84,0
02.02,1944,1760,84,5
02.03,1945,1766,84,1
02.04,1945,1766,84,0
02.05,1945,1766,84,0
02.06,1956,1770,84,11
02.07,1956,1770,84,0
02.08,1956,1770,84,0
02.09,1956,1770,84,0
02.10,1956,1770,84,0
02.11,1956,1770,84,0
02.12,1956,1770,84,0
02.13,1956,1770,84,0
02.14,1956,1770,84,0
02.15,1956,1770,84,0
02.16,1985,1770,85,29
02.17,1985,1794,85,0
02.18,1985,1794,85,0
02.19,1985,1794,85,0
02.20,1988,1856,85,3
02.21,1988,1856,85,0
02.22,1988,1856,85,0
02.23,1996,1856,85,8
02.24,1998,1879,85,2
02.25,2002,1883,85,4
02.26,2009,1884,85,7
02.27,2010,1884,85,1
02.28,2014,1884,85,4
03.01,2014,1884,85,0
03.02,2014,1884,85,0
03.03,2014,1884,85,0
03.04,2017,1884,85,3
03.05,2017,1884,85,0
03.06,2023,1884,85,6
03.07,2024,1892,85,1
03.08,2024,1892,85,0
03.09,2024,1892,85,0
03.10,2026,1898,85,2
03.11,2026,1898,85,0
03.12,2026,1898,85,0
03.13,2030,1899,85,4
03.14,2030,1899,85,0
03.15,2030,1899,85,0
03.16,2030,1899,85,0
03.17,2030,1899,85,0
03.18,2042,1899,85,12
03.19,2042,1899,85,0
03.20,2042,1899,85,0
03.21,2042,1899,85,0
03.22,2042,1899,85,0
03.23,2042,1899,85,0
03.24,2042,1899,85,0
03.25,2042,1899,85,0
03.26,2042,1899,85,0
03.27,2042,1899,85,0
03.28,2042,1899,85,0
03.29,2042,1899,85,0
03.30,2042,1899,85,0
03.31,2042,1899,85,0
04.01,2042,1899,85,0
04.02,2042,1899,85,0
04.03,2042,1899,85,0
04.04,2042,1899,85,0
04.05,2042,1899,85,0
04.06,2042,1899,85,0
04.07,2042,1899,85,0
04.08,2042,1899,85,0
04.09,2042,1899,85,0
04.10,2042,1899,85,0
04.11,2042,1899,85,0
04.12,2042,1899,85,0
04.13,2042,1899,85,0
04.14,2042,1899,85,0
04.15,2042,1899,85,0
04.16,2042,1899,85,0
04.17,2042,1899,85,0
04.18,2042,1899,85,0
04.19,2042,1899,85,0
04.20,2042,1899,85,0
04.21,2091,1936,85,49
04.22,2091,1936,85,0
04.23,2091,1936,85,0
04.24,2097,1940,85,6
04.25,2097,1940,85,0
04.26,2097,1940,85,0
04.27,2098,1942,85,1
04.28,2098,1942,85,0
04.29,2099,1949,85,1
04.30,2099,1949,85,0
05.01,2099,1949,85,0
05.02,2099,1949,85,0
05.03,2099,1949,85,0
05.04,2110,1952,85,11
05.05,2113,1959,85,3
05.06,2113,1959,85,0
05.07,2113,1959,85,0
05.08,2114,1962,85,1
05.09,2114,1962,85,0
05.10,2114,1962,85,0
05.11,2114,1962,85,0
05.12,2114,1962,85,0
05.13,2114,1962,85,0
05.14,2114,1962,85,0
05.15,2114,1962,85,0
05.16,2114,1962,85,0
05.17,2114,1962,85,0
05.18,2131,2016,85,17
05.19,2131,2016,85,0
05.20,2142,2022,85,11
05.21,2142,2022,85,0
05.22,2142,2022,85,0
05.23,2142,2022,85,0
05.24,2142,2022,85,0
05.25,2161,2028,86,19
05.26,2161,2028,86,0
05.27,2174,2033,86,13
05.28,2174,2033,86,0
05.29,2179,2033,86,5
05.30,2179,2033,86,0
05.31,2179,2033,86,0
06.01,2191,2040,86,12
06.02,2210,2043,86,19
06.03,2219,2044,86,9
06.04,2250,2049,86,31
06.05,2250,2049,86,0
06.06,2250,2049,86,0
06.07,2250,2049,86,0
06.08,2290,2055,88,40
06.09,2290,2055,88,0
06.10,2382,2057,88,92
06.11,2382,2057,88,0
06.12,2484,2065,93,102
06.13,2484,2065,93,0
06.14,2535,2094,93,51
06.15,2575,2099,94,40
06.16,2575,2099,94,0
06.17,2729,2105,95,154
06.18,2796,2105,95,67
06.19,2834,2105,95,38
06.20,2834,2105,95,0
06.21,2995,2105,95,161
06.22,3109,2169,99,114
06.23,3109,2169,99,0
06.24,3265,2222,110,156
06.25,3265,2222,110,0
06.26,3374,2222,112,109
06.27,3529,2274,113,155
06.28,3736,2274,120,207
06.29,3794,2274,123,58
06.30,3900,2315,127,106
07.01,4093,2346,128,193
07.02,4093,2346,128,0
