,confirm,heal,dead,confirm_add
01.28,4,0,0,0
01.29,7,0,0,3
01.30,8,0,0,1
01.31,8,0,0,0
02.01,8,0,0,0
02.02,8,0,0,0
02.03,8,0,0,0
02.04,10,0,0,2
02.05,12,1,0,2
02.06,14,1,0,2
02.07,15,1,0,1
02.08,16,2,0,1
02.09,17,2,0,1
02.10,18,3,0,1
02.11,18,3,0,0
02.12,18,3,0,0
02.13,19,3,0,1
02.14,19,3,0,0
02.15,21,3,0,2
02.16,22,7,0,1
02.17,22,9,0,0
02.18,22,9,0,0
02.19,22,15,0,0
02.20,22,15,0,0
02.21,22,15,0,0
02.22,22,15,0,0
02.23,22,15,0,0
02.24,22,15,0,0
02.25,22,15,0,0
02.26,22,15,0,0
02.27,23,15,0,1
02.28,25,15,0,2
02.29,25,21,0,2
03.01,29,21,0,4
03.02,29,21,0,0
03.03,36,21,0,11
03.04,50,21,0,14
03.05,55,21,0,5
03.06,55,21,0,0
03.07,93,23,0,38
03.08,99,24,0,6
03.09,117,24,0,18
03.10,129,24,0,12
03.11,149,26,0,20
03.12,158,32,0,9
03.13,197,32,0,39
03.14,238,35,0,41
03.15,428,35,0,190
03.16,553,35,0,125
03.17,673,49,2,120
03.18,790,60,2,117
03.19,900,75,2,110
03.20,1030,87,3,130
03.21,1183,114,8,283
03.22,1306,114,10,406
03.23,1518,114,14,212
03.24,1624,183,15,318
03.25,1796,199,19,490
03.26,2031,215,23,235
03.27,2161,259,26,130
03.28,2320,259,26,159
03.29,2470,388,34,150
03.30,2626,479,37,156
03.31,2766,537,43,140
04.01,2908,645,45,142
04.02,3116,767,50,208
04.03,3333,827,53,217
04.04,3483,915,57,150
04.05,3662,1005,61,179
04.06,3793,1241,62,131
04.07,3963,1321,63,170
04.08,4119,1487,65,156
04.09,4228,1608,67,109
04.10,4346,1830,70,118
04.11,4530,1995,73,184
04.12,4683,2108,76,153
04.13,4817,2276,77,134
04.14,4987,2478,82,170
04.15,5072,2647,83,85
04.16,5182,2766,84,110
04.17,5251,2967,86,69
04.18,5305,3102,88,54
04.19,5389,3197,89,84
04.20,5425,3295,89,36
04.21,5482,3349,92,57
04.22,5532,3452,93,50
04.23,5603,3542,95,71
04.24,5691,3663,96,88
04.25,5742,3762,98,51
04.26,5780,3862,98,38
04.27,5820,3957,99,40
04.28,5851,4032,100,31
04.29,5945,4087,100,94
04.30,6002,4171,102,57
05.01,6071,4210,103,69
05.02,6176,4326,103,105
05.03,6176,4326,103,0
05.04,6353,4484,105,177
05.05,6383,4567,106,30
05.06,6428,4702,107,45
05.07,6467,4776,107,39
05.08,6535,4864,107,68
05.09,6589,4929,108,54
05.10,6656,5025,108,67
05.11,6726,5113,109,70
05.12,6742,5223,109,16
05.13,6779,5281,111,37
05.14,6819,5351,112,40
05.15,6855,5439,112,36
05.16,6872,5512,113,17
05.17,6894,5571,113,22
05.18,6941,5615,113,47
05.19,6978,5646,114,37
05.20,7009,5706,114,31
05.21,7059,5796,114,50
05.22,7137,5859,115,78
05.23,7185,5912,115,48
05.24,7245,5945,115,60
05.25,7417,5979,115,172
05.26,7604,6041,115,187
05.27,7619,6083,115,15
05.28,7629,6169,115,10
05.29,7732,6235,115,103
05.30,7762,6330,115,30
05.31,7819,6353,115,57
06.01,7857,6404,115,38
06.02,7877,6470,115,20
06.03,7877,6470,115,0
06.04,8247,6559,115,370
06.05,8266,6610,116,19
06.06,8303,6635,117,37
06.07,8322,6674,117,19
06.08,8329,6694,117,7
06.09,8336,6975,117,7
06.10,8338,7014,118,2
06.11,8369,7065,118,31
06.12,8402,7168,119,33
06.13,8445,7311,120,43
06.14,8453,7346,121,8
06.15,8494,7400,121,41
06.16,8505,7733,121,11
06.17,8515,7873,121,10
06.18,8529,8000,121,14
06.19,8535,8070,121,6
06.20,8556,8146,121,21
06.21,8572,8156,121,16
06.22,8587,8177,121,15
06.23,8590,8186,121,3
06.24,8596,8231,121,6
06.25,8600,8271,121,4
06.26,8606,8294,121,6
06.27,8616,8308,121,10
06.28,8634,8318,121,18
06.29,8637,8334,121,3
06.30,8639,8354,121,2
07.01,8640,8375,121,1
07.02,8643,8437,121,3
07.03,8648,8446,121,5
07.04,8658,8461,121,10
07.05,8663,8465,121,5
07.06,8668,8476,121,5
07.07,8674,8481,121,6
07.08,8677,8486,121,3
07.09,8683,8499,121,6
07.10,8696,8511,121,13
07.11,8704,8515,122,8
07.12,8718,8519,122,14
07.13,8725,8520,122,7
07.14,8729,8524,122,4
07.15,8734,8526,122,5
07.16,8737,8538,122,3
07.17,8755,8541,122,18
07.18,8764,8546,122,9
07.19,8779,8553,123,15
07.20,8800,8555,123,21
07.21,8815,8562,123,15
07.22,8831,8566,123,16
07.23,8840,8574,123,9
07.24,8861,8577,123,21
07.25,8884,8594,123,23
07.26,8897,8600,124,13
07.27,8904,8601,124,7
07.28,8943,8607,124,39
07.29,8956,8612,124,13
07.30,8964,8617,124,8
07.31,8976,8644,125,12
08.01,8985,8647,125,9
08.02,8999,8664,125,14
08.03,9001,8668,125,2
08.04,9002,8684,125,1
08.05,9023,8702,125,21
08.06,9038,8713,125,15
08.07,9063,8728,125,25
08.08,9070,8775,125,7
08.09,9083,8784,125,13
08.10,9094,8803,125,11
08.11,9103,8809,125,9
08.12,9114,8817,125,11
08.13,9129,8821,125,15
08.14,9149,8828,125,20
08.15,9175,8831,125,26
08.16,9200,8859,125,25
08.17,9212,8876,125,12
08.18,9219,8902,125,7
08.19,9235,8925,125,16
08.20,9240,8932,125,5
08.21,9249,8945,125,9
08.22,9257,8949,125,8
08.23,9267,8959,125,10
08.24,9274,8965,125,7
08.25,9285,8971,125,11
08.26,9291,8978,125,6
08.27,9296,8994,125,5
08.28,9306,9030,125,10
08.29,9317,9038,125,11
08.30,9334,9048,126,17
08.31,9340,9054,127,6
09.01,9354,9075,128,14
09.02,9360,9079,128,6
09.03,9374,9083,128,14
09.04,9385,9092,128,11
09.05,9391,9113,128,6
09.06,9397,9115,128,6
09.07,9459,9124,128,62
09.08,9559,9136,128,100
09.09,9583,9143,128,24
09.10,9628,9167,128,45
09.11,9810,9181,128,182
09.12,9868,9189,128,58
09.13,9915,9196,128,47
09.14,9946,9203,128,31
09.15,9969,9209,128,23
09.16,10031,9235,128,62
09.17,10052,9250,128,21
09.18,10147,9264,129,95
09.19,10167,9315,130,20
09.20,10219,9355,130,52
09.21,10276,9395,130,57
09.22,10358,9563,130,82
09.23,10505,9602,133,147
09.24,10576,9666,133,71
09.25,10687,9696,133,111
09.26,10769,9785,133,82
09.27,10919,9835,134,150
09.28,11034,9889,134,115
09.29,11135,9939,134,101
09.30,11224,9967,136,89
10.01,11484,10014,136,260
10.02,11771,10095,136,287
10.03,12088,10216,137,317
10.04,12381,10283,137,293
10.05,12813,10340,137,432
10.06,13504,10427,141,691
10.07,13993,10501,141,489
10.08,14368,10519,146,375
10.09,14722,10707,152,354
10.10,15096,10780,155,374
10.11,15657,10913,157,561
10.12,16220,11022,159,563
10.13,16880,11372,163,660
10.14,17540,11605,167,660
10.15,18129,12014,170,589
10.16,18758,12259,176,629
10.17,19627,12561,180,869
10.18,20498,13262,187,871
10.19,21363,13717,190,865
10.20,22225,14351,193,862
10.21,22957,14931,199,732
10.22,23804,15417,204,847
10.23,24514,15884,214,710
10.24,25742,16555,221,1228
10.25,26565,17134,229,823
10.26,27805,17825,236,1240
10.27,28640,18499,238,835
10.28,29441,19072,246,801
10.29,30090,19757,246,649
10.30,30889,20248,249,799
10.31,31548,21248,249,659
11.01,32505,22220,249,957
11.02,33339,23120,251,834
11.03,34393,23995,263,1054
11.04,35425,24815,271,1032
11.05,36434,25654,277,1009
11.06,38189,26380,279,1755
11.07,39357,27409,282,1168
11.08,40209,28234,286,852
11.09,41181,29579,294,972
11.10,41181,29579,294,0
11.11,42050,30304,300,869
11.12,43791,32069,303,1741
11.13,45095,32969,304,1304
11.14,46209,33772,306,1114
11.15,47417,34785,309,1208
11.16,48520,35606,313,1103
11.17,49730,36624,318,1210
11.18,50390,37254,322,660
11.19,51680,38132,326,1290
11.20,52638,39088,329,958
11.21,53679,40493,332,1041
11.22,54775,41597,335,1096
11.23,56659,42480,337,1884
11.24,58847,44153,341,2188
11.25,59817,46501,345,970
11.26,60752,49056,348,935
11.27,61861,50204,350,1109
11.28,63176,51314,354,1315
11.29,64485,52647,357,1309
11.30,65697,54759,360,1212
12.01,67169,56311,363,1472
12.02,68020,56969,365,851
12.03,69095,57917,376,1075
12.04,70236,59061,376,1141
12.05,71359,60204,380,1123
12.06,72694,61273,382,1335
12.07,74294,62306,384,1600
12.08,75306,64056,388,1012
12.09,76265,65124,393,959
12.10,78499,66236,396,2234
12.11,80309,67173,402,1810
12.12,82246,68084,411,1937
12.13,83475,69393,415,1229
12.14,84846,70597,419,1371
12.15,86618,71681,422,1772
12.16,87913,72733,429,1295
12.17,89133,74030,432,1220
12.18,90816,75244,432,1683
12.19,91969,76242,433,1153
12.20,93309,77309,437,1340
12.21,95327,78393,438,2018
12.22,97389,79304,439,2062
12.23,98737,80014,444,1348
12.24,100318,81099,446,1581
12.25,101565,82540,449,1247
12.26,103900,83414,451,2335
12.27,105096,84411,452,1196
12.28,106690,85592,455,1594
12.29,108615,86715,457,1925
12.30,110485,87460,463,1870
12.31,113010,88941,471,2525
01.01,115078,91171,474,2068
01.02,117373,94492,483,2295
01.03,117373,94492,483,0
