,confirm,heal,dead,confirm_add
04.03,3,0,0,0
04.04,4,0,0,1
04.05,4,0,0,0
04.06,5,0,0,1
04.07,8,0,1,3
04.08,8,0,1,0
04.09,8,0,1,0
04.10,9,0,1,1
04.11,12,0,2,3
04.12,13,0,2,1
04.13,16,0,2,3
04.14,16,0,2,0
04.15,16,0,2,0
04.16,16,0,2,0
04.17,17,0,2,1
04.18,17,3,2,0
04.19,17,3,2,0
04.20,17,3,2,0
04.21,18,3,2,1
04.22,23,3,3,5
04.23,33,3,3,10
04.24,33,3,3,0
04.25,33,4,3,0
04.26,34,4,3,1
04.27,36,4,3,2
04.28,36,4,3,0
04.29,36,5,3,0
04.30,37,7,3,1
05.01,37,7,3,0
05.02,37,9,3,0
05.03,38,9,3,1
05.04,41,9,3,3
05.05,41,9,3,0
05.06,43,9,3,2
05.07,43,9,3,0
05.08,43,14,3,0
05.09,56,14,3,13
05.10,56,14,3,0
05.11,56,14,3,0
05.12,57,24,3,1
05.13,63,24,3,6
05.14,63,24,3,0
05.15,63,24,3,0
05.16,63,24,3,0
05.17,65,24,3,2
05.18,70,27,3,5
05.19,70,27,3,0
05.20,71,27,3,1
05.21,71,27,3,0
05.22,72,27,3,1
05.23,82,28,3,10
05.24,82,28,4,0
05.25,101,33,4,19
05.26,101,37,4,0
05.27,101,37,4,0
05.28,203,37,4,102
05.29,203,42,4,0
05.30,273,42,4,70
05.31,279,42,4,6
06.01,284,42,4,5
06.02,336,42,4,52
06.03,358,42,4,22
06.04,369,51,4,11
06.05,393,51,4,24
06.06,409,55,4,16
06.07,409,55,4,0
06.08,438,55,4,29
06.09,443,55,4,5
06.10,455,55,4,12
06.11,455,55,4,0
06.12,481,55,4,26
06.13,481,65,4,0
06.14,529,66,5,48
06.15,547,69,6,18
06.16,555,69,6,8
06.17,564,73,6,9
06.18,572,73,6,8
06.19,592,74,8,20
06.20,620,91,8,28
06.21,730,91,11,110
06.22,749,258,11,19
06.23,803,258,11,54
06.24,803,258,11,0
06.25,941,259,11,138
06.26,960,260,12,19
06.27,1005,260,13,45
06.28,1038,260,13,33
06.29,1146,260,13,108
06.30,1224,260,14,78
07.01,1265,260,16,41
07.02,1342,271,16,77
07.03,1402,317,16,60
07.04,1498,317,16,96
07.05,1613,317,17,115
07.06,1742,317,19,129
07.07,1818,317,19,76
07.08,1864,345,24,46
07.09,1942,369,25,78
07.10,1984,369,29,42
07.11,2069,379,31,85
07.12,2261,517,33,192
07.13,2364,557,38,103
07.14,2430,747,39,66
07.15,2497,795,40,67
07.16,2614,1005,43,117
07.17,2712,1073,51,98
07.18,2810,1111,55,98
07.19,2907,1135,59,97
07.20,2992,1153,62,85
07.21,3045,1180,64,53
07.22,3149,1256,71,104
07.23,3302,1282,76,153
07.24,3386,1328,79,84
07.25,3453,1373,87,67
07.26,3557,1585,94,104
07.27,3640,1639,99,83
07.28,3709,1667,103,69
07.29,3738,1728,103,29
07.30,3858,1760,107,120
07.31,3981,1807,109,123
08.01,4078,1875,114,97
08.02,4186,1914,120,108
08.03,4231,1919,123,45
08.04,4272,1945,123,41
08.05,4361,2047,128,89
08.06,4426,2078,136,65
08.07,4491,2137,137,65
08.08,4575,2184,137,84
08.09,4624,2329,143,49
08.10,4658,2375,146,34
08.11,4674,2430,146,16
08.12,4714,2477,152,40
08.13,4752,2529,152,38
08.14,4912,2550,153,160
08.15,4988,2576,156,76
08.16,5026,2623,157,38
08.17,5072,2626,161,46
08.18,5125,2690,162,53
08.19,5193,2716,163,68
08.20,5240,2857,164,47
08.21,5282,2883,165,42
08.22,5322,2929,166,40
08.23,5382,2998,168,60
08.24,5414,3012,168,32
08.25,5419,3059,169,5
08.26,5423,3066,170,4
08.27,5474,3085,173,51
08.28,5496,3121,173,22
08.29,5523,3143,174,27
08.30,5528,3143,174,5
08.31,5536,3147,174,8
09.01,5566,3160,175,30
09.02,5576,3420,175,10
09.03,5579,3500,175,3
09.04,5593,3516,175,14
09.05,5608,3533,175,15
09.06,5611,3551,175,3
09.07,5614,3551,175,3
09.08,5621,3590,176,7
09.09,5630,3630,176,9
09.10,5653,3630,176,23
09.11,5655,3683,176,2
09.12,5669,3720,177,14
09.13,5678,3724,177,9
09.14,5690,3731,177,12
09.15,5697,3742,178,7
09.16,5701,3762,178,4
09.17,5704,3764,178,3
09.18,5711,4000,179,7
09.19,5716,4026,179,5
09.20,5718,4030,179,2
09.21,5731,4040,179,13
09.22,5733,4053,179,2
09.23,5739,4065,179,6
09.24,5746,4140,179,7
09.25,5747,4163,179,1
09.26,5764,4178,179,17
09.27,5766,4185,179,2
09.28,5768,4206,179,2
09.29,5770,4243,179,2
09.30,5772,4245,179,2
10.01,5773,4263,179,1
10.02,5779,4514,179,6
10.03,5783,4535,179,4
10.04,5783,4539,179,0
10.05,5786,4541,179,3
10.06,5794,4541,180,8
10.07,5796,4549,180,2
10.08,5803,4575,180,7
10.09,5809,4626,180,6
10.10,5813,4631,180,4
10.11,5821,4647,180,8
10.12,5821,4647,180,0
10.13,5824,4659,180,3
10.14,5827,4688,181,3
10.15,5829,4723,181,2
10.16,5836,4728,181,7
10.17,5852,4740,181,16
10.18,5857,4742,181,5
10.19,5860,4757,181,3
10.20,5861,4757,182,1
10.21,5861,4757,182,0
10.22,5864,4762,183,3
10.23,5885,5287,183,21
10.24,5885,5287,183,0
10.25,5887,5288,183,2
10.26,5890,5291,183,3
10.27,5894,5294,183,4
10.28,5897,5299,183,3
10.29,5904,5300,184,7
10.30,5916,5303,184,12
10.31,5923,5323,184,7
11.01,5932,5323,184,9
11.02,5932,5323,184,0
11.03,5934,5333,184,2
11.04,5934,5333,184,0
11.05,5934,5336,184,0
11.06,5940,5338,184,6
11.07,5948,5346,184,8
11.08,5948,5346,184,0
11.09,5951,5348,184,3
11.10,5953,5359,185,2
11.11,5953,5361,185,0
11.12,5955,5366,185,2
11.13,5958,5369,185,3
11.14,5962,5372,185,4
11.15,5964,5399,185,2
11.16,5971,5402,185,7
11.17,5971,5402,185,0
11.18,5971,5402,185,0
11.19,5999,5434,185,28
11.20,6002,5435,185,3
11.21,6003,5439,185,1
11.22,6003,5441,185,0
11.23,6003,5441,185,0
11.24,6009,5443,185,6
11.25,6018,5450,185,9
11.26,6018,5450,185,0
11.27,6020,5450,185,2
11.28,6024,5453,185,4
11.29,6025,5453,185,1
11.30,6025,5453,185,0
12.01,6028,5455,185,3
12.02,6028,5465,185,0
12.03,6040,5471,185,12
12.04,6043,5472,185,3
12.05,6047,5472,185,4
12.06,6049,5476,185,2
12.07,6051,5476,185,2
12.08,6051,5476,185,0
12.09,6051,5482,186,0
12.10,6051,5487,186,0
12.11,6053,5489,186,2
12.12,6055,5490,186,2
12.13,6063,5491,186,8
12.14,6066,5491,187,3
12.15,6070,5491,187,4
12.16,6080,5659,187,10
12.17,6091,5661,187,11
12.18,6138,5661,187,47
12.19,6148,5662,187,10
12.20,6153,5662,187,5
12.21,6161,5663,187,8
12.22,6202,5664,187,41
12.23,6248,5668,187,46
12.24,6261,5675,187,13
12.25,6277,5676,187,16
12.26,6339,5676,187,62
12.27,6354,5682,188,15
12.28,6354,5682,188,0
12.29,6377,5682,188,23
12.30,6388,5688,188,11
12.31,6471,5700,189,83
01.01,6583,5705,189,112
01.02,6684,5708,191,101
01.03,6712,5710,192,28
01.04,6844,5715,195,132
01.05,6935,5718,196,91
01.06,7110,5753,199,175
01.07,7337,5787,199,227
01.08,7611,5791,203,274
01.09,7925,5802,208,314
01.10,8306,5809,220,381
01.11,8575,5826,225,269
01.12,9027,5838,235,452
01.13,9027,5838,235,0
01.14,9400,5854,254,373
01.15,9991,5866,275,591
01.16,11223,5974,291,1232
01.17,11785,5992,300,562
01.18,12470,6036,314,685
01.19,13027,6080,321,557
01.20,13880,6127,336,853
01.21,14851,6206,353,971
01.22,16049,6314,396,1198
01.23,17365,6408,445,1316
01.24,18439,6520,470,1074
01.25,19395,6699,508,956
01.26,19987,6780,518,592
01.27,20830,7005,540,843
01.28,21660,7249,555,830
01.29,22304,7548,628,644
01.30,23020,7815,643,716
01.31,23497,8318,687,477
02.01,23963,8615,702,466
02.02,24365,8945,712,402
02.03,24903,9518,726,538
02.04,25449,9814,761,546
02.05,25884,10264,779,435
02.06,26360,10761,779,476
02.07,26875,11348,837,515
02.08,27195,11596,856,320
02.09,27422,11756,874,227
02.10,27722,12065,883,300
02.11,28050,12583,900,328
02.12,28270,12879,914,220
02.13,28630,13347,926,360
02.14,28876,13554,937,246
02.15,29035,13607,952,159
02.16,29181,14195,958,146
02.17,29421,14803,968,240
02.18,29634,15321,976,213
02.19,29837,15568,984,203
02.20,30277,16251,997,440
02.21,30528,16620,1004,251
02.22,30742,16840,1013,214
02.23,30942,17184,1021,200
02.24,31106,17445,1024,164
02.25,31295,17570,1029,189
02.26,31502,18045,1033,207
02.27,31675,18183,1037,173
02.28,31798,18424,1041,123
03.01,31945,18874,1044,147
03.02,32008,19513,1048,63
03.03,32148,19904,1053,140
03.04,32229,20204,1056,81
03.05,32283,20582,1058,54
03.06,32357,21621,1063,74
03.07,32398,21932,1067,41
03.08,32442,22373,1069,44
03.09,32469,23105,1070,27
03.10,32528,23691,1074,59
03.11,32614,24381,1077,86
03.12,32673,24714,1078,59
03.13,32746,25422,1079,73
03.14,32789,25578,1082,43
03.15,32789,25578,1082,0
03.16,32864,26607,1084,75
03.17,32894,26890,1088,30
03.18,32970,27184,1088,76
03.19,33045,27532,1091,75
03.20,33174,27847,1092,129
03.21,33216,28108,1093,42
03.22,33237,28636,1096,21
03.23,33270,28947,1098,33
03.24,33323,29120,1099,53
03.25,33354,29253,1105,31
03.26,33387,29260,1108,33
03.27,33415,29417,1112,28
03.28,33458,29585,1113,43
03.29,33481,29611,1114,23
03.30,33481,29611,1114,0
03.31,33481,29611,1114,0
04.01,33551,30272,1117,70
04.02,33584,30379,1118,33
04.03,33639,30490,1119,55
04.04,33647,30593,1120,8
04.05,33661,30686,1123,14
04.06,33673,30757,1124,12
04.07,33685,30849,1124,12
04.08,33718,30996,1125,33
04.09,33738,31140,1125,20
04.10,33779,31239,1126,41
04.11,33805,31360,1127,26
04.12,33827,31479,1128,22
04.13,33859,31572,1132,32
04.14,33872,31572,1133,13
04.15,33891,31675,1134,19
04.16,33902,31691,1134,11
04.17,33919,31717,1136,17
04.18,33919,31717,1136,0
04.19,33941,31764,1138,22
04.20,33959,31774,1139,18
04.21,33968,31810,1142,9
04.22,33975,31852,1142,7
04.23,33975,31852,1142,0
04.24,33989,31864,1145,14
04.25,34011,31899,1147,22
04.26,34016,31908,1147,5
04.27,34021,31921,1147,5
04.28,34031,31953,1147,10
04.29,34052,31972,1147,21
04.30,34062,32023,1148,10
05.01,34078,32051,1148,16
05.02,34095,32064,1148,17
05.03,34096,32069,1148,1
05.04,34099,32069,1148,3
05.05,34123,32123,1149,24
05.06,34143,32131,1151,20
05.07,34151,32135,1152,8
05.08,34158,32145,1152,7
05.09,34166,32156,1153,8
05.10,34171,32159,1153,5
05.11,34180,32164,1153,9
05.12,34183,32170,1153,3
05.13,34183,32170,1153,0
05.14,34200,32176,1153,17
05.15,34200,32176,1153,0
05.16,34210,32206,1153,10
05.17,34214,32210,1153,4
05.18,34216,32241,1153,2
05.19,34231,32246,1153,15
05.20,34238,32246,1153,7
05.21,34251,32260,1153,13
05.22,34261,32262,1153,10
05.23,34274,32318,1153,13
05.24,34284,32462,1153,10
05.25,34293,32517,1154,9
05.26,34295,32543,1154,2
05.27,34304,32575,1154,9
05.28,34304,32575,1154,0
05.29,34323,32598,1154,19
05.30,34329,32603,1154,6
05.31,34335,32609,1155,6
06.01,34338,32616,1155,3
06.02,34346,32621,1156,8
06.03,34360,32629,1156,14
06.04,34365,32641,1156,5
06.05,34371,32649,1156,6
06.06,34384,32660,1156,13
06.07,34390,32667,1157,6
06.08,34403,32675,1157,13
06.09,34410,32686,1158,7
06.10,34432,32702,1158,22
06.11,34447,32706,1158,15
06.12,34470,32709,1158,23
06.13,34485,32725,1159,15
06.14,34485,32725,1159,0
06.15,34564,32753,1159,79
06.16,34588,32773,1162,24
06.17,34650,32793,1163,62
06.18,34702,32807,1164,52
06.19,34781,32824,1166,79
06.20,34832,32847,1168,51
06.21,34868,32871,1168,36
06.22,34914,32891,1171,46
06.23,34996,32909,1173,82
06.24,35115,32948,1177,119
06.25,35219,32974,1178,104
06.26,35388,32996,1179,169
06.27,35554,33013,1181,166
06.28,35629,33031,1182,75
06.29,35709,33075,1187,80
06.30,35897,33132,1194,188
07.01,36126,33169,1196,229
07.02,36359,33228,1199,233
