,confirm,heal,dead,confirm_add
03.08,2,0,0,2
03.09,4,0,0,2
03.10,6,0,0,2
03.11,6,0,0,0
03.12,8,0,0,2
03.13,9,0,0,1
03.14,10,0,0,1
03.15,13,0,0,3
03.16,13,0,0,0
03.17,13,0,0,0
03.18,13,0,0,0
03.19,13,0,0,0
03.20,13,0,0,0
03.21,13,0,0,0
03.22,13,0,0,0
03.23,13,5,0,0
03.24,13,5,0,0
03.25,13,8,0,0
03.26,13,8,0,0
03.27,14,9,0,1
03.28,16,9,0,3
03.29,17,11,0,1
03.30,17,11,0,1
03.31,18,13,0,1
04.01,19,13,0,1
04.02,19,13,0,0
04.03,19,13,0,0
04.04,19,13,0,0
04.05,19,13,0,0
04.06,19,13,0,0
04.07,19,13,0,0
04.08,19,13,0,0
04.09,19,13,0,0
04.10,19,13,0,0
04.11,19,13,0,0
04.12,20,13,0,1
04.13,20,14,0,0
04.14,20,14,0,0
04.15,21,16,0,1
04.16,23,16,0,2
04.17,28,16,0,5
04.18,34,16,0,6
04.19,52,16,0,18
04.20,67,16,0,15
04.21,83,16,0,16
04.22,86,16,0,3
04.23,94,16,0,8
04.24,116,16,0,22
04.25,137,16,0,21
04.26,191,17,0,54
04.27,226,17,0,35
04.28,245,17,0,19
04.29,269,17,0,24
04.30,396,17,1,127
05.01,468,17,1,72
05.02,514,17,1,46
05.03,519,18,1,5
05.04,527,18,1,8
05.05,557,17,1,30
05.06,618,20,2,61
05.07,642,20,2,24
05.08,734,20,3,92
05.09,766,20,3,32
05.10,835,29,3,69
05.11,862,29,3,27
05.12,897,29,3,35
05.13,904,29,3,7
05.14,955,40,4,51
05.15,1020,45,4,65
05.16,1078,58,4,58
05.17,1078,58,4,0
05.18,1094,58,4,16
05.19,1143,80,4,49
05.20,1186,91,4,43
05.21,1216,91,4,30
05.22,1216,91,4,0
05.23,1274,109,4,58
05.24,1313,128,4,39
05.25,1371,144,4,58
05.26,1395,155,4,24
05.27,1457,197,5,62
05.28,1457,197,5,0
05.29,1513,197,5,56
05.30,1633,230,5,120
05.31,1672,406,5,39
06.01,1773,453,6,101
06.02,1829,488,7,56
06.03,1841,608,7,12
06.04,1850,644,7,9
06.05,1872,648,7,22
06.06,1883,717,8,11
06.07,1901,773,8,18
06.08,1903,827,8,2
06.09,1916,925,8,13
06.10,1942,1010,8,26
06.11,1962,1121,8,20
06.12,1976,1153,8,14
06.13,2003,1193,8,27
06.14,2013,1217,8,10
06.15,2035,1311,8,22
06.16,2065,1540,8,30
06.17,2094,1670,8,29
06.18,2120,1677,8,26
06.19,2137,1759,8,17
06.20,2150,1769,8,13
06.21,2187,1788,8,37
06.22,2203,1803,8,16
06.23,2217,1813,8,14
06.24,2238,1813,8,21
06.25,2261,1839,8,23
06.26,2277,1848,8,16
06.27,2283,1863,8,6
06.28,2305,1875,8,22
06.29,2324,1911,8,19
06.30,2337,1927,9,13
07.01,2361,1944,9,24
07.02,2382,1954,10,21
07.03,2400,1969,10,18
07.04,2410,1976,10,10
07.05,2435,2030,10,25
07.06,2468,2049,11,33
07.07,2491,2113,12,23
07.08,2501,2158,12,10
07.09,2517,2180,13,16
07.10,2553,2227,13,36
07.11,2617,2238,13,64
07.12,2664,2268,13,47
07.13,2731,2284,13,67
07.14,2762,2290,13,31
07.15,2801,2302,14,39
07.16,2831,2321,14,30
07.17,2899,2339,15,68
07.18,2913,2340,15,14
07.19,2930,2354,15,17
07.20,2966,2362,15,36
07.21,2999,2369,15,33
07.22,3044,2397,15,45
07.23,3103,2397,15,59
07.24,3120,2428,15,17
07.25,3175,2498,15,55
07.26,3252,2498,15,77
07.27,3302,2528,15,50
07.28,3369,2547,15,67
07.29,3506,2547,15,137
07.30,3567,2554,15,61
07.31,3719,2568,16,152
08.01,3793,2607,16,74
08.02,3949,2613,17,156
08.03,4164,2643,18,215
08.04,4293,2670,18,129
08.05,4446,2693,19,153
08.06,4594,2706,19,148
08.07,4680,2725,19,86
08.08,4769,2754,19,89
08.09,4898,2791,19,129
08.10,5041,2804,19,143
08.11,5157,2835,20,116
08.12,5223,2849,20,66
08.13,5366,2884,21,143
08.14,5494,2920,21,128
08.15,5572,3010,22,78
08.16,5679,3208,22,107
08.17,5785,3349,22,106
08.18,5909,3488,23,124
08.19,6079,3648,24,170
08.20,6225,3788,24,146
08.21,6370,3915,25,145
08.22,6564,4012,26,194
08.23,6660,4113,26,96
08.24,6779,4222,26,119
08.25,6912,4297,28,133
08.26,7047,4439,28,135
08.27,7225,4561,28,178
08.28,7329,4691,28,104
08.29,7469,4873,28,140
08.30,7578,4925,28,109
08.31,7667,5036,28,89
09.01,7804,5155,29,137
09.02,8003,5265,29,199
09.03,8140,5338,29,137
09.04,8281,5483,29,141
09.05,8361,5642,29,80
09.06,8486,5822,29,125
09.07,8584,5936,29,98
09.08,8667,6052,29,83
09.09,8741,6157,31,74
09.10,8834,6288,31,93
09.11,8900,6559,31,66
09.12,8990,6846,31,90
09.13,9052,7055,32,62
09.14,9173,7326,32,121
09.15,9243,7536,33,70
09.16,9328,7729,33,85
09.17,9427,7903,33,99
09.18,9494,8033,33,67
09.19,9568,8077,33,74
09.20,9649,8188,33,81
09.21,9724,8261,33,75
09.22,9770,8390,34,46
09.23,9818,8438,34,48
09.24,9885,8530,34,67
09.25,9939,8597,34,54
09.26,10014,8673,34,75
09.27,10045,8754,34,31
09.28,10098,8847,34,53
09.29,10157,8950,34,59
09.30,10194,9037,34,37
10.01,10291,9108,34,97
10.02,10354,9187,34,63
10.03,10398,9213,34,44
10.04,10465,9310,34,67
10.05,10530,9364,34,65
10.06,10567,9427,34,37
10.07,10621,9466,34,54
10.08,10656,9547,34,35
10.09,10742,9589,34,86
10.10,10808,9654,34,66
10.11,10859,9683,35,51
10.12,10894,9742,35,35
10.13,10943,9783,35,49
10.14,10993,9833,35,50
10.15,11062,9880,35,69
10.16,11113,9931,35,51
10.17,11154,9995,36,41
10.18,11178,10097,37,24
10.19,11210,10164,37,32
10.20,11232,10201,37,22
10.21,11271,10234,37,39
10.22,11316,10284,37,45
10.23,11358,10383,37,42
10.24,11391,10428,37,33
10.25,11421,10472,37,30
10.26,11505,10524,37,84
10.27,11532,10563,37,27
10.28,11567,10652,37,35
10.29,11591,10685,37,24
10.30,11616,10733,37,25
10.31,11643,10779,37,27
11.01,11659,10814,38,16
11.02,11701,10883,38,42
11.03,11737,10916,38,36
11.04,11796,10962,38,59
11.05,11822,10991,38,26
11.06,11893,11010,38,71
11.07,11932,11041,39,39
11.08,11962,11066,39,30
11.09,11986,11092,39,24
11.10,12009,11132,40,23
11.11,12030,11182,41,21
11.12,12059,11199,41,29
11.13,12085,11225,41,26
11.14,12112,11244,41,27
11.15,12154,11262,43,42
11.16,12204,11289,44,50
11.17,12314,11316,44,110
11.18,12355,11388,45,41
11.19,12384,11406,45,29
11.20,12452,11475,45,68
11.21,12546,11497,45,94
11.22,12578,11559,46,32
11.23,12608,11599,46,30
11.24,12758,11615,46,150
11.25,12810,11660,46,52
11.26,12854,11681,46,44
11.27,12889,11717,46,35
11.28,12933,11749,46,44
11.29,12947,11781,46,14
11.30,12994,11902,46,47
12.01,13011,11939,46,17
12.02,13049,11968,47,38
12.03,13070,12001,47,21
12.04,13106,12154,47,36
12.05,13143,12199,47,37
12.06,13159,12264,47,16
12.07,13198,12321,47,39
12.08,13213,12437,47,15
12.09,13248,12489,47,35
12.10,13274,12591,47,26
12.11,13308,12621,47,34
12.12,13326,12640,48,18
12.13,13348,12659,48,22
12.14,13368,12706,48,20
12.15,13379,12731,48,11
12.16,13392,12760,48,13
12.17,13402,12786,48,10
12.18,13418,12828,48,16
12.19,13444,12836,48,26
12.20,13474,12878,48,30
12.21,13493,12895,48,19
12.22,13501,12929,48,8
12.23,13524,12960,48,23
12.24,13537,12983,48,13
12.25,13558,13011,48,21
12.26,13583,13026,48,25
12.27,13618,13050,48,35
12.28,13644,13072,48,26
12.29,13660,13082,48,16
12.30,13691,13109,48,31
12.31,13738,13125,48,47
01.01,13757,13141,48,19
01.02,13804,13150,48,47
01.03,13834,13166,48,30
01.04,13867,13191,48,33
01.05,13893,13204,48,26
01.06,13930,13217,48,37
01.07,13967,13225,49,37
01.08,13988,13238,49,21
01.09,14040,13279,49,52
01.10,14065,13308,49,25
01.11,14109,13336,49,44
01.12,14159,13365,49,50
01.13,14218,13402,49,59
01.14,14277,13438,49,59
01.15,14325,13463,49,48
01.16,14375,13474,49,50
01.17,14426,13505,49,51
01.18,14513,13540,49,87
01.19,14582,13566,49,69
01.20,14633,13615,49,51
01.21,14712,13639,49,79
01.22,14765,13683,50,53
01.23,14830,13731,50,65
01.24,14885,13813,50,55
01.25,14993,13849,51,108
01.26,15102,13884,51,109
01.27,15247,13916,51,145
01.28,15390,13966,51,143
01.29,15496,14028,51,106
01.30,15614,14064,51,118
01.31,15736,14096,51,122
02.01,15841,14139,52,105
02.02,16056,14190,52,215
02.03,16155,14263,53,99
02.04,16276,14337,53,121
02.05,16410,14419,54,134
02.06,16547,14472,54,137
02.07,16656,14556,54,109
02.08,16783,14604,55,127
02.09,16909,14772,55,126
02.10,17101,14822,56,192
02.11,17201,14978,56,100
02.12,17387,15081,56,186
02.13,17507,15142,58,120
02.14,17716,15291,58,209
02.15,17828,15448,58,112
02.16,17953,15560,58,125
02.17,18082,15633,58,129
02.18,18224,15768,58,142
02.19,18340,15863,58,116
02.20,18467,15965,58,127
02.21,18612,16061,60,145
02.22,18769,16196,60,157
02.23,18930,16351,60,161
02.24,19038,16542,60,108
02.25,19162,16646,60,124
02.26,19346,16838,60,184
02.27,19479,17002,61,133
02.28,19597,17132,61,118
03.01,19793,17249,62,196
03.02,19979,17343,62,186
03.03,20144,17470,62,165
03.04,20280,17595,63,136
03.05,20447,17712,64,167
03.06,20565,17836,64,118
03.07,20663,17979,64,98
03.08,20794,18124,64,131
03.09,20919,18253,64,125
03.10,21034,18428,64,115
03.11,21144,18534,64,110
03.12,21268,18695,64,124
03.13,21382,18780,64,114
03.14,21476,18967,64,94
03.15,21572,19095,64,96
03.16,21666,19245,64,94
03.17,21819,19342,64,153
03.18,21961,19519,64,142
03.19,22147,19642,65,186
03.20,22292,19773,65,145
03.21,22373,19897,66,81
03.22,22513,20004,66,140
03.23,22662,20142,66,149
03.24,22790,20226,66,128
03.25,22929,20359,66,139
03.26,23091,20439,66,162
03.27,23237,20529,66,146
03.28,23403,20618,66,166
03.29,23524,20723,66,121
03.30,23524,20723,66,0
03.31,23524,20723,66,0
04.01,24079,21155,67,555
04.02,24379,21282,67,300
04.03,24548,21368,67,169
04.04,24651,21512,67,103
04.05,24783,21646,67,132
04.06,24908,21773,67,125
04.07,25053,21898,67,145
04.08,25191,22014,67,138
04.09,25304,22166,67,113
04.10,25436,22276,67,132
04.11,25524,22429,67,88
04.12,25617,22551,67,93
04.13,25701,22796,67,84
04.14,25759,22981,67,58
04.15,25844,23141,67,85
04.16,25939,23242,67,95
04.17,26021,23360,68,82
04.18,26145,23482,69,124
04.19,26348,23591,70,203
04.20,26505,23691,70,157
04.21,26667,23803,71,162
04.22,26920,23935,71,253
04.23,26920,23935,71,0
04.24,27403,24116,71,483
04.25,27621,24234,71,218
04.26,27874,24309,71,253
04.27,28202,24421,71,328
04.28,28588,24499,71,386
04.29,29052,24575,72,464
04.30,29370,24703,73,318
05.01,29835,24775,73,465
05.02,30237,24934,73,402
05.03,30745,25068,74,508
05.04,31330,25214,74,585
05.05,31931,25340,74,601
05.06,32665,25473,74,734
05.07,33368,25675,77,703
05.08,34134,25782,82,766
05.09,34724,25992,83,590
05.10,35815,26299,84,1091
05.11,37019,26547,87,1204
05.12,38520,26795,87,1501
05.13,40092,27123,87,1572
05.14,41308,27428,87,1216
05.15,42775,27672,94,1467
05.16,43782,28013,96,1007
05.17,44523,28459,97,741
05.18,45956,28849,101,1433
05.19,47421,29086,105,1465
05.20,48608,29644,113,1187
05.21,50802,30403,114,2194
05.22,52405,31197,122,1603
05.23,54365,31812,125,1960
05.24,55924,32322,129,1559
05.25,57341,33136,139,1417
05.26,58345,34159,146,1004
05.27,59644,34621,150,1299
05.28,60943,35365,151,1299
05.29,61844,36862,157,901
05.30,62906,38233,157,1062
05.31,63686,39314,159,780
06.01,64396,40117,165,710
06.02,65164,40951,171,768
06.03,65868,41779,171,704
06.04,66516,43959,173,648
06.05,66948,45730,182,432
06.06,67538,47333,182,590
06.07,67950,48086,185,412
06.08,68502,49844,187,552
06.09,68872,51213,191,370
06.10,69213,53392,191,341
06.11,69536,55055,191,323
06.12,69831,56559,192,295
06.13,70077,58832,195,246
06.14,70301,60769,197,224
06.15,70673,61761,198,372
06.16,70897,62533,198,224
06.17,71138,63180,200,241
06.18,71356,64214,201,218
06.19,71498,65178,205,142
06.20,71709,66090,205,211
06.21,71896,66379,206,187
06.22,72149,67148,206,253
06.23,72294,67507,207,145
06.24,72466,67886,207,172
06.25,72678,68197,207,212
06.26,72944,68429,209,266
06.27,73094,68806,209,150
06.28,73327,69031,209,233
06.29,73482,69378,209,155
06.30,73660,69623,210,178
07.01,73798,69974,210,138
07.02,73798,69974,210,0
