,confirm,heal,dead,confirm_add
03.08,1,0,0,1
03.09,1,0,0,0
03.10,1,0,0,0
03.11,1,0,0,0
03.12,3,0,0,2
03.13,6,0,0,3
03.14,8,0,0,2
03.15,12,0,0,4
03.16,23,0,0,11
03.17,23,0,0,0
03.18,30,0,1,1
03.19,36,1,1,6
03.20,49,1,1,13
03.21,66,1,1,17
03.22,80,1,1,14
03.23,94,1,1,14
03.24,109,1,1,14
03.25,125,1,1,16
03.26,149,1,1,24
03.27,177,1,1,28
03.28,199,1,1,22
03.29,231,2,2,32
03.30,263,13,2,32
03.31,353,18,4,90
04.01,353,22,4,0
04.02,505,23,6,152
04.03,505,26,6,0
04.04,591,26,10,86
04.05,752,30,14,161
04.06,864,37,17,112
04.07,1056,40,22,192
04.08,1056,40,24,0
04.09,1174,50,28,118
04.10,1438,56,29,264
04.11,1438,75,29,0
04.12,1662,94,31,224
04.13,1712,107,35,50
04.14,1847,134,36,135
04.15,1934,171,43,87
04.16,2049,235,53,115
04.17,2154,276,55,105
04.18,2378,391,57,224
04.19,2351,457,62,-27
04.20,2472,457,68,121
04.21,2614,505,72,142
04.22,2778,560,75,164
04.23,2926,661,80,148
04.24,3110,755,84,184
04.25,3304,825,94,194
04.26,3408,895,96,104
04.27,3481,925,101,73
04.28,3638,975,103,157
04.29,3771,1114,107,133
04.30,3897,1182,116,126
05.01,3897,1272,122,0
05.02,4052,1334,124,155
05.03,4052,1334,124,0
05.04,4248,1423,128,196
05.05,4363,1544,136,115
05.06,4363,1544,136,0
05.07,4476,1747,145,113
05.08,4728,1826,150,252
05.09,4728,1925,159,0
05.10,4867,1925,161,139
05.11,4927,1980,171,60
05.12,4995,1980,175,68
05.13,5406,2176,185,411
05.14,5406,2176,185,0
05.15,5553,2228,194,147
05.16,5745,2228,202,192
05.17,5934,2344,207,189
05.18,6138,2425,217,204
05.19,6138,2508,219,0
05.20,6553,2953,228,415
05.21,6553,2953,228,0
05.22,6704,2953,233,151
05.23,6994,3452,242,290
05.24,7093,3713,250,99
05.25,7147,3802,261,54
05.26,7147,3884,265,0
05.27,7537,3884,274,390
05.28,7725,4123,282,188
05.29,7896,4278,288,171
05.30,8098,4455,291,202
05.31,8251,4581,295,153
06.01,8360,4622,305,109
06.02,8548,4738,307,188
06.03,8548,4738,307,0
06.04,9018,5009,315,470
06.05,9247,5240,323,229
06.06,9247,5450,326,0
06.07,9700,5638,341,453
06.08,9700,5738,346,0
06.09,10025,5797,365,325
06.10,10025,5930,367,0
06.11,10727,6072,375,702
06.12,11093,6229,385,366
06.13,11093,6421,395,0
06.14,11740,6623,406,647
06.15,11740,6794,408,0
06.16,12254,6901,423,514
06.17,12254,7077,427,0
06.18,13106,7252,444,852
06.19,13106,7525,449,0
06.20,13953,7745,464,847
06.21,14200,7896,473,247
06.22,14200,8019,475,0
06.23,14714,8019,490,514
06.24,14714,8400,492,0
06.25,15453,8599,502,739
06.26,15776,8765,515,323
06.27,16080,8963,521,304
06.28,16250,9081,530,170
06.29,16357,9229,536,107
06.30,16357,9382,541,0
07.01,16898,9594,549,541
07.02,16898,9846,551,0
07.03,17150,9846,560,252
07.04,17672,10396,580,522
07.05,17814,10718,585,142
07.06,17906,11047,592,92
07.07,17906,11241,598,0
07.08,18471,11549,614,565
07.09,18471,11549,614,0
07.10,18924,12188,635,453
07.11,18924,12456,635,0
07.12,19382,12667,642,458
07.13,19382,12793,642,0
07.14,19439,13033,652,57
07.15,19708,13298,658,269
07.16,20040,13640,662,332
07.17,20494,13913,675,454
07.18,20494,13913,675,0
07.19,20794,14183,680,300
07.20,20980,14376,684,186
07.21,21442,14599,707,462
07.22,21442,14856,708,0
07.23,22105,15174,719,663
07.24,22483,15407,726,378
07.25,22828,15608,732,345
07.26,23034,15909,735,206
07.27,23034,15909,735,0
07.28,23154,16462,751,120
07.29,23947,16785,759,793
07.30,23947,17040,762,0
07.31,24733,17269,778,786
08.01,25113,17571,788,380
08.02,25362,17816,791,249
08.03,25482,17942,800,120
08.04,25814,17942,810,332
08.05,26222,18167,823,408
08.06,26628,18676,828,406
08.07,26990,18918,835,362
08.08,27443,19100,841,453
08.09,27660,19300,845,217
08.10,27841,19300,850,181
08.11,28223,19740,857,382
08.12,28697,19998,863,474
08.13,29087,20276,878,390
08.14,29483,20556,884,396
08.15,29905,20908,895,422
08.16,29905,20908,895,0
08.17,30377,21220,908,472
08.18,30377,21220,908,0
08.19,31415,21885,914,1038
08.20,31937,21885,921,522
08.21,32484,22683,929,547
08.22,33072,22683,935,588
08.23,33478,22683,940,406
08.24,33828,23570,945,350
08.25,34358,23869,960,530
08.26,34982,24156,967,624
08.27,35546,24156,977,564
08.28,35904,24156,981,358
08.29,36404,25139,990,500
08.30,36700,25139,992,296
08.31,36920,25872,995,220
09.01,37208,25872,1008,288
09.02,37740,26189,1024,532
09.03,38372,27017,1036,632
09.04,38906,27017,1047,534
09.05,39473,27799,1063,567
09.06,39797,27799,1063,324
09.07,40055,27799,1074,258
09.08,40556,28578,1087,501
09.09,41144,28962,1096,588
09.10,41704,28962,1106,560
09.11,42183,30437,1114,479
09.12,42714,30437,1117,531
09.13,42978,30437,1123,264
09.14,43207,30437,1129,229
09.15,43207,30437,1129,0
09.16,44361,32732,1159,1154
09.17,44983,33239,1170,622
09.18,45648,33734,1186,665
09.19,46336,34236,1201,688
09.20,46596,34236,1203,260
09.21,46796,35018,1211,200
09.22,47446,35542,1230,650
09.23,48232,36071,1244,786
09.24,48953,36643,1252,721
09.25,48953,36643,1252,0
09.26,49666,37023,1264,713
09.27,50875,37842,1287,1209
09.28,50875,37842,1287,0
09.29,52029,38579,1310,1154
09.30,52029,38579,1310,0
10.01,54064,39499,1336,2035
10.02,55016,40002,1344,952
10.03,55888,40475,1353,872
10.04,56579,40955,1366,691
10.05,56901,41467,1375,322
10.06,57732,41938,1389,831
10.07,58794,42480,1406,1062
10.08,59915,43008,1424,1121
10.09,60833,43489,1442,918
10.10,61762,43982,1458,929
10.11,62151,44357,1461,389
10.12,62618,44728,1478,467
10.13,63275,45102,1495,657
10.14,64424,45545,1514,1149
10.15,64424,45545,1514,0
10.16,65860,46543,1549,1436
10.17,66652,47230,1569,792
10.18,67050,47842,1584,398
10.19,67302,48493,1600,252
10.20,67958,49083,1617,656
10.21,68791,49702,1630,833
10.22,69568,50422,1641,777
10.23,70256,51102,1654,688
10.24,71089,51719,1669,833
10.25,71089,51719,1669,0
10.26,71503,52290,1685,414
10.27,71811,52730,1700,308
10.28,72460,53201,1710,649
10.29,73321,53816,1729,861
10.30,74233,54495,1747,912
10.31,75201,55190,1766,968
11.01,76040,55782,1785,839
11.02,76582,56312,1800,542
11.03,76777,56875,1818,195
11.04,77487,57402,1838,710
11.05,78507,58292,1851,1020
11.06,79566,59220,1866,1059
11.07,80501,60220,1882,935
11.08,81675,61314,1891,1174
11.09,82346,62508,1893,671
11.10,82677,63646,1912,331
11.11,83592,64826,1930,915
11.12,84707,66115,1950,1115
11.13,86038,67270,1969,1331
11.14,87361,68392,1987,1323
11.15,88772,69526,2006,1411
11.16,89279,70812,2019,507
11.17,89843,71874,2035,564
11.18,90912,73059,2054,1069
11.19,92519,74229,2072,1607
11.20,93961,75530,2091,1442
11.21,95383,76880,2111,1422
11.22,96689,78112,2130,1306
11.23,97941,79556,2149,1252
11.24,98418,80882,2169,477
11.25,99633,82335,2188,1215
11.26,101203,83789,2209,1570
11.27,102894,90485,2229,1691
11.28,104140,91797,2250,1246
11.29,105852,93028,2269,1712
11.30,107017,94586,2290,1165
12.01,107364,95354,2304,347
12.02,108863,95918,2323,1499
12.03,110580,96711,2343,1717
12.04,112307,97549,2363,1727
12.05,113829,98276,2384,1522
12.06,115557,99606,2403,1728
12.07,116365,101244,2419,808
12.08,117495,101938,2438,1130
12.09,119204,102565,2460,1709
12.10,120970,105238,2500,1766
12.11,122685,105238,2500,1715
12.12,124264,106471,2521,1579
12.13,126518,108901,2572,2254
12.14,126518,110179,2598,0
12.15,127253,110179,2598,735
12.16,128656,111314,2625,1403
12.17,131919,114230,2674,3263
12.18,131919,114230,2674,0
12.19,133360,115612,2700,1441
12.20,134578,117002,2727,1218
12.21,135207,118635,2752,629
12.22,135910,120015,2777,703
12.23,136931,121402,2803,1021
12.24,138213,122614,2825,1282
12.25,139435,123924,2848,1222
12.26,140250,125212,2871,815
12.27,140996,126651,2883,746
12.28,141355,127404,2891,359
12.29,141924,127813,2909,569
12.30,142851,128501,2934,927
12.31,143841,129539,2960,990
01.01,145258,131701,3004,1417
01.02,145258,131701,3004,0
01.03,145694,132342,3020,436
01.04,145873,133247,3037,179
01.05,146921,134751,3070,1048
01.06,146921,134751,3070,0
01.07,147871,135911,3088,950
01.08,148294,136800,3106,423
01.09,148669,137416,3122,375
01.10,149093,138103,3130,424
01.11,149391,138440,3139,298
01.12,149662,138865,3156,271
01.13,150138,139427,3176,476
01.14,150946,140983,3193,808
01.15,152263,141975,3228,1317
01.16,152263,141975,3228,0
01.17,152854,143150,3250,591
01.18,152854,143150,3250,0
01.19,153506,143766,3282,652
01.20,153506,143766,3282,0
01.21,154788,145168,3315,1282
01.22,154788,145831,3315,0
01.23,155937,146406,3347,1149
01.24,155937,146406,3347,0
01.25,156202,146948,3361,265
01.26,156972,147380,3381,770
01.27,156972,147380,3381,0
01.28,157626,147864,3396,654
01.29,158309,148432,3413,683
01.30,158860,149026,3424,551
01.31,159513,149562,3434,653
02.01,159804,150090,3438,291
02.02,160725,150720,3462,921
02.03,160725,150720,3462,0
02.04,161642,151232,3480,917
02.05,162624,151880,3497,982
02.06,163400,152552,3515,776
02.07,164243,153196,3530,843
02.08,164858,154303,3557,615
02.09,164858,154303,3557,0
02.10,165663,154444,3573,805
02.11,166553,154956,3589,890
02.12,167546,155557,3607,993
02.13,168826,156198,3626,1280
02.14,169805,157427,3640,979
02.15,170186,157427,3651,381
02.16,170549,158005,3661,363
02.17,171514,158619,3678,965
02.18,172815,159339,3697,1301
02.19,174155,159931,3717,1340
02.20,175183,160619,3739,1028
02.21,176245,161220,3760,1062
02.22,177407,162595,3799,1162
02.23,177407,162595,3799,0
02.24,178540,163376,3823,1133
02.25,180150,163896,3846,1610
02.26,183338,164888,3899,3188
02.27,184856,165489,3924,1518
02.28,185453,166178,3949,597
03.01,185453,166178,3949,0
03.02,186447,166833,3975,994
03.03,187847,167442,4002,1400
03.04,189397,168143,4026,1550
03.05,191197,168801,4049,1800
03.06,192985,169623,4071,1788
03.07,194605,170468,4091,1620
03.08,195252,171330,4111,647
03.09,195602,172242,4129,350
03.10,196475,173141,4150,873
03.11,198228,174099,4183,1753
03.12,200124,175111,4220,1896
03.13,201909,176150,4258,1785
03.14,203710,178322,4330,1801
03.15,204463,178322,4330,753
03.16,205324,179474,4369,861
03.17,207012,180763,4402,1688
03.18,208928,182108,4436,1916
03.19,210725,183520,4472,1797
03.20,212568,185105,4501,1843
03.21,214203,186774,4531,1635
03.22,215034,188363,4559,831
03.23,216094,189875,4590,1060
03.24,217715,191630,4623,1621
03.25,219988,193562,4661,2273
03.26,222120,195558,4702,2132
03.27,223986,197623,4745,1866
03.28,225660,199737,4785,1674
03.29,226521,201769,4827,861
03.30,226521,201769,4827,0
03.31,226521,201769,4827,0
04.01,230241,207852,4960,3720
04.02,231756,209907,5003,1515
04.03,233136,211803,5048,1380
04.04,234394,213559,5092,1258
04.05,235087,215091,5136,693
04.06,235790,216478,5178,703
04.07,236563,217606,5224,773
04.08,237718,218711,5268,1155
04.09,239146,219728,5307,1428
04.10,240056,220881,5339,910
04.11,240886,221968,5369,830
04.12,241217,222927,5388,331
04.13,241820,223822,5409,603
04.14,242364,225036,5438,544
04.15,243365,226325,5466,1001
04.16,244177,227569,5493,812
04.17,244866,228766,5521,689
04.18,245494,230090,5548,628
04.19,245897,231235,5571,403
04.20,246238,232328,5591,341
04.21,246691,233281,5616,453
04.22,247391,234204,5643,700
04.23,248009,235054,5668,618
04.24,248518,235965,5691,509
04.25,248898,236774,5709,380
04.26,249139,237405,5730,241
04.27,249385,237934,5745,246
04.28,249714,238423,5762,329
04.29,250138,238926,5780,424
04.30,250508,239399,5795,370
05.01,250837,239914,5812,329
05.02,251160,240393,5826,323
05.03,251335,240824,5838,175
05.04,251378,241216,5850,43
05.05,251504,241553,5869,126
05.06,252153,242363,5912,649
05.07,252153,242363,5912,0
05.08,252413,242796,5929,260
05.09,252604,243195,5943,191
05.10,252749,243534,5952,145
05.11,252798,243731,5958,49
05.12,252949,243877,5970,151
05.13,253173,244073,5981,224
05.14,253386,244298,5995,213
05.15,253567,244487,6006,181
05.16,253736,244664,6016,169
05.17,253845,244857,6027,109
05.18,253954,245031,6034,109
05.19,254075,245263,6043,121
05.20,254213,245510,6053,138
05.21,254379,245803,6061,166
05.22,254499,246080,6067,120
05.23,254601,246332,6072,102
05.24,254676,246570,6075,75
05.25,254741,246766,6080,65
05.26,254814,246894,6084,73
05.27,254908,247016,6088,94
05.28,254985,247135,6093,77
05.29,255060,247240,6097,75
05.30,255105,247349,6100,45
05.31,255145,247444,6104,40
06.01,255186,247507,6107,41
06.02,255241,247609,6114,55
06.03,255285,247716,6120,44
06.04,255354,247830,6125,69
06.05,255402,247935,6129,48
06.06,255432,248013,6132,30
06.07,255453,248040,6134,21
06.08,255501,248062,6137,48
06.09,255541,248145,6141,40
06.10,255601,248260,6145,60
06.11,255661,248384,6147,60
06.12,255715,248501,6149,54
06.13,255758,248594,6152,43
06.14,255797,248671,6154,39
06.15,255830,248733,6154,33
06.16,255878,248812,6156,48
06.17,255937,248904,6159,59
06.18,255994,248984,6162,57
06.19,256054,249066,6165,60
06.20,256103,249129,6168,49
06.21,256140,249177,6170,37
06.22,256187,249216,6173,47
06.23,256232,249250,6175,45
06.24,256324,249312,6178,92
06.25,256387,249381,6180,63
06.26,256475,249465,6182,88
06.27,256527,249518,6183,52
06.28,256559,249556,6184,32
06.29,256614,249590,6187,55
06.30,256669,249643,6191,55
07.01,256734,249706,6194,65
07.02,256734,249706,6194,0
