,confirm,heal,dead,confirm_add
02.29,1,0,0,1
03.01,1,0,0,0
03.02,1,0,0,0
03.03,1,0,0,0
03.04,1,0,0,0
03.05,1,0,0,0
03.06,1,0,0,0
03.07,1,0,0,0
03.08,1,0,0,0
03.09,1,0,0,0
03.10,1,0,0,0
03.11,1,0,0,0
03.12,2,0,0,1
03.13,2,0,0,0
03.14,2,0,0,0
03.15,3,0,0,1
03.16,7,0,0,4
03.17,9,0,0,2
03.18,9,0,0,0
03.19,9,0,0,0
03.20,11,0,0,2
03.21,12,0,0,1
03.22,18,0,0,6
03.23,23,0,0,5
03.24,23,1,0,0
03.25,27,1,0,4
03.26,31,1,0,4
03.27,33,1,0,2
03.28,42,1,0,9
03.29,43,1,0,1
03.30,46,1,1,3
03.31,49,1,1,3
04.01,52,2,1,3
04.02,55,2,1,3
04.03,60,2,1,5
04.04,64,3,1,4
04.05,66,3,1,2
04.06,73,3,1,7
04.07,77,4,1,4
04.08,79,4,1,2
04.09,81,4,1,2
04.10,84,5,1,3
04.11,90,5,1,6
04.12,92,5,1,2
04.13,93,6,1,1
04.14,93,6,1,0
04.15,93,6,1,0
04.16,93,12,3,0
04.17,93,12,3,0
04.18,94,20,3,1
04.19,94,22,3,0
04.20,94,22,3,0
04.21,94,23,3,0
04.22,94,26,3,0
04.23,94,27,3,0
04.24,94,35,4,0
04.25,94,41,4,0
04.26,94,42,4,0
04.27,94,42,4,0
04.28,95,42,4,1
04.29,95,50,4,0
04.30,95,58,4,0
05.01,95,64,4,0
05.02,95,73,4,0
05.03,95,73,4,0
05.04,95,78,4,0
05.05,95,78,4,0
05.06,95,81,4,0
05.07,95,82,4,0
05.08,95,82,4,0
05.09,95,82,4,0
05.10,96,82,4,1
05.11,96,82,4,0
05.12,96,85,4,0
05.13,96,85,4,0
05.14,96,87,4,0
05.15,96,87,4,0
05.16,96,87,4,0
05.17,96,87,4,0
05.18,96,87,4,0
05.19,97,87,4,1
05.20,97,87,4,0
05.21,97,90,4,0
05.22,97,90,4,0
05.23,97,90,4,0
05.24,98,90,4,1
05.25,98,90,4,0
05.26,98,90,4,0
05.27,98,90,4,0
05.28,98,90,4,0
05.29,98,90,4,0
05.30,98,90,4,0
05.31,99,90,4,1
06.01,99,90,4,0
06.02,99,90,4,0
06.03,99,90,4,0
06.04,99,90,4,0
06.05,99,92,4,0
06.06,99,93,4,0
06.07,99,93,4,0
06.08,99,93,4,0
06.09,99,93,4,0
06.10,99,93,4,0
06.11,99,93,4,0
06.12,99,93,4,0
06.13,99,93,4,0
06.14,99,93,4,0
06.15,99,93,4,0
06.16,99,93,4,0
06.17,99,94,4,0
06.18,99,94,4,0
06.19,99,94,4,0
06.20,99,94,4,0
06.21,99,94,4,0
06.22,100,94,4,1
06.23,101,95,4,1
06.24,101,95,4,0
06.25,102,95,4,1
06.26,102,95,4,0
06.27,102,95,4,0
06.28,103,95,4,1
06.29,103,95,4,0
06.30,103,95,4,0
07.01,103,95,4,0
07.02,103,95,4,0
07.03,106,95,4,3
07.04,106,95,4,0
07.05,106,95,4,0
07.06,108,95,4,2
07.07,108,95,4,0
07.08,108,95,4,0
07.09,108,95,4,0
07.10,108,96,4,0
07.11,108,96,4,0
07.12,109,96,4,1
07.13,109,97,4,0
07.14,109,97,4,0
07.15,109,97,4,0
07.16,109,98,4,0
07.17,109,98,4,0
07.18,109,98,4,0
07.19,109,98,4,0
07.20,109,98,4,0
07.21,109,100,4,0
07.22,111,100,4,2
07.23,112,100,4,1
07.24,114,100,4,2
07.25,116,100,4,2
07.26,116,104,4,0
07.27,116,104,4,0
07.28,116,104,4,0
07.29,117,104,4,1
07.30,120,105,4,3
07.31,120,105,4,0
08.01,120,105,4,0
08.02,120,105,4,0
08.03,120,105,4,0
08.04,121,105,4,1
08.05,123,105,4,2
08.06,125,105,4,2
08.07,125,105,4,0
08.08,128,105,4,3
08.09,131,112,4,3
08.10,133,113,4,2
08.11,133,113,4,0
08.12,138,113,4,5
08.13,141,114,4,3
08.14,144,114,4,3
08.15,146,114,4,2
08.16,146,114,4,0
08.17,146,114,4,0
08.18,148,114,4,2
08.19,148,114,4,0
08.20,148,114,4,0
08.21,150,115,4,2
08.22,154,116,4,4
08.23,154,116,4,0
08.24,154,116,4,0
08.25,154,116,4,0
08.26,154,116,4,0
08.27,154,116,4,0
08.28,154,116,4,0
08.29,154,116,4,0
08.30,154,116,4,0
08.31,154,116,4,0
09.01,154,116,4,0
09.02,154,116,4,0
09.03,142,91,1,-12
09.04,143,94,1,1
09.05,147,97,1,4
09.06,147,102,1,0
09.07,147,102,1,0
09.08,153,102,1,6
09.09,156,107,1,3
09.10,161,107,1,5
09.11,165,107,1,4
09.12,168,123,1,3
09.13,169,123,1,1
09.14,171,128,1,2
09.15,177,132,1,6
09.16,178,133,1,1
09.17,181,137,1,3
09.18,186,147,1,5
09.19,191,152,1,5
09.20,192,152,1,1
09.21,193,153,1,1
09.22,195,159,1,2
09.23,197,163,1,2
09.24,199,165,1,2
09.25,205,166,1,6
09.26,208,167,2,3
09.27,210,169,2,2
09.28,210,169,2,0
09.29,212,174,2,2
09.30,214,178,2,2
10.01,218,181,2,4
10.02,219,187,2,1
10.03,221,188,2,2
10.04,222,188,2,1
10.05,222,189,2,0
10.06,223,193,2,1
10.07,224,198,2,1
10.08,227,202,2,3
10.09,229,207,2,2
10.10,233,209,2,4
10.11,233,209,2,0
10.12,234,209,2,1
10.13,236,213,2,2
10.14,241,217,2,5
10.15,248,217,2,7
10.16,253,217,2,5
10.17,255,217,2,2
10.18,260,217,2,5
10.19,265,217,2,5
10.20,268,222,2,3
10.21,271,227,2,3
10.22,273,231,2,2
10.23,281,233,2,8
10.24,295,241,2,14
10.25,296,244,2,1
10.26,306,244,2,10
10.27,310,250,2,4
10.28,320,256,2,10
10.29,337,256,2,17
10.30,347,264,2,10
10.31,355,273,2,8
11.01,359,273,2,4
11.02,366,274,2,7
11.03,375,281,2,9
11.04,397,293,2,22
11.05,412,293,2,15
11.06,430,318,2,18
11.07,454,331,2,24
11.08,483,331,2,29
11.09,486,345,2,3
11.10,490,369,2,4
11.11,512,378,2,22
11.12,524,390,2,12
11.13,532,408,2,8
11.14,540,426,2,8
11.15,545,446,2,5
11.16,548,450,2,3
11.17,552,462,2,4
11.18,557,467,3,5
11.19,565,487,3,8
11.20,573,497,3,8
11.21,577,504,3,4
11.22,581,507,3,4
11.23,582,512,3,1
11.24,583,518,3,1
11.25,587,523,3,4
11.26,594,530,3,7
11.27,600,530,3,6
11.28,603,532,3,3
11.29,607,537,3,4
11.30,608,537,3,1
12.01,609,556,3,1
12.02,617,559,3,8
12.03,621,563,3,4
12.04,630,570,3,9
12.05,630,571,3,0
12.06,637,572,3,7
12.07,638,574,3,1
12.08,641,577,3,3
12.09,648,580,3,7
12.10,655,585,3,7
12.11,657,591,3,2
12.12,659,594,3,2
12.13,668,596,3,9
12.14,668,597,3,0
12.15,671,605,3,3
12.16,678,609,3,7
12.17,685,611,3,7
12.18,700,611,3,15
12.19,715,616,3,15
12.20,723,616,3,8
12.21,728,621,3,5
12.22,742,631,3,14
12.23,756,636,3,14
12.24,767,646,3,11
12.25,783,659,3,16
12.26,789,664,3,6
12.27,797,673,3,8
12.28,797,673,3,0
12.29,801,686,3,4
12.30,827,692,3,26
12.31,853,704,3,26
01.01,875,708,3,22
01.02,885,718,3,10
01.03,901,725,3,16
01.04,907,733,3,6
01.05,917,743,3,10
01.06,947,763,3,30
01.07,978,773,3,31
01.08,1018,793,3,40
01.09,1041,814,4,23
01.10,1053,830,4,12
01.11,1057,850,4,4
01.12,1070,883,4,13
01.13,1092,900,7,22
01.14,1128,926,7,36
01.15,1145,947,7,17
01.16,1169,962,7,24
01.17,1194,977,7,25
01.18,1205,995,7,11
01.19,1212,1013,7,7
01.20,1240,1036,9,28
01.21,1262,1050,9,22
01.22,1287,1058,9,25
01.23,1311,1078,9,24
01.24,1345,1100,9,34
01.25,1357,1121,9,12
01.26,1368,1140,9,11
01.27,1399,1160,9,31
01.28,1413,1180,10,14
01.29,1430,1198,11,17
01.30,1430,1198,11,0
01.31,1475,1245,11,45
02.01,1489,1257,13,14
02.02,1499,1283,14,10
02.03,1543,1295,17,44
02.04,1572,1320,18,29
02.05,1596,1332,18,24
02.06,1625,1350,19,29
02.07,1647,1362,19,22
02.08,1655,1380,19,8
02.09,1665,1403,19,10
02.10,1695,1411,19,30
02.11,1717,1435,19,22
02.12,1735,1455,19,18
02.13,1752,1490,21,17
02.14,1755,1510,21,3
02.15,1760,1530,21,5
02.16,1774,1545,21,14
02.17,1787,1562,21,13
02.18,1816,1590,22,29
02.19,1835,1610,22,19
02.20,1844,1634,22,9
02.21,1862,1644,22,18
02.22,1870,1650,22,8
02.23,1885,1657,22,15
02.24,1904,1669,23,19
02.25,1916,1683,23,12
02.26,1932,1690,23,16
02.27,1942,1692,23,10
02.28,1953,1704,24,11
03.01,1956,1710,24,3
03.02,1965,1720,24,9
03.03,1965,1720,25,0
03.04,1981,1754,26,16
03.05,1997,1770,26,16
03.06,2009,1810,26,12
03.07,2019,1820,26,10
03.08,2023,1835,26,4
03.09,2028,1850,26,5
03.10,2048,1869,26,20
03.11,2062,1875,26,14
03.12,2075,1885,26,13
03.13,2097,1895,27,22
03.14,2106,1905,27,9
03.15,2107,1912,27,1
03.16,2120,1922,27,13
03.17,2135,1932,27,15
03.18,2141,1945,27,6
03.19,2149,1960,27,8
03.20,2164,1970,27,15
03.21,2173,1990,27,9
03.22,2173,2007,27,0
03.23,2182,2020,27,9
03.24,2199,2030,27,17
03.25,2210,2040,28,11
03.26,2227,2047,28,17
03.27,2248,2052,28,21
03.28,2254,2057,28,6
03.29,2259,2070,28,5
03.30,2259,2070,28,0
03.31,2259,2070,28,0
04.01,2288,2115,28,29
04.02,2305,2128,28,17
04.03,2320,2143,28,15
04.04,2326,2155,29,6
04.05,2329,2175,29,3
04.06,2334,2190,30,5
04.07,2345,2200,30,11
04.08,2353,2205,30,8
04.09,2364,2213,30,11
04.10,2369,2220,31,5
04.11,2374,2230,31,5
04.12,2375,2242,31,1
04.13,2377,2247,31,2
04.14,2378,2260,31,1
04.15,2384,2266,31,6
04.16,2387,2268,31,3
04.17,2391,2276,31,4
04.18,2395,2282,31,4
04.19,2399,2292,31,4
04.20,2404,2304,31,5
04.21,2413,2306,31,9
04.22,2422,2308,31,9
04.23,2422,2308,31,0
04.24,2426,2317,31,4
04.25,2429,2327,31,3
04.26,2432,2330,32,3
04.27,2439,2334,32,7
04.28,2442,2338,32,3
04.29,2447,2342,32,5
04.30,2452,2358,32,5
05.01,2454,2368,32,2
05.02,2457,2369,32,3
05.03,2457,2371,32,0
05.04,2465,2380,32,8
05.05,2468,2390,32,3
05.06,2471,2393,32,3
05.07,2475,2397,32,4
05.08,2477,2402,32,2
05.09,2479,2407,32,2
05.10,2479,2413,32,0
05.11,2481,2420,32,2
05.12,2486,2423,32,5
05.13,2487,2427,32,1
05.14,2490,2428,32,3
05.15,2490,2428,32,0
05.16,2493,2434,32,3
05.17,2493,2434,32,0
05.18,2494,2446,32,1
05.19,2495,2447,32,1
05.20,2497,2450,32,2
05.21,2499,2457,32,2
05.22,2500,2458,32,1
05.23,2501,2459,32,1
05.24,2501,2460,32,0
05.25,2501,2460,32,0
05.26,2502,2461,32,1
05.27,2503,2461,32,1
05.28,2503,2462,32,0
05.29,2503,2463,32,0
05.30,2503,2463,32,0
05.31,2504,2466,32,1
06.01,2504,2467,32,0
06.02,2506,2467,33,2
06.03,2508,2467,33,2
06.04,2508,2468,33,0
06.05,2508,2469,33,0
06.06,2508,2469,33,0
06.07,2508,2469,33,0
06.08,2508,2469,33,0
06.09,2511,2469,33,3
06.10,2514,2469,33,3
06.11,2516,2473,33,2
06.12,2520,2473,33,4
06.13,2524,2473,33,4
06.14,2525,2473,33,1
06.15,2526,2473,33,1
06.16,2532,2473,33,6
06.17,2539,2473,33,7
06.18,2545,2473,33,6
06.19,2547,2473,33,2
06.20,2548,2474,33,1
06.21,2548,2474,33,0
06.22,2549,2481,33,1
06.23,2554,2487,33,5
06.24,2557,2491,33,3
06.25,2562,2496,33,5
06.26,2570,2499,33,8
06.27,2570,2499,33,0
06.28,2571,2504,33,1
06.29,2575,2514,33,4
06.30,2576,2515,33,1
07.01,2577,2520,33,1
07.02,2580,2521,33,3
