,confirm,heal,dead,confirm_add
03.10,1,0,0,1
03.11,1,0,0,0
03.12,1,0,0,0
03.13,1,0,0,0
03.14,1,0,0,0
03.15,1,0,0,0
03.16,1,0,0,0
03.17,4,0,0,3
03.18,6,0,0,2
03.19,6,0,0,0
03.20,6,0,0,0
03.21,10,0,0,4
03.22,10,0,0,0
03.23,10,0,0,0
03.24,10,0,0,0
03.25,10,0,0,0
03.26,11,0,0,1
03.27,11,0,0,0
03.28,12,0,0,1
03.29,12,0,0,0
03.30,12,2,0,0
03.31,12,2,0,0
04.01,14,2,0,2
04.02,14,2,0,0
04.03,14,2,0,0
04.04,14,2,0,0
04.05,14,2,0,0
04.06,15,2,0,1
04.07,15,4,0,0
04.08,16,4,0,1
04.09,16,4,0,0
04.10,16,4,0,0
04.11,16,4,0,0
04.12,16,4,0,0
04.13,17,4,0,1
04.14,30,5,0,13
04.15,30,5,0,0
04.16,31,5,0,1
04.17,31,5,0,0
04.18,31,5,0,0
04.19,32,7,0,1
04.20,33,7,0,1
04.21,34,8,0,1
04.22,35,8,0,1
04.23,35,8,0,0
04.24,36,9,0,1
04.25,37,9,0,1
04.26,38,9,0,1
04.27,38,10,0,0
04.28,38,10,0,0
04.29,38,10,0,0
04.30,38,10,0,0
05.01,38,10,0,0
05.02,39,10,0,1
05.03,39,10,0,0
05.04,40,12,0,1
05.05,41,13,0,1
05.06,41,13,0,0
05.07,41,13,0,0
05.08,42,13,0,1
05.09,42,14,0,0
05.10,42,14,0,0
05.11,42,14,0,0
05.12,42,15,0,0
05.13,42,15,0,0
05.14,61,15,0,19
05.15,98,20,0,37
05.16,135,20,0,37
05.17,136,21,0,1
05.18,140,24,0,4
05.19,140,26,0,0
05.20,140,26,0,0
05.21,140,26,0,0
05.22,141,28,0,1
05.23,141,30,0,0
05.24,141,32,0,0
05.25,141,33,0,0
05.26,141,37,0,0
05.27,148,43,0,7
05.28,161,43,0,13
05.29,179,43,0,18
05.30,179,44,0,0
05.31,179,44,0,0
06.01,185,44,0,6
06.02,185,44,0,0
06.03,185,44,0,0
06.04,186,65,0,1
06.05,191,70,0,5
06.06,193,71,0,2
06.07,193,75,0,0
06.08,194,75,0,1
06.09,194,85,0,0
06.10,194,87,0,0
06.11,194,89,0,0
06.12,197,95,0,3
06.13,197,95,0,0
06.14,197,98,0,0
06.15,197,108,0,0
06.16,197,109,0,0
06.17,197,111,0,0
06.18,201,127,0,4
06.19,204,132,0,3
06.20,204,139,0,0
06.21,206,139,0,2
06.22,213,153,0,7
06.23,215,158,0,2
06.24,215,168,0,0
06.25,216,169,0,1
06.26,219,170,0,3
06.27,219,175,0,0
06.28,219,175,0,0
06.29,220,175,0,1
06.30,220,175,0,0
07.01,220,176,0,0
07.02,220,177,0,0
07.03,220,179,0,0
07.04,220,183,0,0
07.05,220,185,0,0
07.06,220,188,0,0
07.07,225,194,0,5
07.08,227,195,0,2
07.09,227,197,0,0
07.10,227,197,0,0
07.11,227,200,0,0
07.12,230,202,0,3
07.13,230,203,0,0
07.14,243,204,0,13
07.15,261,207,0,18
07.16,261,209,0,0
07.17,262,211,0,1
07.18,287,211,0,25
07.19,287,213,0,0
07.20,287,213,0,0
07.21,287,213,0,0
07.22,287,213,0,0
07.23,287,214,0,0
07.24,288,217,0,1
07.25,288,218,0,0
07.26,288,218,0,0
07.27,288,218,0,0
07.28,289,222,0,1
07.29,291,225,0,2
07.30,291,225,0,0
07.31,291,225,0,0
08.01,291,230,0,0
08.02,293,230,0,2
08.03,293,230,0,0
08.04,293,230,0,0
08.05,293,244,0,0
08.06,293,260,0,0
08.07,293,260,0,0
08.08,293,260,0,0
08.09,293,263,0,0
08.10,293,263,0,0
08.11,293,263,0,0
08.12,293,269,0,0
08.13,297,269,0,4
08.14,297,269,0,0
08.15,298,272,0,1
08.16,298,276,0,0
08.17,298,276,0,0
08.18,298,278,0,0
08.19,298,281,0,0
08.20,298,281,0,0
08.21,298,283,0,0
08.22,298,288,0,0
08.23,298,288,0,0
08.24,298,289,0,0
08.25,298,289,0,0
08.26,300,289,0,2
08.27,301,291,0,1
08.28,301,291,0,0
08.29,301,291,0,0
08.30,301,295,0,0
08.31,301,295,0,0
09.01,304,295,0,3
09.02,306,296,0,2
09.03,306,296,0,0
09.04,310,296,0,4
09.05,310,296,0,0
09.06,310,296,0,0
09.07,310,296,0,0
09.08,310,296,0,0
09.09,310,296,0,0
09.10,310,298,0,0
09.11,311,298,0,1
09.12,311,298,0,0
09.13,311,298,0,0
09.14,311,300,0,0
09.15,311,301,0,0
09.16,311,301,0,0
09.17,311,301,0,0
09.18,311,302,0,0
09.19,311,302,0,0
09.20,312,302,0,1
09.21,312,302,0,0
09.22,313,302,0,1
09.23,313,302,0,0
09.24,313,302,0,0
09.25,313,303,0,0
09.26,313,303,0,0
09.27,313,303,0,0
09.28,313,305,0,0
09.29,313,305,0,0
09.30,313,305,0,0
10.01,313,307,0,0
10.02,313,307,0,0
10.03,313,307,0,0
10.04,313,307,0,0
10.05,314,307,0,1
10.06,315,307,0,1
10.07,315,308,0,0
10.08,315,308,0,0
10.09,315,308,0,0
10.10,315,310,0,0
10.11,316,310,0,1
10.12,318,310,0,2
10.13,320,311,0,2
10.14,320,311,0,0
10.15,320,311,0,0
10.16,320,311,0,0
10.17,320,311,0,0
10.18,324,312,0,4
10.19,324,312,0,0
10.20,326,312,0,2
10.21,327,312,0,1
10.22,328,312,0,1
10.23,328,312,0,0
10.24,337,312,0,9
10.25,338,312,0,1
10.26,339,312,0,1
10.27,340,312,0,1
10.28,340,312,0,0
10.29,340,312,0,0
10.30,340,313,0,0
10.31,346,313,0,6
11.01,346,313,0,0
11.02,349,313,0,3
11.03,350,313,0,1
11.04,352,314,0,2
11.05,353,314,0,1
11.06,356,314,0,3
11.07,357,314,0,1
11.08,362,317,0,5
11.09,368,317,0,6
11.10,368,317,0,0
11.11,374,317,0,6
11.12,406,317,0,32
11.13,412,317,0,6
11.14,416,328,0,4
11.15,428,328,0,12
11.16,431,328,0,3
11.17,440,328,0,9
11.18,473,329,0,33
11.19,518,329,0,45
11.20,557,337,0,39
11.21,582,337,0,25
11.22,629,340,0,47
11.23,640,340,0,11
11.24,672,342,0,32
11.25,699,342,0,27
11.26,712,345,0,13
11.27,738,347,0,26
11.28,760,347,0,22
11.29,784,354,0,24
11.30,791,354,0,7
12.01,801,358,0,10
12.02,812,358,0,11
12.03,819,365,0,7
12.04,831,365,0,12
12.05,842,368,0,11
12.06,849,384,0,7
12.07,887,384,0,38
12.08,888,384,0,1
12.09,893,384,0,5
12.10,898,384,0,5
12.11,905,384,0,7
12.12,906,384,0,1
12.13,907,384,0,1
12.14,912,384,0,5
12.15,917,384,0,5
12.16,918,384,0,1
12.17,923,384,0,5
12.18,941,473,0,18
12.19,953,509,0,12
12.20,961,509,0,8
12.21,993,509,0,32
12.22,1006,541,0,13
12.23,1063,541,0,57
12.24,1069,584,0,6
12.25,1075,584,0,6
12.26,1082,711,0,7
12.27,1121,711,0,39
12.28,1137,711,0,16
12.29,1175,745,0,38
12.30,1195,824,1,20
12.31,1215,830,1,20
01.01,1220,837,1,5
01.02,1242,855,1,22
01.03,1263,869,1,21
01.04,1286,878,1,23
01.05,1308,884,1,22
01.06,1308,884,1,0
01.07,1308,884,1,0
01.08,1395,896,2,87
01.09,1408,896,2,13
01.10,1429,896,2,21
01.11,1442,896,2,13
01.12,1456,909,2,14
01.13,1469,909,2,13
01.14,1479,909,2,10
01.15,1491,909,2,12
01.16,1512,909,2,21
01.17,1517,947,2,5
01.18,1526,967,2,9
01.19,1536,995,2,10
01.20,1568,1033,2,32
01.21,1584,1046,2,16
01.22,1592,1097,2,8
01.23,1611,1125,2,19
01.24,1627,1149,2,16
01.25,1643,1169,2,16
01.26,1656,1211,2,13
01.27,1667,1236,2,11
01.28,1692,1244,2,25
01.29,1710,1303,2,18
01.30,1742,1321,2,32
01.31,1779,1333,2,37
02.01,1814,1358,2,35
02.02,1832,1371,2,18
02.03,1859,1392,2,27
02.04,1890,1398,2,31
02.05,1928,1430,2,38
02.06,1989,1449,2,61
02.07,2023,1449,2,34
02.08,2073,1493,2,50
02.09,2120,1546,2,47
02.10,2174,1546,2,54
02.11,2207,1618,2,33
02.12,2247,1640,2,40
02.13,2293,1653,2,46
02.14,2351,1682,2,58
02.15,2383,1711,2,32
02.16,2416,1760,2,33
02.17,2444,1777,2,28
02.18,2493,1802,2,49
02.19,2551,1819,2,58
02.20,2586,1846,2,35
02.21,2638,1846,2,52
02.22,2693,1933,2,55
02.23,2723,2003,2,30
02.24,2755,2070,2,32
02.25,2801,2097,2,46
02.26,2831,2150,2,30
02.27,2866,2183,2,35
02.28,2907,2249,2,41
03.01,2952,2299,2,45
03.02,3000,2330,2,48
03.03,3032,2360,2,32
03.04,3076,2415,2,44
03.05,3153,2442,2,77
03.06,3161,2442,2,8
03.07,3228,2481,2,67
03.08,3336,2481,2,108
03.09,3372,2765,3,36
03.10,3481,2797,3,109
03.11,3561,2847,4,80
03.12,3664,2907,4,103
03.13,3833,2907,4,169
03.14,3961,2907,4,128
03.15,4083,2907,4,122
03.16,4210,3083,4,127
03.17,4340,3131,4,130
03.18,4498,3212,4,158
03.19,4658,3286,4,160
03.20,4806,3351,4,148
03.21,4976,3477,5,170
03.22,5186,3606,5,210
03.23,5392,3758,5,206
03.24,5610,3947,5,218
03.25,5895,4044,5,285
03.26,6332,4150,5,437
03.27,6693,4237,5,361
03.28,7014,4341,6,321
03.29,7589,4711,6,575
03.30,7589,4835,6,0
03.31,8447,4920,8,858
04.01,8841,5070,8,394
04.02,8841,5070,8,0
04.03,9598,5379,10,757
04.04,9598,5379,10,0
04.05,10820,5931,12,1222
04.06,11651,6010,13,831
04.07,12226,6912,17,575
04.08,12226,6912,17,0
04.09,13494,8522,19,1268
04.10,14183,8875,20,689
04.11,15014,9159,22,831
04.12,15014,9159,22,0
04.13,16603,9887,27,1589
04.14,17823,10253,29,1220
04.15,18565,10638,31,742
04.16,19672,11044,37,1107
04.17,20655,11450,41,983
04.18,21995,11877,44,1340
04.19,22884,12401,49,889
04.20,24195,12860,51,1311
04.21,25364,13346,56,1169
04.22,26692,13772,61,1328
04.23,27956,14258,69,1264
04.24,29219,14745,74,1263
04.25,30483,15403,78,1264
04.26,31339,16815,80,856
04.27,31339,16815,80,0
04.28,32437,17543,88,1098
04.29,34623,18719,102,2186
04.30,35979,19642,110,1356
05.01,37285,20681,115,1306
05.02,38470,21707,117,1185
05.03,39381,22932,119,911
05.04,40396,24333,126,1015
05.05,41524,25641,130,1128
05.06,42464,27242,142,940
05.07,43201,28533,153,737
05.08,44016,29984,160,815
05.09,44820,31373,162,804
05.10,45459,32660,170,639
05.11,45936,34230,179,477
05.12,46448,35733,184,512
05.13,47033,37281,193,585
05.14,47548,38330,200,515
05.15,48101,39564,205,553
05.16,48642,40900,207,541
05.17,49175,41844,214,533
05.18,49524,42721,221,349
05.19,50099,43586,227,575
05.20,50618,44391,235,519
05.21,51247,45145,240,629
05.22,51931,45853,244,684
05.23,52470,46338,248,539
05.24,53100,46748,253,630
05.25,53734,47356,255,634
05.26,54414,48041,257,680
05.27,55067,48674,259,653
05.28,55852,48749,263,785
05.29,56621,49320,268,769
05.30,57512,49754,272,891
05.31,58439,50436,276,927
06.01,59229,50763,283,790
06.02,60372,51448,286,1143
06.03,61396,51983,288,1024
06.04,62585,52812,301,1189
06.05,63978,53595,307,1393
06.06,65266,53780,311,1288
06.07,66443,54081,313,1177
06.08,67710,54713,318,1267
06.09,69022,55157,324,1312
06.10,70482,55569,334,1460
06.11,72104,56253,342,1622
06.12,73896,56449,351,1792
06.13,76084,56947,365,2188
06.14,78347,57025,369,2263
06.15,80733,57822,380,2386
06.16,83128,58649,389,2395
06.17,85770,59220,400,2642
06.18,88516,61725,411,2746
06.19,91151,62472,425,2635
06.20,93551,63113,436,2400
06.21,95819,63468,447,2268
06.22,98050,64354,459,2231
06.23,100263,65543,469,2213
06.24,102629,66602,482,2366
06.25,104900,67579,493,2271
06.26,107262,68751,505,2362
06.27,109694,69958,518,2432
06.28,111505,70792,533,1811
06.29,113232,73007,548,1727
06.30,115478,76654,563,2246
07.01,117963,79256,578,2485
07.02,117963,79256,578,0
