,confirm,heal,dead,confirm_add
03.18,2,0,0,2
03.19,2,0,0,0
03.20,10,0,0,8
03.21,14,0,0,4
03.22,16,0,0,2
03.23,22,0,1,6
03.24,27,0,1,17
03.25,52,0,1,25
03.26,53,0,1,26
03.27,70,0,1,17
03.28,82,0,1,12
03.29,84,0,1,31
03.30,85,0,1,1
03.31,105,0,2,20
04.01,120,0,2,15
04.02,140,0,2,20
04.03,160,0,2,20
04.04,197,1,2,37
04.05,203,1,2,6
04.06,223,1,2,20
04.07,239,4,2,16
04.08,248,4,2,9
04.09,252,4,2,4
04.10,255,4,2,3
04.11,262,5,2,7
04.12,267,5,3,5
04.13,273,5,3,6
04.14,278,5,4,5
04.15,288,46,4,10
04.16,290,55,4,2
04.17,303,55,4,13
04.18,305,55,5,2
04.19,308,55,5,3
04.20,311,55,5,3
04.21,313,90,5,2
04.22,315,116,5,2
04.23,316,123,5,1
04.24,319,123,5,3
04.25,319,123,6,0
04.26,321,153,7,2
04.27,321,153,7,0
04.28,321,189,7,0
04.29,321,199,7,0
04.30,322,214,7,1
05.01,322,219,7,0
05.02,322,240,7,0
05.03,322,245,8,0
05.04,323,249,8,1
05.05,324,253,8,1
05.06,324,261,8,0
05.07,324,265,8,0
05.08,324,266,8,0
05.09,324,274,8,0
05.10,324,274,9,0
05.11,324,290,9,0
05.12,324,294,9,0
05.13,324,298,9,0
05.14,324,309,9,0
05.15,324,309,9,0
05.16,324,311,9,0
05.17,324,311,9,0
05.18,324,311,9,0
05.19,324,311,9,0
05.20,324,312,9,0
05.21,324,314,9,0
05.22,324,314,9,0
05.23,324,314,9,0
05.24,324,314,9,0
05.25,324,315,9,0
05.26,324,315,9,0
05.27,324,315,9,0
05.28,324,315,9,0
05.29,324,315,9,0
05.30,324,315,9,0
05.31,324,315,9,0
06.01,324,315,9,0
06.02,324,315,9,0
06.03,324,315,9,0
06.04,324,315,9,0
06.05,324,315,9,0
06.06,324,315,9,0
06.07,324,315,9,0
06.08,324,315,9,0
06.09,324,315,9,0
06.10,324,315,9,0
06.11,324,315,9,0
06.12,324,315,9,0
06.13,324,315,9,0
06.14,324,315,9,0
06.15,325,315,9,1
06.16,326,315,9,1
06.17,326,315,9,0
06.18,333,315,9,7
06.19,337,315,9,4
06.20,355,315,9,18
06.21,359,315,9,4
06.22,362,315,9,3
06.23,375,315,9,13
06.24,383,315,9,8
06.25,389,315,9,6
06.26,439,315,9,50
06.27,439,315,9,0
06.28,469,315,9,30
06.29,498,315,11,29
06.30,501,315,11,3
07.01,576,315,12,75
07.02,576,315,12,0
07.03,616,315,12,40
07.04,663,315,13,47
07.05,720,315,14,57
07.06,781,315,14,61
07.07,841,315,16,60
07.08,960,320,17,119
07.09,960,320,17,0
07.10,1019,320,19,59
07.11,1019,320,19,0
07.12,1164,325,23,145
07.13,1221,325,23,57
07.14,1287,330,24,66
07.15,1287,330,24,0
07.16,1287,330,24,0
07.17,1965,357,26,678
07.18,2072,378,30,107
07.19,2072,378,30,0
07.20,2188,385,32,116
07.21,2283,387,35,95
07.22,2381,426,35,98
07.23,2472,496,39,91
07.24,2569,538,40,97
07.25,2665,643,43,96
07.26,2747,664,43,82
07.27,2799,739,43,52
07.28,2893,809,45,94
07.29,2949,839,45,56
07.30,3016,931,47,67
07.31,3073,1005,48,57
08.01,3198,1293,50,125
08.02,3198,1293,50,0
08.03,3258,1445,51,60
08.04,3301,1445,52,43
08.05,3361,1869,53,60
08.06,3411,2032,57,50
08.07,3480,2178,60,69
08.08,3549,2296,61,69
08.09,3588,2407,62,39
08.10,3618,2452,64,30
08.11,3696,2521,68,78
08.12,3748,2558,71,52
08.13,3813,2638,73,65
08.14,3857,2680,73,44
08.15,3930,2752,73,73
08.16,3960,2830,75,30
08.17,4035,2910,77,75
08.18,4085,2986,80,50
08.19,4132,3035,80,47
08.20,4174,3127,80,42
08.21,4229,3186,81,55
08.22,4277,3281,82,48
08.23,4313,3333,84,36
08.24,4343,3356,84,30
08.25,4378,3420,84,35
08.26,4444,3480,87,66
08.27,4499,3558,88,55
08.28,4558,3606,89,59
08.29,4663,3731,92,105
08.30,4727,3839,93,64
08.31,4790,3963,98,63
09.01,4835,4021,100,45
09.02,4917,4058,102,82
09.03,5019,4104,104,102
09.04,5165,4164,104,146
09.05,5275,4203,106,110
09.06,5422,4224,107,147
09.07,5553,4231,108,131
09.08,5659,4272,109,106
09.09,5875,4312,112,216
09.10,6094,4350,114,219
09.11,6222,4393,114,128
09.12,6385,4460,115,163
09.13,6530,4491,118,145
09.14,6712,4507,120,182
09.15,6900,4589,121,188
09.16,7061,4692,123,161
09.17,7291,4764,126,230
09.18,7503,4892,129,212
09.19,7711,4997,133,208
09.20,7898,5129,134,187
09.21,8842,5425,138,944
09.22,8842,5425,138,0
09.23,9138,5544,146,296
09.24,9428,5728,151,290
09.25,9962,6177,155,534
09.26,10197,6368,158,235
09.27,10197,6368,158,0
09.28,10313,6456,158,116
09.29,10441,6720,163,128
09.30,10575,7002,164,134
10.01,10772,7192,169,197
10.02,10987,7397,170,215
10.03,11690,7618,172,703
10.04,11934,7803,174,244
10.05,12359,8308,182,425
10.06,12359,8308,182,0
10.07,12584,8557,188,225
10.08,12794,8907,190,210
10.09,13348,9326,194,554
10.10,13348,9326,194,0
10.11,13869,9620,202,521
10.12,14050,9920,211,181
10.13,14268,10063,213,218
10.14,14461,10201,217,193
10.15,14461,10201,217,0
10.16,14672,10355,221,211
10.17,15281,10569,228,609
10.18,15427,10768,231,146
10.19,15760,11288,240,333
10.20,15892,11581,247,132
10.21,15892,11581,247,0
10.22,16069,11815,250,177
10.23,16259,12093,253,190
10.24,16436,12378,255,177
10.25,16629,12601,263,193
10.26,16797,12775,266,168
10.27,16909,13016,270,112
10.28,17091,13251,275,182
10.29,17392,13485,282,301
10.30,17746,13727,290,354
10.31,18066,13942,294,320
11.01,18341,14084,301,275
11.02,18714,14216,313,373
11.03,19210,14456,320,496
11.04,19977,14635,322,767
11.05,20851,14887,326,874
11.06,21533,15115,328,682
11.07,22079,15294,328,546
11.08,22379,15544,333,300
11.09,22805,15893,337,426
11.10,23608,16089,342,803
11.11,24154,16378,349,546
11.12,24865,16542,356,711
11.13,25509,16788,364,644
11.14,26109,16904,377,600
11.15,26686,17151,385,577
11.16,27177,17387,391,491
11.17,27773,17862,396,596
11.18,28392,18121,405,619
11.19,29031,18410,414,639
11.20,29577,18744,420,546
11.21,30079,18907,429,502
11.22,30653,19129,434,574
11.23,31062,19491,439,409
11.24,31618,20031,444,556
11.25,32188,20627,450,570
11.26,32808,21229,459,620
11.27,33316,21721,469,508
11.28,33836,22366,474,520
11.29,34454,22796,481,618
11.30,34881,23484,487,427
12.01,35265,24131,499,384
12.02,35849,24637,504,584
12.03,36351,25409,510,502
12.04,36932,25866,516,581
12.05,37467,26414,522,535
12.06,37879,26809,530,412
12.07,38246,26999,533,367
12.08,38562,27651,543,316
12.09,39153,28052,549,591
12.10,39607,28461,556,454
12.11,40165,29054,566,558
12.12,40546,29462,569,381
12.13,40948,29614,578,402
12.14,41426,30493,582,478
12.15,41803,31138,585,377
12.16,42148,32097,597,345
12.17,42563,32550,610,415
12.18,42995,33049,614,432
12.19,43390,33491,620,395
12.20,43709,33788,624,319
12.21,43955,34082,626,246
12.22,44284,34569,630,329
12.23,44542,35149,637,258
12.24,45062,35482,639,520
12.25,45423,35809,648,361
12.26,45945,36120,652,522
12.27,46327,36373,658,382
12.28,46694,36993,666,367
12.29,46969,37281,675,275
12.30,47404,37900,677,435
12.31,47782,38367,681,378
01.01,48247,38580,682,465
01.02,48589,38780,684,342
01.03,48856,39014,684,267
01.04,49195,39347,689,339
01.05,49630,39877,692,435
01.06,50054,40369,699,424
01.07,50697,40638,705,643
01.08,51160,41191,712,463
01.09,51596,41516,718,436
01.10,51999,41827,721,403
01.11,52431,42288,725,432
01.12,52819,42569,729,388
01.13,53338,42995,730,519
01.14,53840,43475,737,502
01.15,54316,43940,740,476
01.16,54730,44388,741,414
01.17,55136,44856,743,406
01.18,55493,45348,745,357
01.19,55803,45898,746,310
01.20,56228,46506,749,425
01.21,56579,47233,758,351
01.22,56998,47974,762,419
01.23,57482,48571,765,484
01.24,57929,49150,766,447
01.25,58316,49637,768,387
01.26,58697,50221,770,381
01.27,59262,50754,777,565
01.28,59825,51387,783,563
01.29,60288,51954,790,463
01.30,60827,52574,800,539
01.31,61202,53143,802,375
02.01,61659,53527,805,457
02.02,61972,53991,811,313
02.03,62476,54529,818,504
02.04,63118,54897,825,642
02.05,64168,55753,831,1050
02.06,64168,55753,831,0
02.07,64739,56228,836,571
02.08,65227,56731,838,488
02.09,65657,57093,842,430
02.10,66234,57423,852,577
02.11,66857,57898,861,623
02.12,67441,58210,869,584
02.13,68004,58561,880,563
02.14,68476,59358,882,472
02.15,68921,59358,890,445
02.16,69294,59804,899,373
02.17,69770,60299,910,476
02.18,70174,60805,916,404
02.19,70658,61339,926,484
02.20,71112,61781,932,454
02.21,71593,62205,939,481
02.22,72395,63280,957,802
02.23,72395,63280,957,0
02.24,73612,64240,976,1217
02.25,74183,64737,987,571
02.26,74789,65251,994,606
02.27,75332,65780,999,543
02.28,75834,66226,1003,502
03.01,76283,66710,1015,449
03.02,76283,66710,1015,0
03.03,76868,67207,1023,585
03.04,77493,67687,1031,625
03.05,78060,68177,1039,567
03.06,78634,68683,1048,574
03.07,79237,69209,1059,603
03.08,79774,69645,1067,537
03.09,80191,70137,1085,417
03.10,80803,70648,1092,612
03.11,81457,71233,1100,654
03.12,82610,72490,1117,1153
03.13,82610,72490,1117,0
03.14,83165,72944,1122,555
03.15,83693,73611,1129,528
03.16,84163,74290,1136,470
03.17,84700,74852,1151,537
03.18,85253,75503,1169,553
03.19,85774,76200,1178,521
03.20,86282,76779,1184,508
03.21,86782,77327,1194,500
03.22,87212,77914,1199,430
03.23,87638,78351,1208,426
03.24,88116,78990,1220,478
03.25,88550,79634,1224,434
03.26,88991,80243,1230,441
03.27,89363,80835,1234,372
03.28,89732,81936,1245,369
03.29,90083,81936,1245,351
03.30,90083,81936,1245,0
03.31,91218,83498,1274,1135
04.01,91218,83498,1274,0
04.02,91906,84587,1296,688
04.03,92222,85153,1303,316
04.04,92222,85153,1303,0
04.05,92740,86029,1317,518
04.06,93030,86512,1326,290
04.07,93309,86945,1334,279
04.08,93566,87388,1345,257
04.09,93803,87768,1354,237
04.10,93803,87768,1354,0
04.11,94035,88144,1365,232
04.12,94419,88834,1381,384
04.13,94643,89235,1391,224
04.14,94643,89235,1391,0
04.15,95042,89965,1412,399
04.16,95205,90295,1421,163
04.17,95377,90608,1427,172
04.18,95377,90608,1427,0
04.19,95551,90903,1429,174
04.20,95695,91119,1438,144
04.21,95894,91403,1441,199
04.22,96048,91679,1444,154
04.23,96187,91905,1451,139
04.24,96348,92142,1457,161
04.25,96499,92377,1463,151
04.26,96779,92756,1473,280
04.27,96779,92756,1473,0
04.28,96930,92975,1478,151
04.29,97080,93188,1485,150
04.30,97257,93369,1492,177
05.01,97517,93701,1502,260
05.02,97619,93874,1505,102
05.03,97718,94016,1510,99
05.04,97718,94016,1510,0
05.05,97813,94216,1516,95
05.06,97930,94363,1521,117
05.07,98042,94495,1526,112
05.08,98142,94655,1533,100
05.09,98237,94803,1536,95
05.10,98303,94963,1540,66
05.11,98365,95070,1544,62
05.12,98449,95220,1545,84
05.13,98546,95368,1548,97
05.14,98619,95544,1551,73
05.15,98778,95801,1560,159
05.16,98778,95801,1560,0
05.17,98852,95902,1561,74
05.18,98898,95999,1562,46
05.19,98971,96097,1564,73
05.20,99031,96226,1566,60
05.21,99098,96340,1569,67
05.22,99153,96448,1572,55
05.23,99203,96543,1572,50
05.24,99291,96666,1574,88
05.25,99358,96750,1577,67
05.26,99425,96848,1578,67
05.27,99477,96926,1578,52
05.28,99477,96926,1578,0
05.29,99566,97090,1583,89
05.30,99566,97090,1583,0
05.31,99623,97207,1584,57
06.01,99623,97207,1584,0
06.02,99652,97282,1585,29
06.03,99717,97429,1587,65
06.04,99717,97429,1587,0
06.05,99758,97484,1591,41
06.06,99791,97533,1591,33
06.07,99812,97578,1592,21
06.08,99834,97621,1594,22
06.09,99848,97685,1596,14
06.10,99867,97751,1596,19
06.11,99890,97803,1596,23
06.12,99914,97844,1597,24
06.13,99928,97889,1598,14
06.14,99956,97930,1601,28
06.15,99964,97951,1602,8
06.16,99988,97980,1602,24
06.17,100001,98018,1603,13
06.18,100036,98104,1605,35
06.19,100036,98104,1605,0
06.20,100075,98167,1605,39
06.21,100075,98167,1605,0
06.22,100092,98189,1605,17
06.23,100104,98202,1606,12
06.24,100117,98221,1608,13
06.25,100131,98243,1609,14
06.26,100145,98266,1609,14
06.27,100168,98280,1609,23
06.28,100190,98308,1609,22
06.29,100204,98316,1609,14
06.30,100230,98340,1610,26
07.01,100252,98352,1613,22
07.02,100252,98352,1613,0
