,confirm,heal,dead,confirm_add
01.28,1,0,0,0
01.29,1,0,0,0
01.30,1,0,0,0
01.31,1,0,0,0
02.01,1,0,0,0
02.02,1,0,0,0
02.03,1,0,0,0
02.04,1,0,0,0
02.05,1,0,0,0
02.06,1,0,0,0
02.07,1,0,0,0
02.08,1,0,0,0
02.09,1,0,0,0
02.10,1,0,0,0
02.11,1,0,0,0
02.12,1,0,0,0
02.13,1,0,0,0
02.14,1,0,0,0
02.15,1,0,0,0
02.16,1,0,0,0
02.17,1,0,0,0
02.18,1,1,0,0
02.19,1,1,0,0
02.20,1,1,0,0
02.21,1,1,0,0
02.22,1,1,0,0
02.23,1,1,0,0
02.24,1,1,0,0
02.25,1,1,0,0
02.26,1,1,0,0
02.27,1,1,0,0
02.28,1,1,0,0
03.01,1,1,0,0
03.02,1,1,0,0
03.03,1,1,0,0
03.04,1,1,0,0
03.05,1,1,0,0
03.06,1,1,0,0
03.07,1,1,0,0
03.08,1,1,0,0
03.09,1,1,0,0
03.10,1,1,0,0
03.11,1,1,0,0
03.12,1,1,0,0
03.13,1,1,0,0
03.14,1,1,0,0
03.15,1,1,0,0
03.16,1,1,0,0
03.17,1,1,0,0
03.18,1,1,0,0
03.19,1,1,0,0
03.20,1,1,0,0
03.21,1,1,0,0
03.22,2,1,0,1
03.23,2,1,0,1
03.24,4,1,0,2
03.25,5,1,0,1
03.26,3,1,0,-2
03.27,4,1,0,1
03.28,5,1,0,1
03.29,5,1,0,0
03.30,5,1,0,0
03.31,5,1,0,0
04.01,5,1,0,0
04.02,6,1,0,1
04.03,6,1,0,0
04.04,9,1,0,3
04.05,9,1,0,0
04.06,9,1,0,0
04.07,9,1,0,0
04.08,9,1,0,0
04.09,9,1,0,0
04.10,9,1,0,0
04.11,9,1,0,0
04.12,12,1,0,3
04.13,14,1,0,2
04.14,16,1,0,2
04.15,16,1,0,0
04.16,16,2,0,0
04.17,30,2,0,14
04.18,31,2,0,1
04.19,31,4,0,0
04.20,31,4,0,0
04.21,43,4,0,12
04.22,45,7,0,2
04.23,47,9,0,2
04.24,48,10,0,1
04.25,49,12,0,1
04.26,52,16,0,3
04.27,52,16,0,0
04.28,54,16,0,2
04.29,57,16,0,3
04.30,57,16,0,0
05.01,59,16,0,2
05.02,59,16,0,0
05.03,59,16,0,0
05.04,75,16,0,16
05.05,82,16,0,7
05.06,99,22,0,17
05.07,99,22,0,0
05.08,102,30,0,3
05.09,109,31,0,7
05.10,110,31,0,1
05.11,134,33,0,24
05.12,191,33,0,57
05.13,243,35,0,52
05.14,246,35,0,3
05.15,267,36,0,21
05.16,278,36,0,11
05.17,295,36,2,17
05.18,357,36,2,62
05.19,402,37,2,45
05.20,427,45,2,25
05.21,453,49,3,26
05.22,507,70,3,54
05.23,584,70,3,77
05.24,603,87,3,19
05.25,682,112,4,79
05.26,772,155,4,90
05.27,886,183,4,114
05.28,1042,187,5,156
05.29,1212,206,6,170
05.30,1401,219,6,189
05.31,1567,220,8,166
06.01,1811,221,8,244
06.02,2099,266,8,288
06.03,2099,266,8,0
06.04,2634,290,10,535
06.05,2912,333,11,278
06.06,3235,365,13,323
06.07,3448,467,13,213
06.08,3762,488,14,314
06.09,4086,584,15,324
06.10,4086,584,15,0
06.11,4614,861,15,528
06.12,5062,877,16,448
06.13,5335,913,18,273
06.14,5760,974,19,425
06.15,6211,1041,19,451
06.16,6591,1158,19,380
06.17,7177,1167,20,586
06.18,7848,1186,22,671
06.19,8274,1402,22,426
06.20,8605,1578,22,331
06.21,9026,1772,23,421
06.22,9561,2148,23,535
06.23,10099,2224,24,538
06.24,10728,2338,24,629
06.25,11162,2650,26,434
06.26,11755,2698,27,593
06.27,12309,2834,28,554
06.28,12772,3013,28,463
06.29,13248,3134,29,476
06.30,13564,3194,29,316
07.01,14046,4656,30,482
07.02,14519,5320,31,473
07.03,15259,6143,32,740
07.04,15491,6415,34,232
07.05,15784,6547,34,293
07.06,15964,6811,35,180
07.07,16168,7499,35,204
07.08,16423,7752,35,255
07.09,16531,7891,35,108
07.10,16649,8011,35,118
07.11,16719,8442,38,70
07.12,16801,8589,38,82
07.13,16945,10294,38,144
07.14,17061,10328,38,116
07.15,17177,11025,39,116
07.16,17344,11249,39,167
07.17,17445,11534,40,101
07.18,17502,11637,40,57
07.19,17658,11695,40,156
07.20,17844,11868,40,186
07.21,17994,12477,40,150
07.22,18094,12684,42,100
07.23,18241,12840,43,147
07.24,18374,12947,44,133
07.25,18483,13053,45,109
07.26,18613,13128,45,130
07.27,18752,13754,48,139
07.28,19063,13875,49,311
07.29,19273,14021,49,210
07.30,19547,14248,52,274
07.31,19771,14399,56,224
08.01,20086,14492,56,315
08.02,20332,14603,57,246
08.03,20750,14961,57,418
08.04,21009,15026,58,259
08.05,21390,15156,60,381
08.06,21750,15389,65,360
08.07,22214,15814,70,464
08.08,22592,16313,73,378
08.09,22972,16353,75,380
08.10,23310,16493,79,338
08.11,23948,16664,83,638
08.12,24432,16728,91,484
08.13,24957,16837,95,525
08.14,25551,17077,99,594
08.15,26019,17201,102,468
08.16,26660,17335,104,641
08.17,27241,17495,107,581
08.18,28257,17580,114,1016
08.19,28938,17700,120,681
08.20,29645,17964,126,707
08.21,30483,18214,137,838
08.22,31117,18350,146,634
08.23,31935,18631,149,818
08.24,32678,18806,157,743
08.25,33533,19119,164,855
08.26,34418,19504,175,885
08.27,35529,20073,183,1111
08.28,36456,20242,195,927
08.29,37340,20555,207,884
08.30,38561,20822,221,1221
08.31,39460,21410,228,899
09.01,40529,22178,239,1069
09.02,41649,23290,251,1120
09.03,42877,24207,257,1228
09.04,44236,25561,271,1359
09.05,45277,27127,280,1041
09.06,46257,28941,289,980
09.07,47236,30677,300,979
09.08,48138,32964,306,902
09.09,49219,33882,312,1081
09.10,50465,35700,317,1246
09.11,51919,36672,322,1454
09.12,53120,37524,336,1201
09.13,54159,38697,345,1039
09.14,54159,38697,345,0
09.15,56788,40638,371,2629
09.16,58327,41706,379,1539
09.17,59573,42949,383,1246
09.18,61593,43820,390,2020
09.19,62797,45267,401,1204
09.20,64122,46233,411,1325
09.21,65276,47238,427,1154
09.22,66632,48061,429,1356
09.23,67804,49954,436,1172
09.24,69301,50411,453,1497
09.25,70614,51866,459,1313
09.26,71821,53013,467,1207
09.27,73394,53898,477,1573
09.28,74745,54640,481,1351
09.29,76258,55371,491,1513
09.30,77817,56428,498,1559
10.01,79728,57389,509,1911
10.02,82450,60696,520,2722
10.03,84570,62740,528,2120
10.04,86823,64069,535,2253
10.05,89263,65202,554,2440
10.06,90814,67542,563,1551
10.07,94253,68668,578,3439
10.08,98617,71343,590,4364
10.09,100676,73023,600,2059
10.10,105684,74252,614,5008
10.11,107755,75804,636,2071
10.12,111802,77277,645,4047
10.13,115358,78780,663,3556
10.14,117996,80954,675,2638
10.15,121745,84518,694,3749
10.16,126137,88040,715,4392
10.17,129304,89840,727,3167
10.18,132246,92166,739,2942
10.19,136036,94501,757,3790
10.20,139129,96609,765,3093
10.21,144872,99605,791,5743
10.22,148509,102820,812,3637
10.23,153008,105488,829,4499
10.24,155233,108334,842,2225
10.25,158089,111670,847,2856
10.26,159830,115675,862,1741
10.27,160400,118843,876,570
10.28,162354,121824,887,1954
10.29,164718,124862,904,2364
10.30,168235,128958,920,3517
10.31,170743,131222,937,2508
11.01,173567,134842,960,2824
11.02,176500,137992,984,2933
11.03,179614,141134,1004,3114
11.04,182923,144978,1034,3309
11.05,185974,148408,1052,3051
11.06,188883,152908,1070,2909
11.07,191636,155114,1087,2753
11.08,194453,157926,1108,2817
11.09,197024,159724,1126,2571
11.10,197024,159724,1126,0
11.11,199760,160577,1148,2736
11.12,204242,164592,1189,4482
11.13,206353,168129,1202,2111
11.14,208299,170632,1215,1946
11.15,209776,173430,1221,1477
11.16,210973,176364,1230,1197
11.17,211475,179242,1247,502
11.18,212917,182780,1259,1442
11.19,215020,185638,1276,2103
11.20,216965,191002,1298,1945
11.21,218639,193325,1305,1674
11.22,220308,199024,1321,1669
11.23,222288,202067,1337,1980
11.24,224078,204858,1361,1790
11.25,226026,207998,1389,1948
11.26,227640,209435,1412,1614
11.27,229343,209435,1435,1703
11.28,230723,211186,1454,1380
11.29,231978,212590,1479,1255
11.30,233452,214521,1508,1474
12.01,233452,216594,1529,0
12.02,236246,218161,1538,2794
12.03,237589,220272,1551,1343
12.04,238861,221847,1567,1272
12.05,239885,224053,1577,1024
12.06,240981,225805,1594,1096
12.07,241995,227433,1614,1014
12.08,243377,229054,1637,1382
12.09,244433,230537,1651,1056
12.10,245650,231601,1663,1217
12.11,246694,232872,1674,1044
12.12,247593,234231,1689,899
12.13,248423,235731,1698,830
12.14,249244,236573,1716,821
12.15,250180,238569,1730,936
12.16,250916,238569,1743,736
12.17,251692,240363,1749,776
12.18,252474,241392,1765,782
12.19,253184,242567,1777,710
12.20,253772,243664,1788,588
12.21,254514,244743,1795,742
12.22,255236,245709,1798,722
12.23,255979,246661,1803,743
12.24,256592,247400,1808,613
12.25,257200,248292,1816,608
12.26,257700,249132,1819,500
12.27,258181,249863,1825,481
12.28,258840,250581,1832,659
12.29,259548,251312,1840,708
12.30,260059,251912,1847,511
12.31,260593,252359,1856,534
01.01,261019,253107,1864,426
01.02,261438,253857,1870,419
01.03,261859,254494,1878,421
01.04,262262,255088,1885,403
01.05,262784,255666,1893,522
01.06,263193,256161,1899,409
01.07,263605,256644,1903,412
01.08,264159,257229,1909,554
01.09,264521,257928,1912,362
01.10,264780,258441,1917,259
01.11,265268,258968,1927,488
01.12,265698,259358,1932,430
01.13,266143,259772,1937,445
01.14,266546,260177,1943,403
01.15,266816,260567,1948,270
01.16,267056,261044,1954,240
01.17,267322,261444,1959,266
01.18,267644,261818,1965,322
01.19,267992,262259,1969,348
01.20,268310,262642,1975,318
01.21,268646,262868,1979,336
01.22,268948,263348,1986,302
01.23,269180,263734,1994,232
01.24,269450,264137,2001,270
01.25,269789,264538,2011,339
01.26,270092,264823,2017,303
01.27,270375,265069,2020,283
01.28,270375,265069,2020,0
01.29,270745,265698,2025,370
01.30,270854,266048,2027,109
01.31,270959,266336,2029,105
02.01,271118,266600,2029,159
02.02,271289,266859,2030,171
02.03,271431,267065,2031,142
02.04,271602,267292,2033,171
02.05,271707,267564,2035,105
02.06,271806,267812,2035,99
02.07,271806,267812,2035,0
02.08,272055,268266,2045,249
02.09,272215,268431,2047,160
02.10,272349,268549,2047,134
02.11,272430,268660,2052,81
02.12,272557,268796,2054,127
02.13,272614,268929,2054,57
02.14,272614,268929,2054,0
02.15,272840,269204,2055,226
02.16,272945,269303,2055,105
02.17,273070,269394,2055,125
02.18,273166,269505,2058,96
02.19,273263,269619,2061,97
02.20,273351,269755,2061,88
02.21,273431,269876,2061,80
02.22,273556,269966,2061,125
02.23,273666,270068,2065,110
02.24,273760,270139,2066,94
02.25,273760,270139,2684,0
02.26,273872,270223,2685,112
02.27,274065,270325,2773,193
02.28,274143,270407,2774,78
03.01,274216,270471,2777,73
03.02,274294,270543,2777,78
03.03,274294,270543,2777,0
03.04,274381,270605,2778,87
03.05,274488,270683,2778,107
03.06,274655,270828,3010,167
03.07,274721,270886,3010,66
03.08,274810,270927,3011,89
03.09,274869,270987,3012,59
03.10,274973,271050,3012,104
03.11,275070,271116,3012,97
03.12,275070,271116,3012,0
03.13,275178,271249,3014,108
03.14,275231,271326,3014,53
03.15,275310,271401,3014,79
03.16,275424,271495,3014,114
03.17,275518,271550,3014,94
03.18,275625,271610,3015,107
03.19,275750,271733,3016,125
03.20,275829,271815,3016,79
03.21,275906,271921,3016,77
03.22,276056,272020,3019,150
03.23,276244,272097,3019,188
03.24,276389,272187,3020,145
03.25,276509,272272,3020,120
03.26,276665,272342,3024,156
03.27,276750,272435,3027,85
03.28,276839,272530,3027,89
03.29,276839,272530,3027,0
03.30,277147,272727,3030,308
03.31,277309,272786,3030,162
04.01,277461,272851,3031,152
04.02,277640,272962,3031,179
04.03,277768,273123,3032,128
04.04,277944,273240,3032,176
04.05,278210,273342,3036,266
04.06,278470,273455,3036,260
04.07,278768,273529,3038,298
04.08,279100,273608,3038,332
04.09,279388,273735,3038,288
04.10,279388,273735,3038,0
04.11,280028,274027,3040,640
04.12,280524,274165,3053,496
04.13,280984,274318,3058,460
04.14,281564,274447,3061,580
04.15,282054,274604,3066,490
04.16,282890,274812,3070,836
04.17,283658,275038,3075,768
04.18,284673,275300,3083,1015
04.19,285900,275555,3091,1227
04.20,287567,275806,3102,1667
04.21,289787,276093,3112,2220
04.22,292152,276345,3117,2365
04.23,294601,276755,3122,2449
04.24,297087,277123,3136,2486
04.25,300119,277573,3164,3032
04.26,303561,277951,3176,3442
04.27,307925,278506,3194,4364
04.28,312699,279279,3211,4774
04.29,317530,280167,3246,4831
04.30,323187,281095,3279,5657
05.01,328893,282382,3298,5706
05.02,336030,283994,3325,7137
05.03,343418,286015,3362,7388
05.04,351005,287790,3417,7587
05.05,359610,289783,3475,8605
05.06,368580,292490,3529,8970
05.07,377603,295395,3579,9023
05.08,385890,298765,3632,8287
05.09,394667,302787,3720,8777
05.10,403794,306794,3859,9127
05.11,413111,312019,4084,9317
05.12,422349,316463,4252,9238
05.13,431191,321518,4466,8842
05.14,439658,327653,4669,8467
05.15,447704,333108,4856,8046
05.16,455020,339756,5001,7316
05.17,464218,345523,5215,9198
05.18,472354,352414,5411,8136
05.19,480418,360403,5657,8064
05.20,488645,366946,5847,8227
05.21,497052,374836,6024,8407
05.22,505643,383684,6153,8591
05.23,513241,391348,6346,7598
05.24,520461,398483,6531,7220
05.25,528848,404887,6700,8387
05.26,535525,411603,6845,6677
05.27,542256,418829,6951,6731
05.28,549111,428670,7047,6855
05.29,553422,434750,7163,4311
05.30,557124,440955,7272,3702
05.31,561302,447446,7386,4178
06.01,566587,454344,7454,5285
06.02,571111,461563,7555,4524
06.03,576936,467467,7630,5825
06.04,581560,476130,7731,4624
06.05,585100,484373,7799,3540
06.06,588124,491009,7898,3024
06.07,591494,497960,7990,3370
06.08,595364,504530,8098,3870
06.09,598813,510298,8179,3449
06.10,601687,515591,8238,2874
06.11,604396,520816,8305,2709
06.12,606778,527111,8366,2382
06.13,608472,531105,8412,1694
06.14,610521,536252,8465,2049
06.15,612202,540439,8506,1681
06.16,614216,543521,8558,2014
06.17,615984,545662,8597,1768
06.18,617947,549682,8641,1963
06.19,619635,553342,8675,1688
06.20,621056,556798,8726,1421
06.21,622640,559928,8772,1584
06.22,626343,564882,8813,3703
06.23,627854,568440,8894,1511
06.24,629431,570958,8918,1577
06.25,631152,576413,8945,1721
06.26,632326,581327,8975,1174
06.27,633679,584334,9009,1353
06.28,635188,588187,9051,1509
06.29,636916,592535,9071,1728
06.30,638805,596132,9112,1889
07.01,640662,600149,9145,1857
07.02,640662,600149,9145,0
