,confirm,heal,dead,confirm_add
02.28,1,0,0,1
03.01,1,0,0,0
03.02,1,0,0,0
03.03,1,0,0,0
03.04,2,0,0,1
03.05,3,0,0,1
03.06,4,0,0,1
03.07,5,0,0,1
03.08,5,0,0,0
03.09,5,0,0,0
03.10,5,0,0,0
03.11,5,0,0,0
03.12,5,0,0,0
03.13,5,0,0,0
03.14,6,0,0,1
03.15,8,0,0,2
03.16,8,0,0,0
03.17,11,0,0,3
03.18,20,0,0,8
03.19,28,0,0,8
03.20,39,0,0,11
03.21,53,0,0,14
03.22,66,0,0,13
03.23,102,0,0,36
03.24,142,12,0,40
03.25,205,12,0,63
03.26,278,12,0,73
03.27,368,37,0,90
03.28,451,50,0,83
03.29,514,50,0,63
03.30,589,56,1,75
03.31,647,74,1,58
04.01,708,83,1,61
04.02,797,92,1,89
04.03,868,103,1,71
04.04,950,127,1,82
04.05,1039,156,1,89
04.06,1106,176,1,67
04.07,1160,241,1,54
04.08,1210,282,1,50
04.09,1239,317,1,29
04.10,1283,373,2,44
04.11,1312,422,4,29
04.12,1330,471,4,18
04.13,1349,546,5,19
04.14,1366,628,9,17
04.15,1386,728,9,20
04.16,1401,770,9,15
04.17,1409,816,11,8
04.18,1422,867,11,13
04.19,1431,912,12,9
04.20,1440,974,12,9
04.21,1445,1006,13,5
04.22,1451,1036,14,6
04.23,1451,1065,16,0
04.24,1456,1095,17,5
04.25,1461,1118,18,5
04.26,1470,1142,18,9
04.27,1469,1180,19,-1
04.28,1472,1214,19,3
04.29,1474,1229,19,2
04.30,1476,1241,19,2
05.01,1479,1252,19,3
05.02,1485,1263,20,6
05.03,1485,1263,20,0
05.04,1487,1276,20,2
05.05,1486,1302,20,-1
05.06,1488,1316,21,2
05.07,1489,1332,21,1
05.08,1490,1347,21,1
05.09,1492,1368,21,2
05.10,1494,1371,21,2
05.11,1497,1386,21,3
05.12,1497,1398,21,0
05.13,1497,1402,21,0
05.14,1497,1411,21,0
05.15,1498,1421,21,1
05.16,1498,1428,21,0
05.17,1499,1433,21,1
05.18,1499,1433,21,0
05.19,1503,1442,21,4
05.20,1503,1447,21,0
05.21,1503,1452,21,0
05.22,1504,1455,21,1
05.23,1504,1455,21,0
05.24,1504,1456,21,0
05.25,1504,1456,21,0
05.26,1504,1461,21,0
05.27,1504,1462,21,0
05.28,1504,1474,22,0
05.29,1504,1481,22,0
05.30,1504,1481,22,0
05.31,1504,1481,22,0
06.01,1504,1481,22,0
06.02,1504,1481,22,0
06.03,1504,1481,22,0
06.04,1504,1481,22,0
06.05,1504,1481,22,0
06.06,1504,1481,22,0
06.07,1504,1481,22,0
06.08,1504,1482,22,0
06.09,1504,1482,22,0
06.10,1504,1482,22,0
06.11,1504,1482,22,0
06.12,1504,1482,22,0
06.13,1504,1482,22,0
06.14,1504,1482,22,0
06.15,1504,1482,22,0
06.16,1506,1482,22,2
06.17,1506,1482,22,0
06.18,1507,1482,22,1
06.19,1507,1482,22,0
06.20,1509,1482,22,2
06.21,1511,1482,22,2
06.22,1513,1482,22,2
06.23,1515,1483,22,2
06.24,1516,1483,22,1
06.25,1519,1484,22,3
06.26,1520,1484,22,1
06.27,1522,1484,22,2
06.28,1526,1484,22,4
06.29,1528,1484,22,2
06.30,1528,1484,22,0
07.01,1528,1484,22,0
07.02,1530,1490,22,2
07.03,1530,1490,22,0
07.04,1530,1490,22,0
07.05,1533,1490,22,3
07.06,1534,1490,22,1
07.07,1536,1492,22,2
07.08,1537,1492,22,1
07.09,1540,1494,22,3
07.10,1542,1497,22,2
07.11,1543,1497,22,1
07.12,1544,1497,22,1
07.13,1544,1497,22,0
07.14,1545,1498,22,1
07.15,1547,1498,22,2
07.16,1548,1499,22,1
07.17,1549,1506,22,1
07.18,1550,1506,22,1
07.19,1553,1506,22,3
07.20,1554,1506,22,1
07.21,1555,1506,22,1
07.22,1555,1506,22,0
07.23,1555,1511,22,0
07.24,1556,1513,22,1
07.25,1556,1513,22,0
07.26,1556,1513,22,0
07.27,1556,1513,22,0
07.28,1557,1514,22,1
07.29,1559,1514,22,2
07.30,1560,1514,22,1
07.31,1560,1518,22,0
08.01,1562,1518,22,2
08.02,1565,1518,22,3
08.03,1567,1518,22,2
08.04,1567,1523,22,0
08.05,1569,1523,22,2
08.06,1569,1524,22,0
08.07,1569,1524,22,0
08.08,1569,1524,22,0
08.09,1569,1524,22,0
08.10,1569,1526,22,0
08.11,1570,1526,22,1
08.12,1579,1531,22,9
08.13,1589,1531,22,10
08.14,1602,1531,22,13
08.15,1609,1531,22,7
08.16,1622,1531,22,13
08.17,1631,1531,22,9
08.18,1643,1531,22,12
08.19,1649,1531,22,6
08.20,1654,1531,22,5
08.21,1665,1538,22,11
08.22,1671,1538,22,6
08.23,1674,1538,22,3
08.24,1683,1538,22,9
08.25,1690,1539,22,7
08.26,1695,1539,22,5
08.27,1702,1554,22,7
08.28,1714,1561,22,12
08.29,1727,1568,22,13
08.30,1729,1570,22,2
08.31,1738,1585,22,9
09.01,1752,1598,22,14
09.02,1757,1606,22,5
09.03,1759,1622,22,2
09.04,1764,1630,23,5
09.05,1767,1631,24,3
09.06,1772,1632,24,5
09.07,1776,1634,24,4
09.08,1782,1635,24,6
09.09,1788,1639,24,6
09.10,1792,1648,24,4
09.11,1793,1655,24,1
09.12,1795,1663,24,2
09.13,1797,1676,24,2
09.14,1798,1678,24,1
09.15,1801,1694,24,3
09.16,1802,1698,25,1
09.17,1809,1707,25,7
09.18,1809,1714,25,0
09.19,1811,1719,25,2
09.20,1815,1719,25,4
09.21,1815,1728,25,0
09.22,1815,1729,25,0
09.23,1824,1737,25,9
09.24,1827,1737,25,3
09.25,1829,1744,25,2
09.26,1831,1745,25,2
09.27,1833,1749,25,2
09.28,1833,1753,25,0
09.29,1835,1755,25,2
09.30,1836,1767,25,1
10.01,1848,1770,25,12
10.02,1848,1780,25,0
10.03,1849,1783,25,1
10.04,1854,1788,25,5
10.05,1855,1790,25,1
10.06,1858,1790,25,3
10.07,1861,1799,25,3
10.08,1864,1800,25,3
10.09,1866,1800,25,2
10.10,1870,1801,25,4
10.11,1871,1801,25,1
10.12,1871,1801,25,0
10.13,1872,1808,25,1
10.14,1874,1809,25,2
10.15,1876,1809,25,2
10.16,1880,1809,25,4
10.17,1883,1818,25,3
10.18,1886,1819,25,3
10.19,1886,1824,25,0
10.20,1887,1829,25,1
10.21,1912,1831,25,25
10.22,1914,1831,25,2
10.23,1923,1832,25,9
10.24,1934,1835,25,11
10.25,1935,1840,25,1
10.26,1940,1841,25,5
10.27,1941,1848,25,1
10.28,1943,1852,25,2
10.29,1949,1854,25,6
10.30,1950,1857,25,1
10.31,1957,1857,25,7
11.01,1959,1857,25,2
11.02,1963,1857,25,4
11.03,1968,1868,25,5
11.04,1971,1873,25,3
11.05,1973,1881,25,2
11.06,1974,1905,25,1
11.07,1976,1908,25,2
11.08,1982,1909,25,6
11.09,1986,1910,25,4
11.10,1987,1910,25,1
11.11,1988,1911,25,1
11.12,1991,1913,25,3
11.13,1995,1917,25,4
11.14,1998,1918,25,3
11.15,2001,1918,25,3
11.16,2001,1918,25,0
11.17,2005,1919,25,4
11.18,2008,1919,25,3
11.19,2010,1948,25,2
11.20,2013,1948,25,3
11.21,2019,1952,25,6
11.22,2028,1953,25,9
11.23,2030,1953,25,2
11.24,2031,1953,25,1
11.25,2039,1955,25,8
11.26,2040,1955,25,1
11.27,2047,1956,25,7
11.28,2050,1956,25,3
11.29,2050,1956,25,0
11.30,2056,1959,25,6
12.01,2059,1962,25,3
12.02,2060,1963,25,1
12.03,2069,1974,25,9
12.04,2069,1983,25,0
12.05,2078,1994,25,9
12.06,2078,1997,25,0
12.07,2079,1998,25,1
12.08,2085,2006,25,6
12.09,2088,2008,25,3
12.10,2088,2008,25,0
12.11,2092,2010,25,4
12.12,2092,2010,25,0
12.13,2096,2015,25,4
12.14,2096,2015,25,0
12.15,2096,2015,25,0
12.16,2100,2032,25,4
12.17,2100,2032,25,0
12.18,2110,2034,25,10
12.19,2110,2034,25,0
12.20,2116,2036,25,6
12.21,2121,2037,25,5
12.22,2121,2037,25,0
12.23,2128,2054,25,7
12.24,2128,2054,25,0
12.25,2128,2054,25,0
12.26,2128,2054,25,0
12.27,2144,2069,25,16
12.28,2144,2069,25,0
12.29,2151,2077,25,7
12.30,2151,2077,25,0
12.31,2162,2082,25,11
01.01,2162,2082,25,0
01.02,2162,2082,25,0
01.03,2181,2084,25,19
01.04,2181,2084,25,0
01.05,2186,2100,25,5
01.06,2186,2100,25,0
01.07,2188,2101,25,2
01.08,2188,2101,25,0
01.09,2188,2101,25,0
01.10,2219,2119,25,31
01.11,2222,2120,25,3
01.12,2222,2120,25,0
01.13,2228,2141,25,6
01.14,2228,2141,25,0
01.15,2246,2145,25,18
01.16,2246,2145,25,0
01.17,2256,2149,25,10
01.18,2262,2152,25,6
01.19,2262,2152,25,0
01.20,2267,2166,25,5
01.21,2267,2166,25,0
01.22,2276,2178,25,9
01.23,2276,2178,25,0
01.24,2283,2179,25,7
01.25,2288,2199,25,5
01.26,2290,2200,25,2
01.27,2295,2201,25,5
01.28,2299,2205,25,4
01.29,2305,2208,25,6
01.30,2303,2207,25,-2
01.31,2304,2208,25,1
02.01,2304,2208,25,0
02.02,2307,2210,25,3
02.03,2308,2222,25,1
02.04,2313,2228,25,5
02.05,2315,2228,25,2
02.06,2315,2228,25,0
02.07,2320,2229,25,5
02.08,2320,2229,25,0
02.09,2322,2230,25,2
02.10,2324,2240,25,2
02.11,2324,2245,25,0
02.12,2326,2257,25,2
02.13,2328,2258,25,2
02.14,2330,2258,25,2
02.15,2336,2264,25,6
02.16,2337,2265,26,1
02.17,2340,2265,26,3
02.18,2344,2272,26,4
02.19,2348,2272,26,4
02.20,2350,2273,26,2
02.21,2350,2273,26,0
02.22,2357,2277,26,7
02.23,2363,2277,26,6
02.24,2365,2277,26,2
02.25,2368,2277,26,3
02.26,2371,2278,26,3
02.27,2372,2280,26,1
02.28,2376,2285,26,4
03.01,2378,2285,26,2
03.02,2382,2287,26,4
03.03,2384,2296,26,2
03.04,2389,2295,26,5
03.05,2389,2295,26,0
03.06,2398,2301,26,9
03.07,2399,2301,26,1
03.08,2405,2301,26,6
03.09,2409,2304,26,4
03.10,2410,2304,26,1
03.11,2416,2305,26,6
03.12,2417,2305,26,1
03.13,2422,2308,26,5
03.14,2423,2310,26,1
03.15,2430,2311,26,7
03.16,2432,2311,26,2
03.17,2434,2311,26,2
03.18,2434,2311,26,0
03.19,2444,2363,26,10
03.20,2444,2363,26,0
03.21,2453,2369,26,9
03.22,2462,2373,26,9
03.23,2462,2373,26,0
03.24,2470,2377,26,8
03.25,2476,2379,26,6
03.26,2479,2379,26,3
03.27,2481,2381,26,2
03.28,2482,2381,26,1
03.29,2493,2381,26,11
03.30,2493,2381,26,0
03.31,2493,2381,26,0
04.01,2501,2408,26,8
04.02,2501,2408,26,0
04.03,2501,2408,26,0
04.04,2507,2420,26,6
04.05,2507,2420,26,0
04.06,2524,2424,26,17
04.07,2531,2424,26,7
04.08,2555,2434,26,24
04.09,2561,2440,26,6
04.10,2571,2440,26,10
04.11,2574,2440,26,3
04.12,2583,2457,26,9
04.13,2587,2459,26,4
04.14,2589,2462,26,2
04.15,2591,2464,26,2
04.16,2591,2464,26,0
04.17,2591,2464,26,0
04.18,2595,2467,26,4
04.19,2596,2468,26,1
04.20,2597,2485,26,1
04.21,2599,2490,26,2
04.22,2600,2494,26,1
04.23,2600,2542,26,0
04.24,2601,2542,26,1
04.25,2601,2542,26,0
04.26,2601,2542,26,0
04.27,2609,2547,26,8
04.28,2610,2557,26,1
04.29,2613,2564,26,3
04.30,2613,2564,26,0
05.01,2613,2564,26,0
05.02,2618,2568,26,5
05.03,2622,2571,26,4
05.04,2623,2573,26,1
05.05,2629,2578,26,6
05.06,2633,2579,26,4
05.07,2634,2582,26,1
05.08,2640,2589,26,6
05.09,2642,2589,26,2
05.10,2644,2591,26,2
05.11,2643,2591,26,-1
05.12,2643,2591,26,0
05.13,2644,2600,26,1
05.14,2645,2601,26,1
05.15,2645,2601,26,0
05.16,2646,2601,26,1
05.17,2651,2607,26,5
05.18,2653,2608,26,2
05.19,2658,2608,26,5
05.20,2659,2609,26,1
05.21,2662,2613,26,3
05.22,2662,2613,26,0
05.23,2668,2615,26,6
05.24,2668,2615,26,0
05.25,2669,2621,26,1
05.26,2669,2621,26,0
05.27,2670,2623,26,1
05.28,2670,2623,26,0
05.29,2670,2623,26,0
05.30,2672,2630,26,2
05.31,2673,2630,26,1
06.01,2673,2634,26,0
06.02,2679,2635,26,6
06.03,2681,2638,26,2
06.04,2682,2639,26,1
06.05,2682,2639,26,0
06.06,2682,2639,26,0
06.07,2682,2639,26,0
06.08,2692,2644,26,10
06.09,2696,2646,26,4
06.10,2697,2647,26,1
06.11,2702,2647,26,5
06.12,2702,2647,26,0
06.13,2708,2655,26,6
06.14,2709,2656,26,1
06.15,2709,2656,26,0
06.16,2711,2662,26,2
06.17,2713,2663,26,2
06.18,2715,2665,26,2
06.19,2715,2665,26,0
06.20,2719,2670,26,4
06.21,2721,2671,26,2
06.22,2721,2671,26,0
06.23,2724,2673,26,3
06.24,2724,2673,26,0
06.25,2726,2680,26,2
06.26,2730,2682,26,4
06.27,2730,2682,26,0
06.28,2739,2684,26,9
06.29,2742,2685,26,3
06.30,2743,2685,26,1
07.01,2743,2685,26,0
07.02,2743,2685,26,0
