,confirm,heal,dead,confirm_add
02.27,1,0,0,1
02.28,4,0,0,3
02.29,7,0,0,3
03.01,17,0,0,10
03.02,19,0,0,2
03.03,32,0,0,13
03.04,34,0,0,2
03.05,56,0,0,22
03.06,86,0,0,30
03.07,113,0,0,27
03.08,157,0,0,10
03.09,176,0,0,19
03.10,227,1,0,51
03.11,400,1,0,173
03.12,703,1,0,303
03.13,800,1,1,97
03.14,996,1,1,196
03.15,996,1,3,0
03.16,1256,1,3,260
03.17,1331,1,3,75
03.18,1471,1,3,140
03.19,1589,1,6,137
03.20,1790,1,7,201
03.21,1950,1,7,160
03.22,2164,1,7,214
03.23,2262,1,7,98
03.24,2573,1,10,311
03.25,2796,1,12,223
03.26,3041,1,14,245
03.27,3315,1,14,274
03.28,3771,7,19,456
03.29,4032,7,23,261
03.30,4284,7,26,269
03.31,4599,13,36,315
04.01,4828,13,43,229
04.02,5119,32,47,291
04.03,5296,32,56,177
04.04,5519,32,61,223
04.05,5686,32,66,167
04.06,5760,32,73,74
04.07,5866,32,88,106
04.08,6086,32,93,220
04.09,6160,32,104,74
04.10,6244,32,108,84
04.11,6360,32,114,116
04.12,6485,32,124,125
04.13,6547,32,133,62
04.14,6623,32,139,76
04.15,6740,32,145,117
04.16,6798,32,150,58
04.17,6937,32,161,139
04.18,7036,32,163,99
04.19,7078,32,165,42
04.20,7103,32,169,25
04.21,7191,32,182,88
04.22,7275,32,185,84
04.23,7361,32,191,86
04.24,7401,32,195,40
04.25,7493,32,201,92
04.26,7499,32,201,6
04.27,7527,32,202,28
04.28,7599,32,206,72
04.29,7680,32,207,81
04.30,7738,32,207,58
05.01,7759,32,210,21
05.02,7783,32,210,24
05.03,7801,32,211,18
05.04,7884,32,214,83
05.05,7904,32,215,20
05.06,7955,32,215,51
05.07,7996,32,216,41
05.08,8055,32,218,59
05.09,8070,32,218,15
05.10,8099,32,219,29
05.11,8122,32,219,23
05.12,8132,32,224,10
05.13,8168,32,229,36
05.14,8187,32,232,19
05.15,8206,32,232,19
05.16,8219,32,232,13
05.17,8244,32,232,25
05.18,8257,32,233,13
05.19,8264,32,233,7
05.20,8267,32,234,3
05.21,8301,32,235,34
05.22,8309,32,235,8
05.23,8340,7727,235,31
05.24,8349,7727,235,9
05.25,8360,7727,235,11
05.26,8374,7727,235,14
05.27,8391,7727,235,17
05.28,8406,7727,236,15
05.29,8422,7727,236,16
05.30,8435,7727,236,13
05.31,8440,7727,236,5
06.01,8442,7727,236,2
06.02,8452,7727,237,10
06.03,8455,7727,237,3
06.04,8488,8138,238,33
06.05,8510,8138,238,22
06.06,8531,8138,238,21
06.07,8547,8138,238,16
06.08,8561,8138,239,14
06.09,8567,8138,239,6
06.10,8576,8138,239,9
06.11,8600,8138,242,24
06.12,8613,8138,242,13
06.13,8625,8138,242,12
06.14,8629,8138,242,4
06.15,8639,8138,242,10
06.16,8655,8138,242,16
06.17,8680,8138,243,25
06.18,8707,8138,244,27
06.19,8721,8138,244,14
06.20,8733,8138,244,12
06.21,8743,8138,244,10
06.22,8745,8138,248,2
06.23,8751,8138,248,6
06.24,8777,8138,248,26
06.25,8788,8138,249,11
06.26,8828,8138,249,40
06.27,8845,8138,249,17
06.28,8846,8138,249,1
06.29,8862,8138,249,16
06.30,8866,8138,249,4
07.01,8887,8138,250,21
07.02,8902,8138,251,15
07.03,8902,8138,251,0
07.04,8921,8138,251,19
07.05,8930,8138,251,9
07.06,8930,8138,251,0
07.07,8936,8138,251,6
07.08,8950,8138,251,14
07.09,8954,8138,251,4
07.10,8965,8138,252,11
07.11,8976,8138,252,11
07.12,8979,8138,252,3
07.13,8981,8138,253,2
07.14,8988,8138,253,7
07.15,9006,8138,253,18
07.16,9011,8138,254,5
07.17,9018,8138,255,7
07.18,9028,8138,255,10
07.19,9028,8138,255,0
07.20,9028,8138,255,0
07.21,9049,8138,255,21
07.22,9059,8138,255,10
07.23,9071,8674,255,12
07.24,9088,8674,255,17
07.25,9097,8674,255,9
07.26,9111,8674,255,14
07.27,9125,8752,255,14
07.28,9142,8752,255,17
07.29,9158,8752,255,16
07.30,9185,8752,255,27
07.31,9217,8752,255,32
08.01,9249,8752,255,32
08.02,9263,8752,255,14
08.03,9312,8752,256,49
08.04,9348,8752,256,36
08.05,9388,8752,256,40
08.06,9444,8857,256,56
08.07,9503,8857,256,59
08.08,9568,8857,256,65
08.09,9615,8857,256,47
08.10,9661,8857,256,46
08.11,9712,8857,256,51
08.12,9772,8857,256,60
08.13,9817,8857,257,45
08.14,9887,8857,261,70
08.15,9934,8857,261,47
08.16,9989,8857,261,55
08.17,10035,8857,261,46
08.18,10089,8857,262,54
08.19,10135,8857,262,46
08.20,10190,8857,264,55
08.21,10197,9150,264,7
08.22,10275,9150,264,78
08.23,10299,9150,264,24
08.24,10323,9150,264,24
08.25,10395,9150,264,72
08.26,10486,9150,264,91
08.27,10524,9348,264,38
08.28,10542,9348,264,18
08.29,10599,9348,264,57
08.30,10631,9348,264,32
08.31,10746,9348,264,115
09.01,10782,9348,264,36
09.02,10951,9348,264,169
09.03,11034,9348,264,83
09.04,11160,9348,264,126
09.05,11254,9348,264,94
09.06,11330,9348,264,76
09.07,11388,9348,264,58
09.08,11560,9348,264,172
09.09,11685,9348,264,125
09.10,11801,9348,265,116
09.11,11924,10371,265,123
09.12,12050,10371,265,126
09.13,12123,10371,265,73
09.14,12219,10371,265,96
09.15,12330,10371,265,111
09.16,12431,10371,265,101
09.17,12498,10371,265,67
09.18,12644,10371,266,146
09.19,12769,10371,267,125
09.20,12883,10371,267,114
09.21,12954,10371,267,71
09.22,13075,10371,267,121
09.23,13153,10371,267,78
09.24,13347,10371,270,194
09.25,13478,10371,270,131
09.26,13545,11190,270,67
09.27,13660,11190,270,115
09.28,13741,11190,274,81
09.29,13861,11190,274,120
09.30,13961,11190,274,100
10.01,14085,11190,274,124
10.02,14149,11190,274,64
10.03,14328,11190,275,179
10.04,14421,11190,275,93
10.05,14527,11190,275,106
10.06,14669,11190,275,142
10.07,14895,11863,275,226
10.08,15097,11863,275,202
10.09,15294,11863,275,197
10.10,15452,11863,275,158
10.11,15506,11863,275,54
10.12,15585,11863,276,79
10.13,15730,11863,277,145
10.14,15888,11863,277,158
10.15,16050,11863,278,162
10.16,16201,11863,278,151
10.17,16349,11863,278,148
10.18,16429,11863,278,80
10.19,16539,11863,278,110
10.20,16679,11863,278,140
10.21,16880,11863,279,201
10.22,17125,11863,279,245
10.23,17405,11863,279,280
10.24,17670,11863,279,265
10.25,17843,11863,279,173
10.26,17909,11863,279,66
10.27,18483,11863,279,574
10.28,18920,11863,280,437
10.29,19355,11863,281,435
10.30,19618,11863,282,263
10.31,20214,11863,282,596
11.01,20331,11863,282,117
11.02,21088,11863,282,757
11.03,21624,11863,282,536
11.04,21956,11863,282,332
11.05,22953,11863,284,997
11.06,23600,11863,285,647
11.07,23835,11863,285,235
11.08,24243,11863,285,408
11.09,24975,11863,285,732
11.10,25325,11863,285,350
11.11,25887,11863,285,562
11.12,26802,11863,291,915
11.13,27485,11863,294,683
11.14,27916,11863,294,431
11.15,28434,11863,294,518
11.16,28434,11863,294,0
11.17,29749,17998,298,1315
11.18,30394,17998,299,645
11.19,30770,17998,305,376
11.20,31722,17998,305,952
11.21,32248,17998,306,526
11.22,32630,17998,306,382
11.23,32942,17998,311,312
11.24,33431,17998,314,489
11.25,33988,17998,316,557
11.26,34268,17998,316,280
11.27,34942,17998,328,674
11.28,35193,17998,328,251
11.29,35546,17998,328,353
11.30,35971,17998,332,425
12.01,36318,17998,334,347
12.02,36591,17998,334,273
12.03,37136,17998,353,545
12.04,37371,17998,354,235
12.05,37961,17998,354,590
12.06,38200,17998,354,239
12.07,38540,17998,359,340
12.08,38920,17998,361,380
12.09,39163,17998,361,243
12.10,39768,17998,382,605
12.11,40194,17998,387,426
12.12,40439,17998,387,245
12.13,40803,17998,387,364
12.14,41003,17998,393,200
12.15,41619,17998,395,616
12.16,42077,17998,402,458
12.17,42519,17998,404,442
12.18,42968,17998,404,449
12.19,43207,17998,404,239
12.20,43582,17998,404,375
12.21,43905,17998,404,323
12.22,44336,17998,405,431
12.23,44932,17998,405,596
12.24,45455,17998,421,523
12.25,45931,17998,421,476
12.26,46248,17998,421,317
12.27,46678,17998,421,430
12.28,47059,17998,429,381
12.29,47585,17998,429,526
12.30,48635,17998,436,1050
12.31,49010,17998,436,375
01.01,49567,17998,436,557
01.02,49938,17998,436,371
01.03,50266,17998,436,328
01.04,50716,17998,449,450
01.05,51665,17998,452,949
01.06,52458,17998,465,793
01.07,52967,17998,467,509
01.08,53792,17998,472,825
01.09,54476,17998,472,684
01.10,54919,17998,472,443
01.11,55474,17998,478,555
01.12,56274,17998,482,800
01.13,56927,17998,482,653
01.14,57282,17998,511,355
01.15,57736,17998,511,454
01.16,58202,17998,517,466
01.17,58445,17998,517,243
01.18,58651,17998,521,206
01.19,59254,17998,525,603
01.20,59456,17998,525,202
01.21,59887,17998,544,431
01.22,60259,17998,544,372
01.23,60732,17998,544,473
01.24,60803,17998,544,71
01.25,61082,17998,548,279
01.26,61315,17998,550,233
01.27,61594,17998,556,279
01.28,61961,17998,557,367
01.29,62276,17998,564,315
01.30,62575,17998,564,299
01.31,62877,17998,564,302
02.01,63119,17998,567,242
02.02,63430,17998,568,311
02.03,63553,17998,574,123
02.04,64083,17998,582,530
02.05,64212,17998,582,129
02.06,64483,17998,582,271
02.07,64724,17998,582,241
02.08,64990,17998,582,266
02.09,65118,17998,583,128
02.10,65338,17998,592,220
02.11,65547,17998,592,209
02.12,66070,17998,592,523
02.13,66236,17998,592,166
02.14,66392,17998,592,156
02.15,66666,17998,592,274
02.16,66854,17998,593,188
02.17,67140,17998,607,286
02.18,67604,17998,607,464
02.19,67824,17998,607,220
02.20,68107,17998,607,283
02.21,68315,17998,607,208
02.22,68678,17998,608,363
02.23,68981,17998,608,303
02.24,69436,17998,620,455
02.25,69899,17998,620,463
02.26,70345,17998,622,446
02.27,70650,17998,622,305
02.28,70887,17998,622,237
03.01,71410,17998,623,523
03.02,72026,17998,623,616
03.03,72653,17998,632,627
03.04,72923,17998,632,270
03.05,74037,17998,632,1114
03.06,74310,17998,632,273
03.07,74827,17998,632,517
03.08,74942,17998,632,115
03.09,76154,17998,632,1212
03.10,76923,17998,632,769
03.11,77169,17998,632,246
03.12,78571,17998,639,1402
03.13,79358,17998,639,787
03.14,79800,17998,639,442
03.15,80734,17998,640,934
03.16,81744,17998,641,1010
03.17,82984,17998,648,1240
03.18,83519,17998,648,535
03.19,84553,17998,648,1034
03.20,86003,17998,648,1450
03.21,86362,17998,648,359
03.22,86939,17998,649,577
03.23,88531,17998,649,1592
03.24,89679,17998,656,1148
03.25,90535,17998,656,856
03.26,90935,17998,656,400
03.27,92267,17998,656,1332
03.28,92858,17998,656,591
03.29,93150,17998,656,292
03.30,93150,17998,656,0
03.31,95695,17998,673,2545
04.01,96600,17998,673,905
04.02,97152,17998,673,552
04.03,97860,17998,673,708
04.04,98102,17998,673,242
04.05,99026,17998,676,924
04.06,99645,17998,677,619
04.07,100677,17998,683,1032
04.08,101607,17998,684,930
04.09,102379,17998,684,772
04.10,102719,17998,684,340
04.11,103200,17998,684,481
04.12,103966,17998,687,766
04.13,104647,17998,688,681
04.14,105008,17998,706,361
04.15,105870,17998,707,862
04.16,106522,17998,707,652
04.17,107026,17998,708,504
04.18,107369,17998,708,343
04.19,107767,17998,709,398
04.20,108342,17998,709,575
04.21,108839,17998,709,497
04.22,109408,17998,735,569
04.23,109581,17998,735,173
04.24,110274,17998,736,693
04.25,110390,17998,736,116
04.26,110897,17998,736,507
04.27,111162,17998,736,265
04.28,111915,17998,753,753
04.29,112336,17998,754,421
04.30,112715,17998,756,379
05.01,112970,17998,756,255
05.02,113423,17998,756,453
05.03,113627,17998,757,204
05.04,113952,17998,757,325
05.05,114672,17998,767,720
05.06,115194,17998,767,522
05.07,115629,17998,767,435
05.08,115988,17998,767,359
05.09,116365,17998,767,377
05.10,116760,17998,767,395
05.11,117239,17998,767,479
05.12,117495,17998,774,256
05.13,118145,17998,774,650
05.14,118538,17998,774,393
05.15,118927,17998,774,389
05.16,119186,17998,774,259
05.17,119437,17998,774,251
05.18,119668,17998,774,231
05.19,120082,17998,781,414
05.20,120513,17998,781,431
05.21,120797,17998,781,284
05.22,121511,17998,781,714
05.23,121963,17998,781,452
05.24,122553,17998,782,590
05.25,122917,17998,782,364
05.26,123467,17998,783,550
05.27,123903,17998,783,436
05.28,124211,17998,783,308
05.29,124557,17998,783,346
05.30,124773,17998,783,216
05.31,124981,17998,783,208
06.01,125355,17998,783,374
06.02,125764,17998,785,409
06.03,126058,17998,785,294
06.04,126375,17998,785,317
06.05,126613,17998,785,238
06.06,126773,17998,785,160
06.07,126817,17998,785,44
06.08,127066,17998,784,249
06.09,127254,17998,784,188
06.10,127466,17998,789,212
06.11,127676,17998,789,210
06.12,127874,17998,789,198
06.13,127986,17998,789,112
06.14,128198,17998,789,212
06.15,128277,17998,789,79
06.16,128499,17998,790,222
06.17,128783,17998,790,284
06.18,129002,17998,790,219
06.19,129095,17998,790,93
06.20,129275,17998,790,180
06.21,129333,17998,790,58
06.22,129545,17998,790,212
06.23,129944,17998,792,399
06.24,130161,17998,792,217
06.25,130342,17998,792,181
06.26,130491,17998,792,149
06.27,130588,17998,792,97
06.28,130744,17998,792,156
06.29,130812,17998,792,68
06.30,131037,17998,794,225
07.01,131316,17998,794,279
07.02,131316,17998,794,0
