,confirm,heal,dead,confirm_add
02.24,2,0,0,2
02.25,4,0,0,2
02.26,4,0,0,0
02.27,5,0,0,1
02.28,6,0,0,1
02.29,6,1,0,1
03.01,6,1,0,0
03.02,6,2,0,0
03.03,12,2,0,6
03.04,12,2,0,0
03.05,16,2,0,4
03.06,16,2,0,0
03.07,16,2,0,0
03.08,16,2,0,0
03.09,18,2,0,2
03.10,18,2,0,0
03.11,18,9,0,0
03.12,18,9,0,0
03.13,19,9,0,1
03.14,20,9,0,1
03.15,21,9,0,1
03.16,22,9,0,1
03.17,24,12,0,2
03.18,33,12,0,9
03.19,39,13,0,6
03.20,48,13,0,9
03.21,52,13,0,4
03.22,52,12,0,0
03.23,66,17,0,14
03.24,84,17,0,18
03.25,99,17,0,15
03.26,109,23,0,10
03.27,131,23,0,22
03.28,152,23,0,21
03.29,167,23,0,15
03.30,179,29,0,12
03.31,192,34,0,13
04.01,210,34,1,18
04.02,231,57,1,21
04.03,252,57,1,21
04.04,277,61,1,25
04.05,298,61,2,21
04.06,331,61,2,33
04.07,371,67,2,40
04.08,419,72,2,48
04.09,457,109,2,38
04.10,484,109,3,27
04.11,546,109,3,62
04.12,599,109,3,53
04.13,727,124,4,128
04.14,813,130,4,86
04.15,910,131,4,97
04.16,1019,176,4,109
04.17,1069,176,6,50
04.18,1180,176,6,111
04.19,1266,233,7,86
04.20,1410,238,7,144
04.21,1508,238,8,98
04.22,1614,238,8,106
04.23,1716,307,8,102
04.24,1790,325,9,74
04.25,1905,329,10,115
04.26,1998,333,10,93
04.27,2049,364,10,51
04.28,2131,364,10,82
04.29,2274,364,10,143
04.30,2348,495,11,74
05.01,2447,495,11,99
05.02,2483,750,12,36
05.03,2483,750,12,0
05.04,2637,816,12,154
05.05,2735,858,12,98
05.06,2903,888,13,168
05.07,2958,980,14,55
05.08,3112,1025,16,154
05.09,3224,1068,17,112
05.10,3399,1117,17,175
05.11,3573,1211,17,174
05.12,3721,1250,17,148
05.13,4019,1289,17,298
05.14,4341,1303,17,322
05.15,4625,1350,20,284
05.16,5029,1436,20,404
05.17,5186,1465,22,157
05.18,5379,1496,25,193
05.19,5671,1574,27,292
05.20,6043,1661,29,372
05.21,6370,1821,30,327
05.22,6794,1821,32,424
05.23,7257,1848,35,463
05.24,7770,1933,36,513
05.25,7770,1933,37,0
05.26,8118,2067,37,348
05.27,8373,2177,38,255
05.28,9009,2177,40,636
05.29,9820,2396,40,811
05.30,10423,2396,42,603
05.31,11437,2396,47,1014
06.01,12223,2682,50,786
06.02,12799,2812,59,576
06.03,12799,2812,59,0
06.04,14316,3451,67,1517
06.05,15086,3451,72,770
06.06,16016,3451,72,930
06.07,16882,3451,75,866
06.08,17486,3793,81,604
06.09,18198,4152,83,712
06.10,18198,4152,83,0
06.11,19954,6623,89,1756
06.12,21071,7489,96,1117
06.13,22077,7530,99,1006
06.14,23481,8454,104,1404
06.15,24524,9533,108,1043
06.16,25269,11089,114,745
06.17,26079,11797,116,810
06.18,26818,13264,119,739
06.19,27670,13974,125,852
06.20,28566,14780,128,896
06.21,29471,15552,131,905
06.22,31076,16408,137,1605
06.23,32394,17279,140,1318
06.24,33536,17972,142,1142
06.25,34902,18520,144,1366
06.26,36034,19482,153,1132
06.27,36953,20363,159,919
06.28,38150,21200,163,1197
06.29,39060,22422,169,910
06.30,40070,23425,176,1010
07.01,41194,24162,185,1124
07.02,42555,25318,188,1361
07.03,43929,26169,193,1374
07.04,45106,26968,203,1177
07.05,46178,27917,213,1072
07.06,47735,29146,218,1557
07.07,48997,31000,224,1262
07.08,50207,32005,233,1210
07.09,51725,33021,236,1518
07.10,53614,34225,244,1889
07.11,54697,35255,248,1083
07.12,56015,36098,257,1318
07.13,58179,37257,259,2164
07.14,59568,37987,273,1389
07.15,61247,39038,281,1679
07.16,62574,40090,290,1327
07.17,64193,41450,298,1619
07.18,65504,42772,308,1311
07.19,66661,44004,318,1157
07.20,68400,45150,326,1739
07.21,69887,46608,337,1487
07.22,71547,47922,349,1660
07.23,72646,51349,355,1099
07.24,73791,53007,359,1145
07.25,74858,54061,371,1067
07.26,76005,55299,384,1147
07.27,77058,57028,393,1053
07.28,77904,58587,402,846
07.29,78569,60240,412,665
07.30,79159,61421,421,590
07.31,79159,61421,421,0
08.01,79159,61421,421,0
08.02,79159,61421,421,0
08.03,79159,61421,421,0
08.04,79159,61421,421,0
08.05,79159,61421,421,0
08.06,80713,70910,492,1554
08.07,81067,72263,502,354
08.08,81357,73481,509,290
08.09,81580,74691,513,223
08.10,81787,76124,521,207
08.11,82050,76720,533,263
08.12,82299,77072,539,249
08.13,82531,77278,551,232
08.14,82743,77427,557,212
08.15,82924,77550,562,181
08.16,83086,77680,572,162
08.17,83226,77812,588,140
08.18,83418,77977,597,192
08.19,83606,78188,603,188
08.20,83769,78386,609,163
08.21,83769,78386,609,0
08.22,83769,78386,609,0
08.23,83769,78386,609,0
08.24,84509,78912,637,740
08.25,84652,79147,642,143
08.26,84818,79409,646,166
08.27,85005,79608,650,187
08.28,85005,79608,650,0
08.29,85005,79608,650,0
08.30,85544,80459,677,539
08.31,85722,80810,685,178
09.01,85928,81024,689,206
09.02,85928,81024,689,0
09.03,86380,81828,705,452
09.04,86380,81828,705,0
09.05,86380,81828,705,0
09.06,87072,82406,728,692
09.07,87328,82805,734,256
09.08,87590,82973,742,262
09.09,87939,83115,751,349
09.10,88337,83325,762,398
09.11,88337,83325,762,0
09.12,88337,83325,762,0
09.13,89746,83771,780,1409
09.14,90222,83928,790,476
09.15,90660,84113,797,438
09.16,91196,84363,805,536
09.17,91753,84648,818,557
09.18,91753,84648,818,0
09.19,91753,84648,818,0
09.20,93475,85418,846,1722
09.21,94051,85781,853,576
09.22,94711,86195,865,660
09.23,95339,86482,875,628
09.24,95907,86765,885,568
09.25,95907,86765,885,0
09.26,95907,86765,885,0
09.27,97450,87801,909,1543
09.28,98057,88234,924,607
09.29,98585,88528,935,528
09.30,98585,88528,935,0
10.01,98585,88528,935,0
10.02,98585,88528,935,0
10.03,98585,88528,935,0
10.04,101270,90296,977,2685
10.05,101814,90600,985,544
10.06,102648,91275,990,834
10.07,103465,91329,1000,817
10.08,104129,91731,1009,664
10.09,104129,91731,1009,0
10.10,104129,91731,1009,0
10.11,105890,92840,1038,1761
10.12,106575,93222,1046,685
10.13,107213,93557,1053,638
10.14,107776,93908,1061,563
10.15,108296,94229,1071,520
10.16,108296,94229,1071,0
10.17,108296,94229,1071,0
10.18,109953,95624,1101,1657
10.19,110594,96400,1114,641
10.20,111033,96949,1122,439
10.21,111484,97367,1137,451
10.22,111837,97949,1147,353
10.23,111837,97949,1147,0
10.24,111837,97949,1147,0
10.25,112932,99278,1174,1095
10.26,113354,99668,1190,422
10.27,113820,99997,1203,466
10.28,114434,103060,1208,614
10.29,114434,103060,1208,0
10.30,114434,103060,1208,0
10.31,114434,103060,1208,0
11.01,115734,105700,1246,1300
11.02,116152,106195,1256,418
11.03,116528,106540,1264,376
11.04,116847,106903,1275,319
11.05,117167,107368,1286,320
11.06,117167,107368,1286,0
11.07,117167,107368,1286,0
11.08,118140,108681,1301,973
11.09,118503,108968,1310,363
11.10,118503,108968,1310,0
11.11,118884,109330,1316,381
11.12,119442,110050,1326,558
11.13,119442,110050,1326,0
11.14,119442,110050,1326,0
11.15,120389,111096,1338,947
11.16,120718,111446,1350,329
11.17,120718,111446,1350,0
11.18,121129,112014,1360,411
11.19,121360,112406,1365,231
11.20,121360,112406,1365,0
11.21,121360,112406,1365,0
11.22,122081,113269,1380,721
11.23,122356,113577,1386,275
11.24,122579,113856,1391,223
11.25,122579,113856,1391,0
11.26,122579,113856,1391,0
11.27,122579,113856,1391,0
11.28,122579,113856,1391,0
11.29,123484,114963,1418,905
11.30,123699,115216,1423,215
12.01,123908,115441,1430,209
12.02,124145,115613,1430,237
12.03,124329,115866,1435,184
12.04,124329,115866,1435,0
12.05,124329,115866,1435,0
12.06,124886,116354,1444,557
12.07,125115,116506,1452,229
12.08,125325,116720,1454,210
12.09,125490,117034,1461,165
12.10,125669,117327,1463,179
12.11,125669,117327,1463,0
12.12,125669,117327,1463,0
12.13,126240,118048,1471,571
12.14,126504,118287,1472,264
12.15,126719,118505,1475,215
12.16,126835,118736,1480,116
12.17,127019,119009,1483,184
12.18,127019,119009,1483,0
12.19,127019,119009,1483,0
12.20,127667,119574,1488,648
12.21,127931,119745,1489,264
12.22,128143,119945,1490,212
12.23,128236,120178,1491,93
12.24,128290,120441,1491,54
12.25,128290,120441,1491,0
12.26,128290,120441,1491,0
12.27,128472,120976,1495,182
12.28,128563,121182,1495,91
12.29,128633,121356,1497,70
12.30,128719,121614,1497,86
12.31,128867,121890,1499,148
01.01,128867,121890,1499,0
01.02,128867,121890,1499,0
01.03,129404,122266,1501,537
01.04,129584,122372,1502,180
01.05,129774,122406,1502,190
01.06,129888,122456,1504,114
01.07,130070,122556,1505,182
01.08,130070,122556,1505,0
01.09,130070,122556,1505,0
01.10,130608,122867,1508,538
01.11,130780,123024,1508,172
01.12,130944,123187,1508,164
01.13,131086,123415,1508,142
01.14,131264,123593,1509,178
01.15,131264,123593,1509,0
01.16,131264,123593,1509,0
01.17,131790,124067,1512,526
01.18,132011,124213,1514,221
01.19,132146,124398,1516,135
01.20,132317,124579,1516,171
01.21,132486,124730,1517,169
01.22,132486,124730,1517,0
01.23,132486,124730,1517,0
01.24,133044,126262,1521,558
01.25,133253,126334,1522,209
01.26,133407,126409,1524,154
01.27,133574,126486,1525,167
01.28,133728,126572,1527,154
01.29,133728,126572,1527,0
01.30,133728,126572,1527,0
01.31,134326,126854,1529,598
02.01,134524,126949,1532,198
02.02,134685,127054,1532,161
02.03,134856,127169,1532,171
02.04,135041,127266,1532,185
02.05,135041,127266,1532,0
02.06,135041,127266,1532,0
02.07,135674,127698,1534,633
02.08,135990,127853,1535,316
02.09,136187,128089,1536,197
02.10,136377,128255,1537,190
02.11,136622,128461,1539,245
02.12,136622,128461,1539,0
02.13,136622,128461,1539,0
02.14,137306,129054,1542,684
02.15,137592,129291,1543,286
02.16,137929,129543,1544,337
02.17,138206,129752,1549,277
02.18,138494,130084,1549,288
02.19,138494,130084,1549,0
02.20,138494,130084,1549,0
02.21,139362,130653,1552,868
02.22,139692,130653,1555,330
02.23,139989,131143,1557,297
02.24,140300,131385,1558,311
02.25,140588,131684,1562,288
02.26,140588,131684,1562,0
02.27,140588,131684,1562,0
02.28,141496,132459,1570,908
03.01,141808,132685,1577,312
03.02,142169,132945,1580,361
03.03,142527,133138,1583,358
03.04,142896,133491,1583,369
03.05,142896,133491,1583,0
03.06,142896,133491,1583,0
03.07,143955,134314,1591,1059
03.08,144404,134684,1594,449
03.09,144831,135005,1597,427
03.10,145257,135227,1600,426
03.11,145257,135227,1600,0
03.12,145257,135227,1600,0
03.13,145257,135227,1600,0
03.14,146867,136429,1608,1610
03.15,147423,136770,1609,556
03.16,148010,137028,1614,587
03.17,148558,137544,1617,548
03.18,149135,137871,1620,577
03.19,149135,137871,1620,0
03.20,149135,137871,1620,0
03.21,150800,139100,1622,1665
03.22,151528,139442,1629,728
03.23,152364,139846,1633,836
03.24,153105,140220,1644,741
03.25,153838,140766,1650,733
03.26,153838,140766,1650,0
03.27,153838,140766,1650,0
03.28,156087,142420,1661,2249
03.29,156087,142420,1661,0
03.30,156883,143398,1669,796
03.31,159218,143966,1678,2335
04.01,160018,144639,1681,800
04.02,160018,144639,1681,0
04.03,160018,144639,1681,0
04.04,163157,146677,1690,3139
04.05,164274,147539,1722,1117
04.06,165480,148303,1728,1206
04.07,166685,149049,1735,1205
04.08,168005,149969,1747,1320
04.09,168005,149969,1747,0
04.10,168005,149969,1747,0
04.11,171549,152784,1776,3544
04.12,173029,153986,1789,1480
04.13,174364,154771,1798,1335
04.14,175633,155645,1807,1269
04.15,176668,156845,1821,1035
04.16,176668,156845,1821,0
04.17,176668,156845,1821,0
04.18,176668,156845,1821,0
04.19,181430,161670,1890,4762
04.20,182693,162656,1909,1263
04.21,183770,163750,1926,1077
04.22,185278,165051,1942,1508
04.23,185278,165051,1942,0
04.24,185278,165051,1942,0
04.25,188816,168770,1977,3538
04.26,190270,169784,1983,1454
04.27,191398,170929,1992,1128
04.28,192326,171848,2001,928
04.29,193253,173123,2010,927
04.30,193253,173123,2010,0
05.01,193253,173123,2010,0
05.02,195807,176833,2043,2554
05.03,196900,178052,2053,1093
05.04,197802,179175,2062,902
05.05,198572,180547,2071,770
05.06,199344,181696,2083,772
05.07,199344,181696,2083,0
05.08,199344,181696,2083,0
05.09,201350,184647,2120,2006
05.10,202137,185607,2138,787
05.11,202713,186391,2148,576
05.12,202713,186391,2148,0
05.13,202713,186391,2148,0
05.14,202713,186391,2148,0
05.15,202713,186391,2148,0
05.16,205511,190342,2193,2798
05.17,206297,191065,2206,786
05.18,207109,191539,2219,812
05.19,207109,191539,2219,0
05.20,208607,192973,2239,1498
05.21,208607,192973,2239,0
05.22,208607,192973,2239,0
05.23,210364,193950,2265,1757
05.24,211221,195435,2274,857
05.25,212038,195720,2284,817
05.26,212904,196355,2293,866
05.27,213784,197080,2303,880
05.28,213784,197080,2303,0
05.29,213784,197080,2303,0
05.30,216183,199287,2334,2399
05.31,217224,199960,2345,1041
06.01,218271,200421,2356,1047
06.02,219529,201113,2370,1258
06.03,220702,202021,2385,1173
06.04,220702,202021,2385,0
06.05,220702,202021,2385,0
06.06,223879,204480,2413,3177
06.07,225095,205305,2424,1216
06.08,226648,206026,2434,1553
06.09,228579,206844,2448,1931
06.10,230219,207795,2467,1640
06.11,230219,207795,2467,0
06.12,230219,207795,2467,0
06.13,234634,210952,2513,4415
06.14,236440,211494,2532,1806
06.15,238566,212064,2565,2126
06.16,240708,212808,2591,2142
06.17,242723,213880,2626,2015
06.18,242723,213880,2626,0
06.19,242723,213880,2626,0
06.20,248043,218841,2710,5320
06.21,250572,220171,2741,2529
06.22,252609,221250,2782,2037
06.23,254656,222344,2816,2047
06.24,256542,224077,2848,1886
06.25,256542,224077,2848,0
06.26,256542,224077,2848,0
06.27,262059,229998,2967,5517
06.28,264302,231718,3013,2243
06.29,266536,233287,3056,2234
06.30,268545,234861,3100,2009
07.01,270504,236988,3140,1959
07.02,270504,236988,3140,0
