,confirm,heal,dead,confirm_add
03.06,7,0,0,7
03.07,16,0,0,9
03.08,19,0,0,3
03.09,19,0,0,0
03.10,25,0,0,6
03.11,30,0,0,5
03.12,30,0,0,0
03.13,31,0,0,1
03.14,35,0,0,4
03.15,35,0,0,0
03.16,35,0,0,0
03.17,39,0,0,4
03.18,41,0,0,2
03.19,44,0,0,3
03.20,47,0,0,3
03.21,53,17,0,6
03.22,59,17,0,6
03.23,59,17,0,0
03.24,59,17,0,0
03.25,60,17,0,1
03.26,64,16,1,4
03.27,84,17,1,20
03.28,97,18,1,13
03.29,104,18,1,7
03.30,106,18,1,2
03.31,117,18,1,11
04.01,134,18,1,17
04.02,160,18,1,26
04.03,171,18,1,11
04.04,210,21,1,39
04.05,226,23,1,16
04.06,252,25,1,26
04.07,260,24,1,8
04.08,263,44,1,3
04.09,263,44,1,0
04.10,266,45,2,3
04.11,268,46,2,2
04.12,268,58,2,0
04.13,290,58,2,22
04.14,308,62,2,18
04.15,308,62,2,0
04.16,374,63,2,66
04.17,402,69,2,28
04.18,418,69,2,16
04.19,431,71,2,13
04.20,449,71,3,18
04.21,461,71,4,12
04.22,474,71,4,13
04.23,480,92,4,6
04.24,480,92,4,0
04.25,484,92,4,4
04.26,342,83,2,-142
04.27,342,83,2,0
04.28,342,83,2,0
04.29,344,71,2,2
04.30,344,71,2,0
05.01,344,76,2,0
05.02,353,76,2,9
05.03,353,76,2,0
05.04,354,102,2,1
05.05,366,127,2,12
05.06,371,127,2,5
05.07,374,174,2,3
05.08,375,226,2,1
05.09,375,228,2,0
05.10,375,263,2,0
05.11,375,301,2,0
05.12,375,316,2,0
05.13,375,310,2,0
05.14,375,310,2,0
05.15,375,310,2,0
05.16,375,327,2,0
05.17,381,335,2,6
05.18,381,335,2,0
05.19,388,346,2,7
05.20,398,346,2,10
05.21,398,346,2,0
05.22,423,346,2,25
05.23,423,346,3,0
05.24,423,357,3,0
05.25,423,357,3,0
05.26,426,365,3,3
05.27,434,365,3,8
05.28,435,365,3,1
05.29,446,368,3,11
05.30,447,368,3,1
05.31,448,368,3,1
06.01,449,372,3,1
06.02,451,372,3,2
06.03,451,372,3,0
06.04,464,377,3,13
06.05,464,377,3,0
06.06,464,400,3,0
06.07,464,400,3,0
06.08,472,403,3,8
06.09,474,404,3,2
06.10,481,404,3,7
06.11,485,410,3,4
06.12,489,414,3,4
06.13,489,414,3,0
06.14,489,415,3,0
06.15,501,415,3,12
06.16,506,415,3,5
06.17,532,415,3,26
06.18,579,415,3,47
06.19,663,437,3,84
06.20,759,437,3,96
06.21,827,439,3,68
06.22,975,439,3,148
06.23,1078,442,3,103
06.24,1311,442,3,233
06.25,1362,442,3,51
06.26,1514,446,3,152
06.27,1624,446,3,110
06.28,1854,447,4,230
06.29,2087,447,5,233
06.30,2390,451,5,303
07.01,2708,460,8,318
07.02,2978,460,8,270
07.03,3148,463,10,170
07.04,3599,463,12,451
07.05,4043,482,16,444
07.06,4341,491,17,298
07.07,4647,491,18,306
07.08,5029,494,19,382
07.09,5220,525,22,191
07.10,5551,536,27,331
07.11,5931,536,31,380
07.12,6230,942,34,299
07.13,6473,1084,38,243
07.14,6764,1084,44,291
07.15,7064,1084,44,300
07.16,7412,1084,47,348
07.17,7764,1492,51,352
07.18,8200,1596,55,436
07.19,8549,1921,60,349
07.20,8916,1921,62,367
07.21,9228,1932,64,312
07.22,9398,1932,64,170
07.23,9744,2720,67,346
07.24,10093,2720,70,349
07.25,10306,3282,71,213
07.26,10469,3752,75,163
07.27,10621,3752,77,152
07.28,10938,3752,78,317
07.29,11284,4833,79,346
07.30,11548,5016,81,264
07.31,11837,5077,82,289
08.01,12160,5324,83,323
08.02,12297,5390,84,137
08.03,12541,5390,84,244
08.04,12770,6419,84,229
08.05,13065,6618,89,295
08.06,13398,6907,89,333
08.07,13722,7210,94,324
08.08,13928,7706,95,206
08.09,14205,7945,96,277
08.10,14510,8045,100,305
08.11,14875,8181,103,365
08.12,15184,8369,104,309
08.13,15491,9186,105,307
08.14,15834,9382,106,343
08.15,16153,9388,108,319
08.16,16534,9838,110,381
08.17,16844,9838,110,310
08.18,17306,9939,113,462
08.19,17606,10312,115,300
08.20,17989,10682,119,383
08.21,18313,11102,121,324
08.22,18476,11102,122,163
08.23,18802,11103,127,326
08.24,19213,11870,130,411
08.25,19678,13162,133,465
08.26,20155,13929,135,477
08.27,20677,14194,141,522
08.28,21251,14291,143,574
08.29,21668,14631,147,417
08.30,22204,14787,149,536
08.31,22729,15056,152,525
09.01,23281,15338,159,552
09.02,23875,15483,162,594
09.03,24471,16095,167,596
09.04,25142,16437,170,671
09.05,25575,16661,176,433
09.06,26127,16843,181,552
09.07,26779,17270,184,652
09.08,27363,17779,190,584
09.09,27919,18466,192,556
09.10,28664,18821,198,745
09.11,29256,19788,204,592
09.12,29906,19979,210,650
09.13,30574,20082,221,668
09.14,31362,21406,226,788
09.15,32250,21804,229,888
09.16,33006,22209,243,756
09.17,33843,23060,244,837
09.18,34401,23333,250,558
09.19,35003,23446,253,602
09.20,35686,23700,262,683
09.21,36151,24428,265,465
09.22,36580,25469,269,429
09.23,37083,26288,272,503
09.24,37591,26934,274,508
09.25,37963,27183,278,372
09.26,38253,27704,285,290
09.27,38703,29068,291,450
09.28,39121,30220,299,418
09.29,39541,31047,306,420
09.30,39899,31743,311,358
10.01,40322,32577,318,423
10.02,40766,32944,321,444
10.03,41078,33442,329,312
10.04,41498,34698,330,420
10.05,41957,35182,339,459
10.06,41957,35182,339,0
10.07,42840,35953,355,883
10.08,43256,36584,359,416
10.09,43664,36922,367,408
10.10,43945,37240,378,281
10.11,44299,37942,381,354
10.12,44684,38228,387,385
10.13,44684,38228,387,0
10.14,45658,39304,393,974
10.15,46100,39585,401,442
10.16,46434,39921,402,334
10.17,46746,40162,402,312
10.18,47135,40498,408,389
10.19,47616,40861,413,481
10.20,48129,41455,421,513
10.21,48129,41455,421,0
10.22,48628,41935,427,499
10.23,49579,42850,439,951
10.24,49989,43232,443,410
10.25,50442,43592,448,453
10.26,50952,44055,454,510
10.27,51528,44444,458,576
10.28,51948,44985,465,420
10.29,52571,45448,473,623
10.30,53075,45896,481,504
10.31,53520,46309,483,445
11.01,54060,46773,489,540
11.02,54775,47169,493,715
11.03,55408,47744,501,633
11.04,56090,48224,504,682
11.05,56672,48680,508,582
11.06,57226,49537,511,554
11.07,57657,49975,512,431
11.08,57657,49975,512,0
11.09,58838,50877,521,1181
11.10,58838,50877,521,0
11.11,59422,51425,533,584
11.12,60784,52861,542,1362
11.13,61514,53367,548,730
11.14,62167,53791,558,653
11.15,63031,54346,565,864
11.16,63867,54953,572,836
11.17,64935,55684,580,1068
11.18,66186,56843,589,1251
11.19,67296,57469,598,1110
11.20,68768,57879,606,1472
11.21,70254,58383,620,1486
11.22,71644,59021,636,1390
11.23,73196,59538,645,1552
11.24,75007,60009,656,1811
11.25,76727,60499,665,1720
11.26,78493,61241,680,1766
11.27,80429,61960,689,1936
11.28,81890,62944,704,1461
11.29,83585,63834,717,1695
11.30,85647,64987,732,2062
12.01,88004,65938,747,2357
12.02,90192,66989,763,2188
12.03,92708,68250,780,2516
12.04,94676,70206,797,1968
12.05,96098,71236,812,1422
12.06,98038,72773,828,1940
12.07,99758,74053,848,1720
12.08,101109,75257,867,1351
12.09,102992,76893,890,1883
12.10,104879,78715,910,1887
12.11,106622,81166,931,1743
12.12,108099,83123,961,1477
12.13,109738,85110,978,1639
12.14,111102,87057,1000,1364
12.15,113409,88967,1023,2307
12.16,115606,90952,1048,2197
12.17,117755,92979,1078,2149
12.18,119612,94556,1097,1857
12.19,121216,96461,1117,1604
12.20,122643,97979,1141,1427
12.21,123945,99547,1169,1302
12.22,125506,101355,1198,1561
12.23,127376,102942,1226,1870
12.24,129080,105233,1243,1704
12.25,130598,106718,1260,1518
12.26,131904,108118,1281,1306
12.27,133093,109377,1309,1189
12.28,134310,110927,1332,1217
12.29,135459,113082,1351,1149
12.30,136736,115127,1371,1277
12.31,138004,117183,1400,1268
01.01,139223,118926,1418,1219
01.02,140287,120403,1446,1064
01.03,141219,121563,1470,932
01.04,142228,122976,1490,1009
01.05,143169,124525,1505,941
01.06,144257,126110,1519,1088
01.07,145252,127495,1536,995
01.08,146074,128900,1559,822
01.09,146701,130102,1583,627
01.10,147400,131117,1604,699
01.11,147400,131117,1604,0
01.12,148968,133599,1630,1568
01.13,149769,134977,1658,801
01.14,150505,136247,1665,736
01.15,151142,137648,1687,637
01.16,151569,138495,1700,427
01.17,152031,139131,1718,462
01.18,152555,140075,1726,524
01.19,152555,140075,1726,0
01.20,153590,142004,1751,1035
01.21,154063,142819,1757,473
01.22,154557,143611,1769,494
01.23,155006,144297,1783,449
01.24,155414,144910,1791,408
01.25,155884,145639,1796,470
01.26,155884,145639,1796,0
01.27,156996,146934,1808,1112
01.28,157593,147620,1812,597
01.29,158168,148140,1823,575
01.30,158559,148583,1831,391
01.31,158962,148993,1833,403
02.01,159443,149621,1840,481
02.02,159956,150123,1849,513
02.03,159956,150123,1849,0
02.04,161087,151082,1865,1131
02.05,161559,151690,1867,472
02.06,162029,152120,1870,470
02.07,162601,152579,1881,572
02.08,163213,153019,1888,612
02.09,163975,153682,1897,762
02.10,164736,154260,1909,761
02.11,165535,154727,1910,799
02.12,166200,155362,1918,665
02.13,166200,155362,1918,0
02.14,167604,156472,1933,1404
02.15,168444,157205,1936,840
02.16,169487,157982,1942,1043
02.17,169487,157982,1942,0
02.18,171154,159369,1956,1667
02.19,171154,159369,1956,0
02.20,172315,160763,1971,1161
02.21,172315,160763,1971,0
02.22,174969,162025,1986,2654
02.23,174969,162025,1986,0
02.24,177768,163795,1999,2799
02.25,179293,164557,2008,1525
02.26,180848,165205,2019,1555
02.27,181909,166119,2025,1061
02.28,183612,166936,2042,1703
03.01,185336,167744,2058,1724
03.02,187309,168763,2063,1973
03.03,189326,169915,2078,2017
03.04,191203,171318,2091,1877
03.05,193029,172588,2110,1826
03.06,194548,173732,2127,1519
03.07,196812,175178,2140,2264
03.08,198554,176507,2157,1742
03.09,200382,178121,2170,1828
03.10,202378,179810,2193,1996
03.11,203669,181452,2211,1291
03.12,205652,183003,2228,1983
03.13,207436,184487,2255,1784
03.14,209304,186278,2268,1868
03.15,211602,187634,2293,2298
03.16,213791,189759,2314,2189
03.17,215984,191839,2343,2193
03.18,215984,191839,2343,0
03.19,218061,193578,2358,2077
03.20,221391,196678,2406,3330
03.21,223638,198431,2427,2247
03.22,225976,199965,2458,2338
03.23,228044,201675,2478,2068
03.24,230076,203340,2501,2032
03.25,232038,205289,2521,1962
03.26,233549,206914,2537,1511
03.27,234748,208676,2557,1199
03.28,236462,210340,2581,1714
03.29,236462,210340,2581,0
03.30,236462,210340,2581,0
03.31,242353,215429,2627,5891
04.01,244645,217224,2645,2292
04.02,246893,217224,2661,2248
04.03,248482,220418,2681,1589
04.04,251288,222007,2706,2806
04.05,253922,223249,2716,2634
04.06,253922,223249,2716,0
04.07,256461,224552,2735,2539
04.08,262017,227988,2781,5556
04.09,262017,227988,2781,0
04.10,264395,229876,2812,2378
04.11,268132,232960,2860,3737
04.12,270856,234698,2883,2724
04.13,272767,237046,2901,1911
04.14,274690,239291,2923,1923
04.15,274690,239291,2923,0
04.16,278135,243522,2955,3445
04.17,279753,245295,2983,1618
04.18,280741,247359,3017,988
04.19,280741,247359,3017,0
04.20,284280,251663,3078,3539
04.21,286028,254199,3096,1748
04.22,287680,256559,3115,1652
04.23,289120,259105,3138,1440
04.24,290259,260650,3151,1139
04.25,290972,262602,3167,713
04.26,292052,264660,3184,1080
04.27,293466,267346,3201,1414
04.28,294550,268054,3206,1084
04.29,295601,271233,3231,1051
04.30,295601,271233,3231,0
05.01,296462,272333,3249,861
05.02,297638,275392,3272,1176
05.03,298203,276171,3283,565
05.04,298203,276171,3283,0
05.05,298921,277673,3296,718
05.06,300387,281586,3326,1466
05.07,300387,281586,3326,0
05.08,300946,283570,3338,559
05.09,301437,285575,3351,491
05.10,301751,286385,3358,314
05.11,302249,287206,3378,498
05.12,302777,287932,3393,528
05.13,303270,288891,3401,493
05.14,303270,288891,3401,0
05.15,303270,288891,3401,0
05.16,303658,291191,3423,388
05.17,303827,292523,3428,169
05.18,304074,293808,3437,247
05.19,304532,295643,3448,458
05.20,304532,295643,3448,0
05.21,304532,295643,3448,0
05.22,304968,296901,3452,436
05.23,305201,297201,3459,233
05.24,305777,298502,3470,576
05.25,305777,298502,3470,0
05.26,306334,299024,3480,557
05.27,306795,299559,3483,461
05.28,307569,300125,3489,774
05.29,307569,300125,3489,0
05.30,307838,300524,3492,269
05.31,308048,300661,3495,210
06.01,308732,300919,3503,684
06.02,309036,301213,3507,304
06.03,309333,301443,3509,297
06.04,309333,301443,3509,0
06.05,309644,301544,3511,311
06.06,309853,301670,3516,209
06.07,310026,301881,3517,173
06.08,310233,302147,3517,207
06.09,310544,302357,3520,311
06.10,310544,302357,3520,0
06.11,311018,302944,3524,474
06.12,311018,302944,3524,0
06.13,311018,302944,3524,0
06.14,311690,304138,3539,672
06.15,311690,304138,3539,0
06.16,311948,304390,3542,258
06.17,312334,305205,3545,386
06.18,312334,305205,3545,0
06.19,312499,305658,3548,165
06.20,312605,306240,3550,106
06.21,312673,306240,3551,68
06.22,312811,306312,3554,138
06.23,313015,306532,3555,204
06.24,313015,306532,3555,0
06.25,313015,306532,3555,0
06.26,313520,307236,3556,505
06.27,313520,307236,3556,0
06.28,313721,307618,3559,201
06.29,313851,307892,3561,130
06.30,313851,307892,3561,0
07.01,314167,308186,3563,316
07.02,314167,308186,3563,0
