,confirm,heal,dead,confirm_add
03.08,1,0,0,1
03.09,1,0,0,0
03.10,1,0,0,0
03.11,2,0,0,1
03.12,5,0,0,3
03.13,5,0,0,0
03.14,6,0,0,1
03.15,6,0,0,0
03.16,6,0,0,0
03.17,6,0,0,0
03.18,6,0,0,0
03.19,11,0,0,5
03.20,13,0,0,2
03.21,18,0,0,5
03.22,22,0,1,4
03.23,22,0,1,0
03.24,27,0,1,5
03.25,37,0,3,10
03.26,41,0,3,4
03.27,41,0,3,4
03.28,56,1,3,4
03.29,56,1,3,0
03.30,64,1,3,6
03.31,65,1,3,1
04.01,69,1,3,4
04.02,77,2,3,8
04.03,92,4,3,15
04.04,96,12,3,4
04.05,104,12,3,8
04.06,113,12,5,9
04.07,115,15,5,2
04.08,119,15,5,4
04.09,124,18,5,5
04.10,129,18,6,5
04.11,133,18,6,4
04.12,134,22,6,1
04.13,147,22,6,13
04.14,159,22,7,12
04.15,161,23,8,2
04.16,174,30,8,13
04.17,199,30,8,25
04.18,202,35,8,3
04.19,206,41,8,4
04.20,208,46,8,2
04.21,208,53,8,0
04.22,213,62,9,5
04.23,213,62,9,0
04.24,220,70,9,7
04.25,223,78,9,3
04.26,228,85,9,5
04.27,228,85,9,0
04.28,230,95,9,2
04.29,239,102,9,9
04.30,249,111,9,10
05.01,266,113,10,17
05.02,333,115,10,67
05.03,333,115,10,0
05.04,396,126,10,63
05.05,415,130,10,19
05.06,431,135,10,16
05.07,440,142,10,9
05.08,462,148,10,22
05.09,563,152,10,101
05.10,689,155,10,126
05.11,713,165,10,24
05.12,724,170,10,11
05.13,737,173,10,13
05.14,740,182,11,3
05.15,754,184,11,14
05.16,759,193,11,5
05.17,778,198,11,19
05.18,786,202,11,8
05.19,788,219,11,2
05.20,829,230,11,41
05.21,833,242,11,4
05.22,836,256,11,3
05.23,838,264,11,2
05.24,850,298,11,12
05.25,862,307,11,12
05.26,865,344,11,3
05.27,877,382,11,12
05.28,884,392,11,7
05.29,900,402,11,16
05.30,917,413,11,17
05.31,964,466,11,47
06.01,986,477,11,22
06.02,995,488,11,9
06.03,1013,498,11,18
06.04,1070,511,11,57
06.05,1086,511,11,16
06.06,1087,516,11,1
06.07,1090,532,11,3
06.08,1135,575,11,45
06.09,1145,603,11,10
06.10,1187,604,11,42
06.11,1202,619,11,15
06.12,1230,624,11,28
06.13,1254,633,11,24
06.14,1261,647,11,7
06.15,1289,650,11,28
06.16,1296,673,12,7
06.17,1303,699,13,7
06.18,1308,711,13,5
06.19,1330,717,13,22
06.20,1336,741,13,6
06.21,1362,791,13,26
06.22,1379,871,13,17
06.23,1392,903,13,13
06.24,1422,926,13,30
06.25,1528,944,13,106
06.26,1569,976,13,41
06.27,1711,1013,13,142
06.28,1942,1045,15,231
06.29,2127,1065,15,185
06.30,2191,1080,16,64
07.01,2221,1089,17,30
07.02,2260,1102,19,39
07.03,2303,1108,19,43
07.04,2349,1113,19,46
07.05,2385,1134,20,36
07.06,2427,1166,20,42
07.07,2456,1180,20,29
07.08,2502,1193,20,46
07.09,2554,1212,20,52
07.10,2638,1229,20,84
07.11,2736,1256,20,98
07.12,2820,1261,21,84
07.13,2948,1275,22,128
07.14,2980,1293,25,32
07.15,3074,1308,25,94
07.16,3198,1338,25,124
07.17,3342,1379,27,144
07.18,3457,1481,28,115
07.19,3629,1643,29,172
07.20,3721,1918,31,92
07.21,3748,2171,33,27
07.22,3817,2307,35,69
07.23,4000,2391,36,183
07.24,4113,2487,36,113
07.25,4224,2596,38,111
07.26,4328,2679,40,104
07.27,4444,2794,41,116
07.28,4548,2905,43,104
07.29,4674,3039,45,126
07.30,4866,3169,46,192
07.31,5207,3250,47,341
08.01,5338,3548,49,131
08.02,5485,3786,52,147
08.03,5644,3966,52,159
08.04,5724,4249,55,80
08.05,5852,4645,59,128
08.06,6060,4839,61,208
08.07,6375,4974,66,315
08.08,6508,5123,69,133
08.09,6705,5181,72,197
08.10,6907,5222,75,202
08.11,7234,5276,82,327
08.12,7519,5326,86,285
08.13,8018,5384,93,499
08.14,8389,5516,97,371
08.15,9022,5657,108,633
08.16,9381,5841,127,359
08.17,9791,6034,138,410
08.18,10135,6210,145,344
08.19,10606,6402,161,471
08.20,11133,6582,165,527
08.21,11817,6783,170,684
08.22,12536,7007,182,719
08.23,12974,7197,192,438
08.24,13233,7417,205,259
08.25,13602,7649,219,369
08.26,14228,7883,231,626
08.27,14872,8134,247,644
08.28,15290,8348,265,418
08.29,15873,8595,280,583
08.30,16474,8854,294,601
08.31,17105,9146,308,631
09.01,17662,9421,326,557
09.02,18338,9721,348,676
09.03,19138,9981,358,800
09.04,19959,10251,373,821
09.05,20654,10523,398,695
09.06,21871,10810,412,1217
09.07,22486,11133,435,615
09.08,23353,11524,449,867
09.09,24214,11920,463,861
09.10,25026,12309,474,812
09.11,25631,12729,485,605
09.12,26512,13181,496,881
09.13,27324,13679,514,812
09.14,27817,14288,525,493
09.15,28367,14814,539,550
09.16,29298,15261,552,931
09.17,30419,15740,566,1121
09.18,31113,16313,584,694
09.19,32127,16921,611,1014
09.20,33015,17535,636,888
09.21,33520,18117,659,505
09.22,34260,18629,676,740
09.23,34828,19257,705,568
09.24,35571,19867,727,743
09.25,36404,20502,743,833
09.26,37226,21117,761,822
09.27,37922,21757,782,696
09.28,38684,22419,803,762
09.29,39432,23063,818,748
09.30,40101,23748,841,669
10.01,40758,24449,857,657
10.02,41799,25167,869,1041
10.03,42684,25803,890,885
10.04,43452,26512,913,768
10.05,44182,27203,929,730
10.06,44715,27887,947,533
10.07,45647,28546,966,932
10.08,46435,29270,989,788
10.09,47316,29976,1012,881
10.10,48275,30643,1045,959
10.11,48978,31351,1065,703
10.12,49675,32090,1077,697
10.13,50344,32751,1096,669
10.14,51197,33325,1108,853
10.15,51845,33921,1131,648
10.16,52596,34427,1150,751
10.17,53482,34927,1165,886
10.18,54015,35524,1179,533
10.19,54724,36068,1188,709
10.20,55452,36663,1207,728
10.21,56073,37167,1231,621
10.22,56819,37673,1250,746
10.23,57526,38187,1262,707
10.24,58259,38797,1278,733
10.25,59043,39214,1293,784
10.26,59594,39735,1309,551
10.27,60109,40247,1333,515
10.28,60557,40748,1347,448
10.29,61290,41288,1359,733
10.30,62050,41800,1373,760
10.31,62596,42337,1387,546
11.01,63185,42900,1404,589
11.02,63731,43403,1418,546
11.03,64156,44006,1429,425
11.04,64628,44523,1441,472
11.05,65258,45123,1454,630
11.06,65778,45794,1462,520
11.07,66481,46466,1472,703
11.08,66941,47154,1479,460
11.09,67589,47822,1490,648
11.10,67948,48437,1502,359
11.11,68497,49039,1516,549
11.12,69106,49545,1532,609
11.13,69653,50045,1543,547
11.14,70392,50514,1556,739
11.15,71065,50965,1569,673
11.16,71574,51375,1587,509
11.17,72099,51776,1602,525
11.18,72857,52182,1613,758
11.19,73639,52608,1624,782
11.20,74495,53060,1636,856
11.21,75058,53502,1647,563
11.22,75857,53988,1652,799
11.23,76476,54491,1657,619
11.24,77072,55046,1665,596
11.25,77891,55531,1677,819
11.26,78878,56025,1691,987
11.27,79517,56510,1704,639
11.28,80436,56991,1720,919
11.29,81131,57496,1731,695
11.30,81906,57947,1743,775
12.01,82424,58453,1756,518
12.02,83479,58949,1771,1055
12.03,84482,59465,1783,1003
12.04,85477,60086,1796,995
12.05,86499,60644,1813,1022
12.06,87213,61283,1833,714
12.07,87920,61948,1853,707
12.08,88723,62603,1872,803
12.09,89421,63243,1887,698
12.10,90146,63891,1901,725
12.11,90958,64527,1914,812
12.12,92113,65176,1927,1155
12.13,92913,65852,1937,800
12.14,93582,66543,1953,669
12.15,94223,67242,1971,641
12.16,95353,67953,1991,1130
12.17,96209,68658,2014,856
12.18,97028,69351,2032,819
12.19,98296,70101,2050,1268
12.20,99157,70943,2072,861
12.21,99789,71807,2088,632
12.22,100612,72721,2103,823
12.23,101544,73646,2120,932
12.24,102371,74573,2138,827
12.25,103329,75509,2154,958
12.26,103888,75509,2154,559
12.27,104162,77359,2174,274
12.28,104422,78262,2188,260
12.29,105374,79171,2202,952
12.30,106136,80097,2220,762
12.31,106958,81034,2242,822
01.01,107932,81977,2262,974
01.02,108349,81977,2262,417
01.03,108718,83880,2279,369
01.04,109073,84837,2292,355
01.05,109837,85800,2305,764
01.06,110796,86786,2321,959
01.07,111694,87747,2337,898
01.08,112856,88724,2352,1162
01.09,113994,89646,2372,1138
01.10,115026,90547,2387,1032
01.11,115733,91443,2405,707
01.12,116535,92324,2420,802
01.13,117590,93258,2437,1055
01.14,118592,94140,2451,1002
01.15,119640,94983,2466,1048
01.16,120789,95815,2479,1149
01.17,121648,96687,2495,859
01.18,122160,97588,2505,512
01.19,122588,98465,2518,428
01.20,123359,99303,2535,771
01.21,124447,100085,2556,1088
01.22,125518,100848,2570,1071
01.23,126370,101599,2585,852
01.24,127081,102344,2607,711
01.25,127652,103083,2617,571
01.26,128366,103811,2632,714
01.27,129394,104570,2651,1028
01.28,130163,105353,2668,769
01.29,130917,106109,2681,754
01.30,131886,106883,2693,969
01.31,132548,107634,2704,662
02.01,133227,108426,2718,679
02.02,133781,109227,2733,554
02.03,134482,110041,2750,701
02.04,135229,110832,2765,747
02.05,136023,111667,2779,794
02.06,136890,112488,2791,867
02.07,137603,113366,2807,713
02.08,138118,114258,2826,515
02.09,138945,115157,2846,827
02.10,139819,116060,2862,874
02.11,140797,116951,2876,978
02.12,141775,117855,2891,978
02.13,142598,118750,2904,823
02.14,143443,119669,2920,845
02.15,144042,120611,2936,599
02.16,145095,121542,2953,1053
02.17,146216,122493,2971,1121
