,confirm,heal,dead,confirm_add
03.02,2,0,0,2
03.03,2,0,0,0
03.04,5,0,0,3
03.05,5,0,0,0
03.06,5,0,0,0
03.07,15,0,0,7
03.08,18,0,0,3
03.09,30,0,0,12
03.10,30,0,0,0
03.11,41,0,0,11
03.12,59,0,0,18
03.13,112,0,0,53
03.14,112,0,0,0
03.15,169,2,0,57
03.16,245,2,0,76
03.17,448,3,1,117
03.18,448,3,1,0
03.19,785,4,2,337
03.20,785,4,2,0
03.21,1280,5,12,495
03.22,1600,5,14,815
03.23,2060,5,23,460
03.24,2362,5,29,762
03.25,2995,22,43,633
03.26,3544,22,60,549
03.27,4268,22,76,724
03.28,5170,43,100,902
03.29,5962,43,119,792
03.30,6408,43,140,446
03.31,7443,43,160,1035
04.01,8251,43,187,808
04.02,9034,68,209,783
04.03,9886,68,246,852
04.04,10524,75,266,638
04.05,11278,75,295,754
04.06,11730,140,311,452
04.07,12442,184,345,712
04.08,13141,196,380,699
04.09,13956,205,409,815
04.10,15472,233,435,1516
04.11,15987,266,470,515
04.12,16585,277,504,598
04.13,16934,277,535,349
04.14,17448,347,567,514
04.15,18091,383,599,643
04.16,18841,493,629,750
04.17,19022,519,657,181
04.18,19685,610,687,663
04.19,20206,610,714,521
04.20,20863,610,735,657
04.21,21379,917,762,516
04.22,21982,1143,785,603
04.23,22353,1201,820,371
04.24,22797,1228,854,444
04.25,23392,1277,880,595
04.26,23864,1329,903,472
04.27,24027,1357,928,163
04.28,24322,1389,948,295
04.29,24505,1470,973,183
04.30,25045,1519,989,540
05.01,25045,1519,989,0
05.02,25190,1671,1023,145
05.03,25190,1671,1023,0
05.04,25524,1712,1063,334
05.05,25702,1743,1074,178
05.06,26182,2076,1089,480
05.07,26715,2258,1105,533
05.08,27268,2422,1114,553
05.09,27406,2499,1126,138
05.10,27581,2549,1135,175
05.11,27679,2549,1144,98
05.12,27913,3013,1163,234
05.13,28132,3182,1175,219
05.14,28319,3198,1184,187
05.15,28583,3328,1190,264
05.16,28810,3822,1203,227
05.17,29036,4636,1218,226
05.18,29209,6430,1231,173
05.19,29432,6431,1247,223
05.20,29660,6452,1263,228
05.21,29912,6452,1277,252
05.22,30200,7590,1289,288
05.23,30471,7705,1302,271
05.24,30623,17549,1316,152
05.25,30788,17822,1330,165
05.26,31007,18096,1342,219
05.27,31292,18349,1356,285
05.28,31596,18637,1369,304
05.29,31946,18911,1383,350
05.30,32203,19186,1396,257
05.31,32500,19409,1410,297
06.01,32700,19552,1424,200
06.02,32895,19869,1436,195
06.03,32895,19869,1436,0
06.04,33592,20323,1455,697
06.05,33969,20526,1465,377
06.06,33969,20526,1465,0
06.07,34693,20995,1479,724
06.08,34885,21156,1485,192
06.09,35306,21339,1492,421
06.10,35306,21339,1492,0
06.11,35910,22002,1504,604
06.12,36180,22200,1505,270
06.13,36463,22438,1512,283
06.14,36690,22669,1517,227
06.15,37036,22852,1520,346
06.16,37336,23212,1522,300
06.17,37672,23580,1523,336
06.18,38089,24010,1524,417
06.19,38464,24477,1527,375
06.20,38841,24906,1528,377
06.21,39133,25376,1530,292
06.22,39392,25548,1534,259
06.23,39737,25829,1540,345
06.24,40104,26083,1543,367
06.25,40415,26382,1549,311
06.26,40866,26633,1555,451
06.27,41189,26864,1561,323
06.28,41189,26864,1561,0
06.29,41912,27205,1568,723
06.30,42141,27505,1576,229
07.01,42454,27798,1579,313
07.02,42782,28097,1587,328
07.03,42782,28097,1587,0
07.04,43569,28772,1605,787
07.05,43897,29017,1614,328
07.06,44129,29166,1620,232
07.07,44416,29445,1629,287
07.08,44859,29714,1631,443
07.09,45277,30049,1644,418
07.10,45679,30350,1646,402
07.11,46221,30655,1654,542
07.12,46221,30655,1654,0
07.13,46818,31065,1662,597
07.14,47051,31550,1668,233
07.15,47426,32110,1676,375
07.16,47765,32476,1679,339
07.17,48077,32790,1682,312
07.18,48390,33153,1684,313
07.19,48636,33369,1689,246
07.20,48771,33547,1691,135
07.21,48898,33769,1697,127
07.22,48898,33769,1697,0
07.23,49379,34369,1705,481
07.24,49379,34369,1705,0
07.25,49955,35010,1716,576
07.26,50164,35217,1717,209
07.27,50299,35375,1719,135
07.28,50410,35626,1722,111
07.29,50410,35626,1722,0
07.30,50868,36140,1727,458
07.31,51072,36483,1735,204
08.01,51310,36783,1737,238
08.02,51463,36984,1738,153
08.03,51569,37111,1738,106
08.04,51681,37318,1739,112
08.05,51848,37565,1740,167
08.06,52061,37840,1743,213
08.07,52351,38087,1746,290
08.08,52537,38364,1750,186
08.09,52537,38364,1750,0
08.10,52825,38600,1759,288
08.11,52945,38760,1761,120
08.12,53223,38940,1764,278
08.13,53548,38940,1770,325
08.14,53783,39374,1772,235
08.15,53981,39585,1775,198
08.16,54102,39697,1778,121
08.17,54234,39800,1779,132
08.18,54234,39800,1779,0
08.19,54701,40129,1786,467
08.20,54992,40264,1788,291
08.21,55211,40473,1792,219
08.22,55452,40652,1794,241
08.23,55597,40774,1796,145
08.24,55720,40880,1801,123
08.25,55912,41021,1805,192
08.26,56274,41184,1807,362
08.27,56673,41357,1809,399
08.28,57074,41556,1815,401
08.29,57448,41766,1818,374
08.30,57768,41885,1819,320
08.31,58012,41961,1822,244
09.01,58243,42104,1824,231
09.02,58633,42233,1827,390
09.03,59051,42427,1829,418
09.04,59457,42576,1833,406
09.05,59943,42793,1838,486
09.06,60258,42953,1840,315
09.07,60507,43016,1843,249
09.08,60895,43146,1846,388
09.09,61541,43284,1849,646
09.10,62126,43441,1852,585
09.11,62813,43644,1855,687
09.12,63310,43894,1860,497
09.13,63983,44069,1867,673
09.14,64596,44185,1871,613
09.15,65021,44362,1875,425
09.16,65626,44528,1878,605
09.17,66396,44794,1888,770
09.18,67176,45053,1894,780
09.19,68025,45404,1899,849
09.20,68577,45596,1912,552
09.21,69200,45736,1920,623
09.22,69663,45974,1925,463
09.23,70465,46290,1928,802
09.24,71156,46676,1931,691
09.25,72055,47003,1936,899
09.26,72939,47380,1944,884
09.27,73604,47647,1953,665
09.28,74029,47884,1957,425
09.29,74717,48193,1963,688
09.30,75542,48530,1971,825
10.01,76396,48937,1977,854
10.02,77284,49359,1983,888
10.03,78247,49845,1995,963
10.04,79151,50207,2005,904
10.05,79151,50207,2005,0
10.06,80312,50712,2032,1161
10.07,81256,51037,2040,944
10.08,82534,51517,2050,1278
10.09,83928,52164,2062,1394
10.10,85574,52803,2067,1646
10.11,86664,53187,2080,1090
10.12,87913,53498,2094,1249
10.13,89121,54047,2110,1208
10.14,91193,54493,2117,2072
10.15,93294,55081,2128,2101
10.16,95902,56066,2149,2608
10.17,98055,57919,2162,2153
10.18,99911,59000,2181,1856
10.19,101860,59966,2198,1949
10.20,103736,61898,2213,1876
10.21,106271,63238,2229,2535
10.22,109541,64531,2245,3270
10.23,112440,65880,2276,2899
10.24,116109,67842,2297,3669
10.25,116109,67842,2297,0
10.26,121133,69956,2343,5024
10.27,124432,72344,2371,3299
10.28,124432,72344,2371,0
10.29,132616,75702,2428,8184
10.30,137272,77449,2468,4656
10.31,137272,77449,2468,0
11.01,141279,80280,2507,4007
11.02,144341,81771,2544,3062
11.03,149443,86589,2635,5102
11.04,156940,88946,2694,7497
11.05,161350,91453,2740,4410
11.06,166900,93754,2792,5550
11.07,173540,97747,2848,6640
11.08,173540,97747,2848,0
11.09,183420,102083,2959,9880
11.10,183420,102083,2959,0
11.11,187237,106878,3021,3817
11.12,192172,110353,3103,4935
11.13,198011,113689,3181,5839
11.14,204664,117382,3250,6653
11.15,217301,125066,3381,12637
11.16,217301,125066,3381,0
11.17,225672,142155,3472,8371
11.18,230124,149445,3553,4452
11.19,236015,153702,3632,5891
11.20,249498,163000,3762,13483
11.21,249498,163000,3762,0
11.22,255970,169379,3824,6472
11.23,264802,176827,3971,8832
11.24,268721,184233,4056,3919
11.25,274011,189356,4127,5290
11.26,274011,189356,4127,0
11.27,280394,193944,4209,6383
11.28,290706,206275,4363,10312
11.29,290706,206275,4363,0
11.30,294799,209534,4427,4093
12.01,298061,212942,4505,3262
12.02,300462,220877,4577,2401
12.03,303846,223446,4645,3384
12.04,307618,229018,4724,3772
12.05,312553,234038,4803,4935
12.06,322474,243055,4963,9921
12.07,325071,245843,5041,2597
12.08,327976,252428,5122,2905
12.09,327976,254700,5192,0
12.10,332073,259548,5278,4097
12.11,340287,263648,5373,8214
12.12,340287,263648,5373,0
12.13,344700,268453,5461,4413
12.14,348744,274277,5649,4044
12.15,353576,280038,5733,4832
12.16,358296,283719,5815,4720
12.17,358296,283719,5815,0
12.18,362616,290690,5977,4320
12.19,366952,294814,6063,4336
12.20,370787,297233,6134,3835
12.21,374121,297233,6134,3334
12.22,378656,304825,6254,4535
12.23,378656,304825,6254,0
12.24,383258,308446,6343,4602
12.25,387636,312533,6413,4378
12.26,391782,315126,6478,4146
12.27,392996,316671,6556,1214
12.28,394573,319746,6619,1577
12.29,396666,321682,6677,2093
12.30,400002,327794,6751,3336
12.31,413678,334276,6906,13676
01.01,413678,334276,6906,0
01.02,420629,338668,6972,6951
01.03,427254,342535,7118,6625
01.04,427254,342535,7118,0
01.05,436579,349110,7286,9325
01.06,446606,352225,7377,10027
01.07,446606,352225,7377,0
01.08,466709,360181,7590,20103
01.09,466709,360181,7590,0
01.10,483689,369108,7803,16980
01.11,489293,372056,7925,5604
01.12,489293,372056,7925,0
01.13,507108,382544,8236,17815
01.14,507108,382544,8236,0
01.15,528469,394065,8543,21361
01.16,528469,394065,8543,0
01.17,549801,406929,8861,21332
01.18,556503,411589,9028,6702
01.19,566958,421871,9246,10455
01.20,566958,421871,9246,0
01.21,595149,434237,9686,28191
01.22,609136,441556,9920,13987
01.23,609136,441556,9920,0
01.24,624469,451324,10194,15333
01.25,643113,461757,10721,18644
01.26,643113,461757,10721,0
01.27,668951,484753,11305,25838
01.28,668951,484753,11305,0
01.29,685383,493699,11608,16432
01.30,711018,518900,12179,25635
01.31,720516,526411,12482,9498
02.01,726321,534384,12757,5805
02.02,726321,534384,12757,0
02.03,731861,551956,13017,5540
02.04,748858,573934,13482,16997
02.05,748858,573934,13482,0
02.06,755774,585276,13740,6916
02.07,765414,606166,14158,9640
02.08,767919,612921,14354,2505
02.09,770502,628078,14557,2583
02.10,774889,636859,14718,4387
02.11,774889,636859,14718,0
02.12,778369,652739,15034,3480
02.13,781223,652739,15034,2854
02.14,785756,665316,15321,4533
02.15,785756,665316,15321,0
02.16,788561,677719,15522,2805
02.17,788561,677719,15522,0
02.18,790885,683061,15649,2324
02.19,792829,687462,15754,1944
02.20,794769,691866,15821,1940
02.21,797525,699222,15962,2756
02.22,798074,701409,16023,549
02.23,799106,705976,16086,1032
02.24,800586,709054,16136,1480
02.25,801746,711713,16185,1160
02.26,802773,714493,16243,1027
02.27,802773,714493,16243,0
02.28,804562,718977,16317,1789
03.01,804956,720235,16351,394
03.02,805647,723465,16389,691
03.03,806626,725399,16430,979
03.04,806626,725399,16430,0
03.05,808405,728659,16486,1779
03.06,808405,728659,16486,0
03.07,810094,731567,16540,1689
03.08,810094,731567,16540,0
03.09,810459,732346,16565,365
03.10,811306,738179,16617,847
03.11,811948,738179,16617,642
03.12,813152,749770,16650,1204
03.13,813716,756259,16669,564
03.14,813716,756259,16669,0
03.15,814257,759417,16684,541
03.16,814897,762961,16707,640
03.17,815570,764019,16722,673
03.18,816055,764599,16743,485
03.19,816623,766170,16754,568
03.20,816623,766170,16754,0
03.21,817530,767319,16768,907
03.22,817778,767874,16784,248
03.23,818212,769086,16794,434
03.24,818212,769086,16794,0
03.25,819210,770448,16814,998
03.26,819698,771339,16819,488
03.27,819698,775007,16827,0
03.28,820407,775391,16837,709
03.29,820716,775849,16843,309
03.30,820716,775849,16843,0
03.31,821722,778210,16848,1006
04.01,821722,778210,16848,0
04.02,822862,779655,16868,1140
04.03,822862,779655,16868,0
04.04,823142,779973,16875,280
04.05,823494,780643,16885,352
04.06,824368,781537,16887,874
04.07,824368,781537,16887,0
04.08,825031,782294,16890,663
04.09,825633,782895,16899,602
04.10,826327,783523,16904,694
04.11,826928,784208,16910,601
04.12,827765,785063,16918,837
04.13,828173,785809,16923,408
04.14,828857,786469,16931,684
04.15,829358,787011,16933,501
04.16,829358,787011,16933,0
04.17,829911,787607,16937,553
04.18,830560,788274,16942,649
04.19,831221,789216,16946,661
04.20,831645,790118,16951,424
04.21,832255,790650,16952,610
04.22,832255,790650,16952,0
04.23,832891,791171,16956,636
04.24,833964,792377,16959,1073
04.25,833964,792377,16959,0
04.26,834638,793011,16965,674
04.27,834991,794205,16970,353
04.28,834991,794205,16970,0
04.29,835563,794781,16973,572
04.30,836493,795838,16974,930
05.01,836493,795838,16974,0
05.02,837277,796721,16977,784
05.03,837457,797124,16977,180
05.04,837457,797124,16977,0
05.05,837715,797901,16981,258
05.06,838102,798414,16983,387
05.07,838475,798952,16988,373
05.08,839258,800007,16991,783
05.09,839258,800007,16991,0
05.10,839740,800645,16993,482
05.11,839740,800645,16993,0
05.12,840008,801306,16994,268
05.13,840929,801961,16999,921
05.14,840929,801961,16999,0
05.15,841848,802671,17006,919
05.16,841848,802671,17006,0
05.17,842381,803191,17009,533
05.18,842381,803191,17009,0
05.19,842767,803759,17011,386
05.20,843278,804176,17013,511
05.21,844288,804984,17017,1010
05.22,844811,805466,17017,523
05.23,844811,805466,17017,0
05.24,845465,805979,17018,654
05.25,845840,806648,17021,375
05.26,846434,807065,17022,594
05.27,847006,807532,17022,572
05.28,847604,808047,17023,598
05.29,847604,808047,17023,0
05.30,848213,808557,17023,609
05.31,848658,808813,17023,445
06.01,849093,809135,17025,435
06.02,849538,809813,17025,445
06.03,851031,810659,17029,1493
06.04,851461,810959,17029,430
06.05,851461,810959,17029,0
06.06,852034,811640,17032,573
06.07,853034,812174,17036,1000
06.08,853034,812174,17036,0
06.09,853632,812964,17037,598
06.10,854522,813489,17037,890
06.11,855432,814023,17043,910
06.12,855951,814318,17044,519
06.13,856740,815094,17045,789
06.14,857447,815342,17047,707
06.15,858072,815622,17047,625
06.16,860395,817092,17055,2323
06.17,860395,817092,17055,0
06.18,862926,818440,17061,2531
06.19,864109,819324,17062,1183
06.20,865050,819688,17065,941
06.21,865050,819688,17065,0
06.22,866826,821374,17074,1776
06.23,868323,822234,17077,1497
06.24,868323,822234,17077,0
06.25,871483,823960,17081,3160
06.26,873051,825209,17083,1568
06.27,873051,825209,17083,0
06.28,874547,825684,17084,1496
06.29,877195,827969,17092,2648
06.30,879557,828990,17096,2362
07.01,882006,830224,17101,2449
07.02,882006,830224,17101,0
