,confirm,heal,dead,confirm_add
02.29,1,0,0,1
03.01,1,0,0,0
03.02,1,0,0,0
03.03,7,0,0,6
03.04,7,0,0,0
03.05,7,0,0,0
03.06,11,0,0,4
03.07,11,0,0,0
03.08,11,0,0,0
03.09,15,0,0,4
03.10,18,0,0,3
03.11,262,0,0,244
03.12,262,0,0,0
03.13,262,0,0,0
03.14,337,0,0,17
03.15,337,4,0,0
03.16,439,4,0,102
03.17,439,4,0,0
03.18,439,4,0,0
03.19,452,4,0,13
03.20,460,4,0,8
03.21,470,10,0,10
03.22,481,27,0,11
03.23,494,33,0,13
03.24,501,37,0,7
03.25,526,41,0,25
03.26,537,41,0,11
03.27,549,43,0,12
03.28,562,43,0,13
03.29,590,45,1,28
03.30,634,48,1,44
03.31,693,51,1,59
04.01,781,62,2,88
04.02,835,71,2,54
04.03,949,72,3,114
04.04,1075,93,3,126
04.05,1325,109,3,250
04.06,1604,123,4,279
04.07,1832,131,4,228
04.08,2210,178,6,378
04.09,2376,206,6,166
04.10,2512,227,6,136
04.11,2728,247,6,216
04.12,2979,275,7,251
04.13,3231,334,7,252
04.14,3428,373,7,197
04.15,3711,406,7,283
04.16,4103,415,7,392
04.17,4663,464,7,560
04.18,5008,510,8,345
04.19,5448,518,8,440
04.20,6015,555,9,567
04.21,6533,614,9,518
04.22,7141,689,10,608
04.23,7764,750,10,623
04.24,8525,809,10,761
04.25,9358,929,10,833
04.26,10287,1012,10,929
04.27,11244,1066,10,957
04.28,11921,1134,10,677
04.29,12564,1243,10,643
04.30,13409,1372,10,845
05.01,14096,1436,12,687
05.02,14872,1534,12,776
05.03,14872,1534,12,0
05.04,16191,1810,12,1319
05.05,17142,1924,12,951
05.06,17972,2070,12,830
05.07,18890,2286,12,918
05.08,20201,2370,12,1311
05.09,21331,2449,13,1130
05.10,22520,2753,14,1189
05.11,23623,2840,14,1103
05.12,25149,3019,14,1526
05.13,26539,3143,14,1390
05.14,28272,3356,14,1733
05.15,29425,3546,14,1153
05.16,30972,3788,15,1547
05.17,32604,4370,15,1632
05.18,33969,4899,15,1365
05.19,35606,5634,15,1637
05.20,37097,6600,16,1491
05.21,38651,7288,17,1554
05.22,38651,7288,17,0
05.23,42213,8513,21,3562
05.24,43714,9170,23,1501
05.25,45465,10363,26,1751
05.26,47207,11844,28,1742
05.27,48947,13283,30,1740
05.28,50914,15399,33,1967
05.29,52907,20604,36,1993
05.30,55262,25839,36,2355
05.31,56910,30290,38,1648
06.01,58433,33437,40,1523
06.02,60259,36036,43,1826
06.03,60259,36036,43,0
06.04,63741,39468,45,3482
06.05,65495,40935,49,1754
06.06,67195,42527,51,1700
06.07,68790,44338,54,1595
06.08,70158,45935,57,1368
06.09,71879,47569,62,1721
06.10,71879,47569,62,0
06.11,75071,51331,69,3192
06.12,76588,53296,70,1517
06.13,78416,55252,70,1828
06.14,79602,56898,73,1186
06.15,80876,58681,76,1274
06.16,82077,60461,80,1201
06.17,83174,62172,82,1097
06.18,84441,63642,86,1267
06.19,85462,65409,93,1021
06.20,86488,66763,94,1026
06.21,87369,68319,98,881
06.22,88403,69956,99,1034
06.23,89579,71501,99,1176
06.24,90778,73083,104,1199
06.25,91838,74544,106,1060
06.26,92784,76072,109,946
06.27,93663,77225,110,879
06.28,94413,78702,110,750
06.29,95106,80170,113,693
06.30,95106,80170,113,0
07.01,97003,83965,115,1897
07.02,97897,86597,118,894
07.03,98653,88583,121,756
07.04,99183,90387,123,530
07.05,99799,92284,128,616
07.06,100345,93898,133,546
07.07,100945,94903,134,600
07.08,101553,96107,138,608
07.09,102110,97272,142,557
07.10,102630,98233,146,520
07.11,103128,98934,146,498
07.12,103598,99743,147,470
07.13,103598,99743,147,0
07.14,104533,101160,150,935
07.15,104983,101637,151,450
07.16,105477,102168,152,494
07.17,105898,102597,153,421
07.18,106308,103023,154,410
07.19,106648,103377,157,340
07.20,107037,103782,159,389
07.21,107430,104191,160,393
07.22,107871,104641,163,441
07.23,107871,104641,163,0
07.24,108638,105420,164,767
07.25,109036,105750,164,398
07.26,109305,106024,165,269
07.27,109597,106328,165,292
07.28,109597,106328,165,0
07.29,110153,106849,169,556
07.30,110460,107135,171,307
07.31,110695,107377,174,235
08.01,110911,107578,174,216
08.02,111107,107779,177,196
08.03,111322,108002,177,215
08.04,111538,108254,177,216
08.05,111538,108254,177,0
08.06,112092,108831,178,554
08.07,112383,109142,180,291
08.08,112650,109438,182,267
08.09,112947,109709,184,297
08.10,113262,109993,188,315
08.11,113646,110324,188,384
08.12,113938,110627,190,292
08.13,113938,110627,190,0
08.14,114532,111258,190,594
08.15,114809,111505,192,277
08.16,115080,111794,193,271
08.17,115368,112088,193,288
08.18,115368,112088,193,0
08.19,115956,112658,193,588
08.20,116224,112924,193,268
08.21,116481,113216,193,257
08.22,116765,113531,193,284
08.23,117008,113808,193,243
08.24,117266,114099,194,258
08.25,117266,114099,194,0
08.26,117742,114558,194,476
08.27,117988,114797,195,246
08.28,118196,115017,196,208
08.29,118407,115251,196,211
08.30,118575,115430,197,168
08.31,118778,115667,197,203
09.01,118994,115895,198,216
09.02,118994,115895,198,0
09.03,119420,116313,201,426
09.04,119637,116538,201,217
09.05,119864,116780,202,227
09.06,120095,116998,203,231
09.07,120348,117241,205,253
09.08,120579,117497,205,231
09.09,120846,117746,205,267
09.10,121052,117978,205,206
09.11,121287,118199,205,235
09.12,121523,118475,205,236
09.13,121740,118682,205,217
09.14,121975,118931,207,235
09.15,122214,119144,208,239
09.16,122449,119400,208,235
09.17,122693,119613,208,244
09.18,122917,119822,209,224
09.19,123146,120089,209,229
09.20,123376,120303,210,230
09.21,123604,120540,211,228
09.22,123917,120766,211,313
09.23,124175,121006,212,258
09.24,124425,121263,212,250
09.25,124650,121512,212,225
09.26,124850,121738,214,200
09.27,125084,121995,214,234
09.28,125311,122209,214,227
09.29,125533,122448,214,222
09.30,125760,122699,214,227
10.01,125959,122911,214,199
10.02,126164,123108,215,205
10.03,126339,123302,216,175
10.04,126498,123475,216,159
10.05,126692,123664,216,194
10.06,126692,123664,216,0
10.07,127181,124108,218,489
10.08,127394,124327,218,213
10.09,127600,124559,219,206
10.10,127778,124767,219,178
10.11,127778,124767,219,0
10.12,128191,125176,220,413
10.13,128405,125373,220,214
10.14,128603,125584,220,198
10.15,128803,125802,222,200
10.16,128803,125802,222,0
10.17,129227,126218,223,424
10.18,129431,126406,224,204
10.19,129671,126650,224,240
10.20,129671,126650,224,0
10.21,130210,127093,225,539
10.22,130462,127328,228,252
10.23,130711,127599,229,249
10.24,130965,127868,229,254
10.25,131170,128099,230,205
10.26,131432,128343,230,262
10.27,131689,128617,230,257
10.28,131939,128884,230,250
10.29,132150,129124,231,211
10.30,132343,129349,232,193
10.31,132556,129583,232,213
11.01,132720,129784,232,164
11.02,132720,129784,232,0
11.03,133143,130202,232,423
11.04,133370,130414,232,227
11.05,133619,130680,232,249
11.06,133811,130881,232,192
11.07,134013,131075,232,202
11.08,134203,131276,232,190
11.09,134433,131490,232,230
11.10,134433,131490,232,0
11.11,134663,131733,233,230
11.12,135132,132153,234,469
11.13,135367,132356,234,235
11.14,135570,132577,234,203
11.15,135785,132784,234,215
11.16,136028,133010,235,243
11.17,136222,133217,235,194
11.18,136441,133473,235,219
11.19,136649,133691,235,208
11.20,136888,133914,235,239
11.21,137062,134100,235,174
11.22,137229,134282,236,167
11.23,137415,134486,236,186
11.24,137642,134698,236,227
11.25,137851,134950,237,209
11.26,138066,135198,237,215
11.27,138250,135370,237,184
11.28,138477,135651,237,227
11.29,138648,135862,237,171
11.30,138648,135862,237,0
12.01,139001,136306,238,353
12.02,139256,136513,239,255
12.03,139477,136741,239,221
12.04,139643,136872,239,166
12.05,139783,137060,239,140
12.06,139908,137276,239,125
12.07,139908,137276,239,0
12.08,140203,137708,239,295
12.09,140353,137881,240,150
12.10,140516,138033,240,163
12.11,140680,138194,240,164
12.12,140827,138347,240,147
12.13,140961,138490,240,134
12.14,140961,138719,241,0
12.15,141272,138919,241,311
12.16,141417,139042,242,145
12.17,141557,139243,242,140
12.18,141716,139384,242,159
12.19,141858,139521,243,142
12.20,142001,139724,243,143
12.21,142001,139724,243,0
12.22,142308,140129,243,307
12.23,142448,140264,243,140
12.24,142605,140404,243,157
12.25,142734,140542,244,129
12.26,142903,140687,244,169
12.27,143062,140866,244,159
12.28,143062,140866,244,0
12.29,143428,141147,245,366
12.30,143621,141300,245,193
12.31,143834,141422,245,213
01.01,144042,141556,245,208
01.02,144240,141680,245,198
01.03,144240,141680,245,0
