,confirm,heal,dead,confirm_add
03.03,1,0,0,1
03.04,1,0,0,0
03.05,2,0,0,1
03.06,5,0,0,3
03.07,7,0,0,2
03.08,11,0,0,4
03.09,15,0,0,4
03.10,20,1,0,5
03.11,21,1,0,1
03.12,45,1,0,24
03.13,62,1,0,17
03.14,86,1,0,24
03.15,103,1,0,17
03.16,118,3,0,15
03.17,133,6,0,15
03.18,171,6,0,38
03.19,238,6,0,67
03.20,274,8,0,36
03.21,392,16,0,118
03.22,511,17,0,119
03.23,562,19,0,51
03.24,767,28,1,205
03.25,900,29,2,133
03.26,1012,29,3,112
03.27,1104,29,3,92
03.28,1203,37,4,99
03.29,1299,66,8,96
03.30,1453,115,8,154
03.31,1563,165,10,110
04.01,1720,264,16,157
04.02,1885,328,21,165
04.03,2039,351,25,154
04.04,2179,420,29,140
04.05,2385,488,34,206
04.06,2523,551,38,138
04.07,2795,615,41,272
04.08,2932,615,41,137
04.09,3287,666,44,355
04.10,3651,685,47,364
04.11,4033,720,52,382
04.12,4462,761,59,429
04.13,4934,805,65,472
04.14,5369,889,73,435
04.15,5862,931,79,493
04.16,6380,990,83,518
04.17,7142,1049,87,762
04.18,8274,1329,92,1132
04.19,9362,1398,97,1088
04.20,10484,1490,103,1122
04.21,11631,1640,109,1147
04.22,12772,1812,114,1141
04.23,13930,1925,121,1158
04.24,15102,2049,127,1172
04.25,16299,2215,136,1197
04.26,17522,2357,139,1223
04.27,18811,2531,144,1289
04.28,20077,2784,152,1266
04.29,21402,2953,157,1325
04.30,22753,3163,162,1351
05.01,22753,3163,162,0
05.02,25459,3765,176,2706
05.03,25459,3765,176,0
05.04,28656,4476,191,3197
05.05,30251,5431,200,1595
05.06,31938,6783,209,1687
05.07,33731,7798,219,1793
05.08,35432,9120,229,1701
05.09,37136,10144,239,1704
05.10,39048,11457,246,1912
05.11,41014,12737,255,1966
05.12,42925,15257,264,1911
05.13,44830,17622,273,1905
05.14,46869,19051,283,2039
05.15,49176,21869,292,2307
05.16,52016,23666,302,2840
05.17,54752,25722,312,2736
05.18,57345,28748,320,2593
05.19,59854,31634,329,2509
05.20,62545,33478,339,2691
05.21,65077,36040,351,2532
05.22,65077,36040,351,0
05.23,70161,41236,379,5084
05.24,72560,43520,390,2399
05.25,74795,45668,399,2235
05.26,76726,48450,411,1931
05.27,78541,51022,425,1815
05.28,80185,54553,441,1644
05.29,81766,57013,458,1581
05.30,83384,58883,480,1618
05.31,85261,62442,503,1877
06.01,87142,64306,525,1881
06.02,89011,65790,549,1869
06.03,89011,65790,549,0
06.04,93157,68965,611,4146
06.05,95748,70616,642,2591
06.06,98869,71791,676,3121
06.07,101914,72817,712,3045
06.08,105283,74524,746,3369
06.09,108571,76339,783,3288
06.10,108571,76339,783,0
06.11,116021,80019,857,7450
06.12,119942,81029,893,3921
06.13,123308,82548,932,3366
06.14,127541,84720,972,4233
06.15,132048,87890,1011,4507
06.16,136315,89540,1052,4267
06.17,141234,91662,1091,4919
06.18,145991,93915,1139,4757
06.19,150292,95764,1184,4301
06.20,154233,98917,1230,3941
06.21,157612,101130,1267,3379
06.22,161005,105175,1307,3393
06.23,164144,109885,1346,3139
06.24,167267,112797,1387,3123
06.25,170639,117882,1428,3372
06.26,174577,120471,1474,3938
06.27,178504,122128,1511,3927
06.28,182493,124755,1551,3989
06.29,186436,127118,1599,3943
06.30,190823,130766,1649,4387
07.01,194225,132760,1698,3402
07.02,197608,137669,1752,3383
07.03,201801,140614,1802,4193
07.04,205929,143256,1858,4128
07.05,209509,145236,1916,3580
07.06,213716,149634,1968,4207
07.07,217108,154839,2017,3392
07.08,220144,158050,2059,3036
07.09,223327,161096,2100,3183
07.10,226486,163026,2151,3159
07.11,229480,165396,2181,2994
07.12,232259,167138,2223,2779
07.13,235111,169842,2243,2852
07.14,237803,177560,2283,2692
07.15,240474,183048,2325,2671
07.16,243238,187622,2370,2764
07.17,245851,191161,2407,2613
07.18,248416,194218,2447,2565
07.19,250920,197735,2486,2504
07.20,253349,203259,2523,2429
07.21,255825,207259,2557,2476
07.22,258156,210398,2601,2331
07.23,260394,213490,2635,2238
07.24,262772,215731,2672,2378
07.25,264973,217782,2703,2201
07.26,266941,220323,2733,1968
07.27,268934,222936,2760,1993
07.28,270831,225624,2789,1897
07.29,272590,228569,2816,1759
07.30,274219,231198,2842,1629
07.31,275905,235658,2866,1686
08.01,277478,237548,2887,1573
08.02,278835,240081,2917,1357
08.03,280093,242055,2949,1258
08.04,281456,243713,2984,1363
08.05,282824,245314,3020,1368
08.06,284226,247089,3055,1402
08.07,285793,248948,3093,1567
08.08,287262,250440,3130,1469
08.09,288690,252039,3167,1428
08.10,289947,253478,3199,1257
08.11,291468,255118,3233,1521
08.12,293037,257269,3269,1569
08.13,294519,260393,3303,1482
08.14,295902,262959,3338,1383
08.15,297315,264487,3369,1413
08.16,298542,266953,3408,1227
08.17,299914,268385,3436,1372
08.18,301323,272911,3470,1409
08.19,302686,274091,3506,1363
08.20,303973,275476,3548,1287
08.21,305186,277067,3580,1213
08.22,306370,278441,3619,1184
08.23,307479,280143,3649,1109
08.24,308654,282888,3691,1175
08.25,309768,283932,3722,1114
08.26,310836,284945,3755,1068
08.27,311855,286255,3785,1019
08.28,312924,287403,3813,1069
08.29,313911,288441,3840,987
08.30,314821,289667,3870,910
08.31,315772,290796,3897,951
09.01,316670,291514,3929,898
09.02,317486,292510,3956,816
09.03,318319,293964,3982,833
09.04,319141,295063,4015,822
09.05,319932,295842,4049,791
09.06,320688,296737,4081,756
09.07,321456,297623,4107,768
09.08,322237,298246,4137,781
09.09,323012,298966,4165,775
09.10,323720,299998,4189,708
09.11,324407,300933,4213,687
09.12,325050,301836,4240,643
09.13,325651,302870,4268,601
09.14,326258,303930,4305,607
09.15,326930,305022,4338,672
09.16,327551,306004,4369,621
09.17,328144,307207,4399,593
09.18,328720,308352,4430,576
09.19,329271,309430,4458,551
09.20,329754,310439,4485,483
09.21,330246,311499,4512,492
09.22,330798,312684,4542,552
09.23,331359,313786,4569,561
09.24,331857,314793,4599,498
09.25,332329,315636,4625,472
09.26,332790,316405,4655,461
09.27,333193,317005,4683,403
09.28,333648,317846,4712,455
09.29,334187,318542,4739,539
09.30,334605,319154,4768,418
10.01,335097,319746,4794,492
10.02,335578,320348,4823,481
10.03,335997,320974,4850,419
10.04,336387,321485,4875,390
10.05,336766,322055,4898,379
10.06,337243,322612,4923,477
10.07,337711,323208,4947,468
10.08,338132,323769,4972,421
10.09,338539,324282,4996,407
10.10,338944,324737,5018,405
10.11,339267,325330,5043,323
10.12,339615,325839,5068,348
10.13,340089,326339,5087,474
10.14,340590,326820,5108,501
10.15,341062,327327,5127,472
10.16,341495,327795,5144,433
10.17,341854,328165,5165,359
10.18,342202,328538,5185,348
10.19,342583,328895,5201,381
10.20,342968,329270,5217,385
10.21,343373,329715,5235,405
10.22,343774,330181,5250,401
10.23,344157,330578,5264,383
10.24,344552,330995,5281,395
10.25,344875,331330,5296,323
10.26,345232,331691,5313,357
10.27,345631,332117,5329,399
10.28,346047,332550,5348,416
10.29,346482,333005,5363,435
10.30,346880,333409,5383,398
10.31,347282,333842,5402,402
11.01,347656,334236,5420,374
11.02,348037,334672,5437,381
11.03,348510,335153,5456,473
11.04,348936,335594,5471,426
11.05,349386,336068,5489,450
11.06,349822,336533,5506,436
11.07,350229,336966,5525,407
11.08,350592,337386,5540,363
11.09,350984,337788,5559,392
11.10,350984,337788,5559,0
11.11,351455,338281,5576,471
11.12,352160,339114,5605,705
11.13,352601,339568,5625,441
11.14,352950,339947,5641,349
11.15,353255,340304,5657,305
11.16,353556,340668,5676,301
11.17,353918,341104,5692,362
11.18,354208,341515,5710,290
11.19,354527,341956,5729,319
11.20,354813,342404,5745,286
11.21,355034,342882,5761,221
11.22,355258,343371,5780,224
11.23,355489,343816,5796,231
11.24,355741,344311,5811,252
11.25,356067,344787,5825,326
11.26,356389,345215,5840,322
11.27,356691,345622,5857,302
11.28,356911,346023,5870,220
11.29,357128,346409,5884,217
11.30,357360,346802,5896,232
12.01,357623,347176,5907,263
12.02,357872,347513,5919,249
12.03,358102,347881,5930,230
12.04,358336,348238,5940,234
12.05,358526,348562,5954,190
12.06,358713,348879,5965,187
12.07,358922,349168,5977,209
12.08,359115,349414,5989,193
12.09,359274,349624,6002,159
12.10,359274,349624,6002,0
12.11,359583,350108,6023,309
12.12,359749,350347,6036,166
12.13,359888,350549,6048,139
12.14,360013,350792,6059,125
12.15,360013,350792,6059,0
12.16,360335,351192,6080,322
12.17,360516,351365,6091,181
12.18,360690,351573,6101,174
12.19,360848,351722,6112,158
12.20,361010,351878,6122,162
12.21,361178,352089,6131,168
12.22,361359,352249,6139,181
12.23,361536,352418,6148,177
12.24,361725,352608,6159,189
12.25,361903,352815,6168,178
12.26,361903,352815,6168,0
12.27,362220,353179,6185,317
12.28,362339,353353,6196,119
12.29,362488,353512,6204,149
12.30,362601,353682,6214,113
12.31,362741,353853,6223,140
01.01,362878,354081,6230,137
01.02,362979,354263,6239,101
01.03,363061,354443,6246,82
01.04,363155,354609,6256,94
01.05,363259,354755,6265,104
01.06,363377,354899,6272,118
01.07,363485,355037,6278,108
01.08,363582,355208,6282,97
01.09,363692,355382,6286,110
01.10,363809,355548,6291,117
01.11,363949,355706,6295,140
01.12,364096,355857,6300,147
01.13,364271,356013,6304,175
01.14,364440,356201,6310,169
01.15,364613,356382,6313,173
01.16,364753,356541,6318,140
01.17,364929,356687,6323,176
01.18,365099,356848,6329,170
01.19,365325,357004,6335,226
01.20,365563,357177,6338,238
01.21,365775,357337,6342,212
01.22,365988,357525,6346,213
01.23,366185,357728,6350,197
01.24,366371,357939,6352,186
01.25,366584,358137,6355,213
01.26,366807,358340,6359,223
01.27,367023,358545,6363,216
01.28,367276,358753,6366,253
01.29,367543,359006,6368,267
01.30,367813,359299,6372,270
01.31,367813,359299,6372,0
02.01,368329,359839,6379,516
02.02,368639,360110,6383,310
02.03,368639,360110,6383,0
02.04,369248,360697,6389,609
02.05,369575,360954,6393,327
02.06,369961,361237,6397,386
02.07,369961,361237,6397,0
02.08,370634,361813,6406,673
02.09,370634,361813,6406,0
02.10,371356,362368,6415,722
02.11,371720,362642,6420,364
02.12,372073,362947,6424,353
02.13,372410,363303,6429,337
02.14,372732,363585,6433,322
02.15,373046,363926,6438,314
02.16,373368,364297,6441,322
02.17,373368,364297,6441,0
02.18,374029,365017,6450,661
02.19,374366,365363,6454,337
02.20,374691,365745,6457,325
02.21,375006,366094,6461,315
02.22,375333,366412,6466,327
02.23,375668,366735,6470,335
02.24,376021,367015,6475,353
02.25,376377,367323,6480,356
02.26,376723,367691,6483,346
02.27,377061,368011,6488,338
02.28,377383,368305,6494,322
03.01,377700,368640,6500,317
03.02,378002,368926,6505,302
03.03,378333,369277,6510,331
03.04,378708,369613,6514,375
03.05,379092,369922,6519,384
03.06,379474,370300,6524,382
03.07,379831,370614,6528,357
03.08,380182,371032,6534,351
03.09,380572,371338,6539,390
03.10,380958,371583,6545,386
03.11,381348,371850,6551,390
03.12,381708,372217,6556,360
03.13,382059,372456,6563,351
03.14,382407,372703,6567,348
03.15,382407,372703,6567,0
03.16,383106,373130,6578,699
03.17,383499,373361,6585,393
03.18,383880,373601,6591,381
03.19,383880,373601,6591,0
03.20,384653,374135,6602,773
03.21,385020,374412,6609,367
03.22,385424,374799,6613,404
03.23,385424,374799,6613,0
03.24,386300,375471,6624,876
03.25,386782,375831,6630,482
03.26,387292,376203,6637,510
03.27,387794,376558,6643,502
03.28,388325,376947,6650,531
03.29,388325,376947,6650,0
03.30,388866,377304,6656,541
03.31,390007,378083,6669,1141
04.01,390597,378469,6676,590
04.02,391325,378873,6684,728
04.03,392009,379312,6690,684
04.04,392682,379816,6697,673
04.05,393377,380305,6704,695
04.06,393377,380305,6704,0
04.07,394952,381189,6719,1575
04.08,395854,381658,6728,902
04.09,396758,382198,6737,904
04.10,396758,382198,6737,0
04.11,398435,383321,6754,1677
04.12,399277,384027,6765,842
04.13,400228,384635,6773,951
04.14,401157,385441,6781,929
04.15,402142,386102,6791,985
04.16,403106,387020,6801,964
04.17,404054,387795,6810,948
04.18,404970,388702,6823,916
04.19,405940,389598,6834,970
04.20,407010,390538,6846,1070
04.21,408038,391362,6858,1028
04.22,409093,392448,6869,1055
04.23,409093,392448,6869,0
04.24,410191,393671,6878,1098
04.25,412216,395557,6900,2025
04.26,413174,396604,6913,958
04.27,414219,397587,6922,1045
04.28,415281,398454,6935,1062
04.29,416307,399509,6946,1026
04.30,417363,400580,6957,1056
05.01,418411,401544,6968,1048
05.02,419348,402664,6979,937
05.03,419348,402664,6979,0
05.04,421300,404707,7006,1952
05.05,421300,404707,7006,0
05.06,423406,406589,7032,2106
05.07,424445,407650,7045,1039
05.08,425442,408676,7059,997
05.09,425442,408676,7059,0
05.10,426384,409740,7072,942
05.11,428369,412102,7098,1985
05.12,428369,412102,7098,0
05.13,430505,414139,7122,2136
05.14,430505,414139,7122,0
05.15,432269,416759,7147,1764
05.16,432269,416759,7147,0
05.17,433980,418914,7174,1711
05.18,435912,420888,7200,1932
05.19,436239,420671,7201,327
05.20,437569,421726,7214,1330
05.21,438705,422706,7224,1136
05.22,439847,423795,7237,1142
05.23,440914,424690,7249,1067
05.24,442071,425677,7264,1157
05.25,443460,426589,7278,1389
05.26,444780,427462,7295,1320
05.27,445963,428502,7309,1183
05.28,447178,429663,7320,1215
05.29,448284,430937,7334,1106
05.30,449191,432138,7347,907
05.31,450436,433413,7362,1245
06.01,451687,434439,7377,1251
06.02,452956,435520,7393,1269
06.03,454217,436884,7408,1261
06.04,455418,438206,7424,1201
06.05,456562,439459,7440,1144
06.06,457546,440644,7456,984
06.07,458707,441860,7471,1161
06.08,459968,442782,7488,1261
06.09,461242,443810,7503,1274
06.10,461242,443810,7503,0
06.11,463703,446054,7537,2461
06.12,464780,446960,7553,1077
06.13,465797,448093,7572,1017
06.14,466906,449241,7590,1109
06.15,468175,450255,7606,1269
06.16,469414,451187,7621,1239
06.17,470723,452209,7635,1309
06.18,471959,453259,7650,1236
06.19,473112,454404,7663,1153
06.20,474191,455618,7677,1079
06.21,475403,457128,7691,1212
06.22,476882,458048,7703,1479
06.23,478135,459091,7716,1253
06.24,479390,460338,7730,1255
06.25,480702,461628,7743,1312
06.26,482003,463004,7760,1301
06.27,483221,464256,7775,1218
06.28,484539,465546,7789,1318
06.29,486106,466578,7804,1567
06.30,486106,466578,7804,0
07.01,486106,466578,7804,0
07.02,486106,466578,7804,0
