,confirm,heal,dead,confirm_add
03.06,1,0,0,1
03.07,1,0,0,0
03.08,1,0,0,0
03.09,1,0,0,0
03.10,4,0,0,3
03.11,12,0,0,8
03.12,19,0,0,7
03.13,31,0,0,12
03.14,41,0,0,6
03.15,46,0,0,5
03.16,55,0,0,9
03.17,65,0,0,10
03.18,83,0,0,18
03.19,89,0,0,6
03.20,118,0,0,29
03.21,149,0,1,31
03.22,171,0,1,22
03.23,222,0,1,51
03.24,249,2,3,27
03.25,384,2,4,135
03.26,457,2,6,73
03.27,528,15,7,71
03.28,659,15,10,131
03.29,741,15,13,82
03.30,785,15,16,44
03.31,785,0,16,0
04.01,1060,0,28,275
04.02,1171,0,31,111
04.03,1171,0,31,0
04.04,1624,0,44,453
04.05,1624,0,44,0
04.06,1908,0,51,284
04.07,2447,0,61,539
04.08,2447,0,61,0
04.09,2867,0,66,420
04.10,2867,0,66,0
04.11,3105,0,71,238
04.12,3380,0,74,275
04.13,3630,118,80,250
04.14,4054,118,80,424
04.15,4465,118,94,411
04.16,4873,118,99,408
04.17,5318,118,103,445
04.18,5690,534,110,372
04.19,5994,637,117,304
04.20,6318,753,122,324
04.21,6630,870,125,312
04.22,6630,870,125,0
04.23,6630,870,125,0
04.24,6630,870,125,0
04.25,6630,870,125,0
04.26,6630,870,125,0
04.27,6630,870,125,0
04.28,8275,1209,162,222
04.29,8497,1260,168,227
04.30,8724,1292,173,227
05.01,9009,1343,179,285
05.02,9009,1343,179,0
05.03,9362,1426,189,353
05.04,9464,1551,193,102
05.05,9557,1574,197,93
05.06,9677,1723,200,120
05.07,9791,1971,203,114
05.08,9848,2160,206,57
05.09,9943,2453,209,95
05.10,10032,2732,215,89
05.11,10032,2732,215,0
05.12,10176,3290,218,144
05.13,10243,3600,220,67
05.14,10295,3824,222,52
05.15,10438,4301,225,143
05.16,10496,4479,228,58
05.17,10610,4713,230,114
05.18,10699,4799,231,89
05.19,10733,4904,234,34
05.20,10833,5067,235,100
05.21,10919,5370,237,86
05.22,10919,5370,237,0
05.23,11092,5699,238,173
05.24,11159,5857,238,67
05.25,11193,5920,239,34
05.26,11227,6067,239,34
05.27,11275,6277,240,48
05.28,11300,6438,241,25
05.29,11354,6524,242,54
05.30,11381,6606,242,27
05.31,11412,6698,243,31
06.01,11430,6726,244,18
06.02,11454,6766,245,24
06.03,11454,6766,245,0
06.04,11571,6910,246,117
06.05,11667,6931,247,96
06.06,11741,11056,248,74
06.07,11823,11348,249,82
06.08,11896,11189,250,73
06.09,11965,11268,250,69
06.10,11965,11268,250,0
06.11,12102,11362,252,137
06.12,12175,11411,252,73
06.13,12251,11465,253,76
06.14,12310,11511,254,59
06.15,12367,11561,255,57
06.16,12426,11624,256,59
06.17,12522,11697,257,96
06.18,12616,11769,258,94
06.19,12709,11822,259,93
06.20,12803,11889,260,94
06.21,12894,11947,261,91
06.22,12990,11997,262,96
06.23,13092,12054,263,102
06.24,13235,12111,263,143
06.25,13372,12154,264,137
06.26,13565,12232,265,193
06.27,13792,12338,267,227
06.28,14046,12464,270,254
06.29,14288,12581,274,242
06.30,14564,12662,277,276
07.01,14836,12772,281,272
07.02,15195,12912,287,359
07.03,15504,13064,298,309
07.04,15829,13176,306,325
07.05,16131,13267,311,302
07.06,16420,13366,317,289
07.07,16719,13447,330,299
07.08,17076,13562,341,357
07.09,17342,13651,352,266
07.10,17728,13719,370,386
07.11,18073,13780,382,345
07.12,18360,13876,393,287
07.13,18639,13940,405,279
07.14,18983,13991,418,344
07.15,19334,14047,429,351
07.16,19334,14047,429,0
07.17,20109,14799,452,775
07.18,20498,15179,461,389
07.19,20894,15564,472,396
07.20,21253,15913,482,359
07.21,21605,15913,491,352
07.22,22031,15913,499,426
07.23,22443,15913,508,412
07.24,22852,15913,518,409
07.25,22852,15913,518,0
07.26,23730,15913,534,878
07.27,24141,15913,543,411
07.28,24520,15913,551,379
07.29,24892,15913,558,372
07.30,25213,15913,565,321
07.31,25552,15913,573,339
08.01,25882,15913,582,330
08.02,26193,15913,590,311
08.03,26451,15913,598,258
08.04,26738,15913,605,287
08.05,27033,15913,614,295
08.06,27332,15913,621,299
08.07,27608,15913,626,276
08.08,27863,15913,632,255
08.09,28099,15913,641,236
08.10,28262,15913,646,163
08.11,28497,15913,652,235
08.12,28751,15913,658,254
08.13,28998,15913,661,247
08.14,29233,15913,665,235
08.15,29471,15913,670,238
08.16,29682,15913,674,211
08.17,29782,15913,677,100
08.18,29890,15913,681,108
08.19,30048,15913,684,158
08.20,30209,15913,689,161
08.21,30378,15913,692,169
08.22,30548,15913,695,170
08.23,30657,15913,698,109
08.24,30714,15913,701,57
08.25,30820,15913,705,106
08.26,30974,15913,707,154
08.27,31099,15913,707,125
08.28,31207,15913,709,108
08.29,31282,15913,710,75
08.30,31365,15913,711,83
08.31,31406,15913,713,41
09.01,31482,15913,715,76
09.02,31581,15913,716,99
09.03,31676,15913,718,95
09.04,31772,15913,721,96
09.05,31849,15913,723,77
09.06,31905,15913,724,56
09.07,31941,15913,725,36
09.08,31994,15913,727,53
09.09,32078,15913,728,84
09.10,32136,15913,729,58
09.11,32228,15913,730,92
09.12,32300,15913,731,72
09.13,32408,15913,733,108
09.14,32437,15913,733,29
09.15,32511,15913,735,74
09.16,32613,15913,736,102
09.17,32695,15913,738,82
09.18,32757,15913,739,62
09.19,32840,15913,740,83
09.20,32908,15913,741,68
09.21,32938,15913,743,30
09.22,32999,15913,743,61
09.23,33080,15913,744,81
09.24,33163,15913,745,83
09.25,33238,15913,746,75
09.26,33312,15913,746,74
09.27,33384,15913,747,72
09.28,33384,15913,747,0
09.29,33479,15913,749,95
09.30,33551,15913,749,72
10.01,33662,15913,750,111
10.02,33735,15913,751,73
10.03,33842,15913,753,107
10.04,33901,15913,754,59
10.05,33952,15913,756,51
10.06,34072,15913,757,120
10.07,34193,15913,758,121
10.08,34344,15913,760,151
10.09,34517,15913,761,173
10.10,34685,15913,762,168
10.11,34787,15913,763,102
10.12,34854,15913,765,67
10.13,35006,15913,767,152
10.14,35251,15913,768,245
10.15,35454,15913,770,203
10.16,35719,15913,772,265
10.17,35946,15913,774,227
10.18,36160,15913,776,214
10.19,36282,15913,778,122
10.20,36608,15913,780,326
10.21,37120,15913,780,512
10.22,37536,15913,783,416
10.23,38115,15913,786,579
10.24,38872,15913,789,757
10.25,39486,15913,792,614
10.26,39827,15913,793,341
10.27,40880,15913,798,1053
10.28,42208,15913,803,1328
10.29,43592,15913,809,1384
10.30,45137,15913,814,1545
10.31,46954,15913,820,1817
11.01,48403,15913,826,1449
11.02,49205,15913,833,802
11.03,51083,15913,844,1878
11.04,53495,15913,850,2412
11.05,55676,15913,861,2181
11.06,57958,15913,871,2282
11.07,60635,15913,880,2677
11.08,62747,15913,890,2112
11.09,64065,15913,901,1318
11.10,64065,15913,901,0
11.11,66888,15913,915,2823
11.12,73765,15913,955,6877
11.13,77264,15913,972,3499
11.14,81086,15913,989,3822
11.15,84568,15913,1009,3482
11.16,87381,15913,1030,2813
11.17,92375,15913,1054,4994
11.18,97988,15913,1081,5613
11.19,104097,15913,1110,6109
11.20,110351,15913,1140,6254
11.21,116125,15913,1168,5774
11.22,121120,15913,1199,4995
11.23,126187,15913,1237,5067
11.24,133029,15913,1274,6842
11.25,140608,15913,1315,7579
11.26,148214,15913,1366,7606
11.27,155994,15913,1423,7780
11.28,163035,15913,1484,7041
11.29,169214,15913,1549,6179
11.30,175438,15913,1604,6224
12.01,183437,15913,1652,7999
12.02,191356,15913,1704,7919
12.03,199158,15913,1765,7802
12.04,206940,15913,1834,7782
12.05,213843,15913,1891,6903
12.06,219652,15913,1949,5809
12.07,226209,15913,2005,6557
12.08,234027,15913,2062,7818
12.09,241831,15913,2116,7804
12.10,249224,15913,2172,7393
12.11,255758,15913,2227,6534
12.12,255758,15913,2275,0
12.13,266432,15913,2331,10674
12.14,271364,15913,2380,4932
12.15,277248,15913,2433,5884
12.16,282601,15913,2482,5353
12.17,287730,15913,2529,5129
12.18,292640,15913,2580,4910
12.19,296528,15913,2632,3888
12.20,300062,15913,2686,3534
12.21,303747,15913,2733,3685
12.22,307827,15913,2782,4080
12.23,312253,15913,2833,4426
12.24,316344,15913,2882,4091
12.25,320167,0,2931,3823
12.26,323367,0,2983,3200
12.27,326060,0,3030,2693
12.28,328619,0,3073,2559
12.29,331755,0,3119,3136
12.30,334991,0,3163,3236
12.31,337923,0,3211,2932
01.01,339997,0,3250,2074
01.02,341904,0,3288,1907
01.03,343870,0,3325,1966
01.04,346585,0,3364,2715
01.05,349238,0,3405,2653
01.06,352120,0,3444,2882
01.07,353907,0,3479,1787
01.08,356125,0,3513,2218
01.09,356125,0,3513,0
01.10,359689,0,3582,3564
01.11,361782,0,3610,2093
01.12,363924,0,3639,2142
01.13,366191,0,3664,2267
01.14,368072,0,3687,1881
01.15,369823,0,3708,1751
01.16,371216,0,3730,1393
01.17,372533,0,3750,1317
01.18,374111,0,3771,1578
01.19,375799,0,3791,1688
01.20,377445,0,3810,1646
01.21,379093,0,3830,1648
01.22,380802,0,3849,1709
01.23,382285,0,3868,1483
01.24,383603,0,3886,1318
01.25,385126,0,3905,1523
01.26,387206,0,3924,2080
01.27,389045,0,3944,1839
01.28,390637,0,3965,1592
01.29,392354,0,3983,1717
01.30,393897,0,4000,1543
01.31,395263,0,4020,1366
02.01,397002,0,4038,1739
02.02,398905,0,4056,1903
02.03,400837,0,4071,1932
02.04,402700,0,4085,1863
02.05,404668,0,4099,1968
02.06,406352,0,4112,1684
02.07,407881,0,4126,1529
02.08,409841,0,4139,1960
02.09,411855,0,4154,2014
02.10,413943,0,4168,2088
02.11,415943,0,4183,2000
02.12,417871,0,4199,1928
02.13,417871,0,4199,0
02.14,420879,0,4230,3008
02.15,422210,0,4245,1331
02.16,424020,0,4261,1810
02.17,426487,0,4277,2467
02.18,429048,0,4292,2561
02.19,431680,0,4306,2632
02.20,434122,0,4321,2442
02.21,436640,0,4337,2518
02.22,439596,0,4351,2956
02.23,442853,0,4366,3257
02.24,446313,0,4383,3460
02.25,449901,0,4398,3588
02.26,453240,0,4414,3339
02.27,456450,0,4429,3210
02.28,459259,0,4443,2809
03.01,462728,0,4459,3469
03.02,466885,0,4475,4157
03.03,470941,0,4491,4056
03.04,470941,0,4491,0
03.05,478878,0,4525,7937
03.06,482397,0,4542,3519
03.07,485439,0,4562,3042
03.08,489530,0,4579,4091
03.09,494106,0,4599,4576
03.10,498696,0,4620,4590
03.11,498696,0,4620,0
03.12,507959,0,4670,9263
03.13,512051,0,4694,4092
03.14,516277,0,4719,4226
03.15,520911,0,4747,4634
03.16,526112,0,4778,5201
03.17,531558,0,4810,5446
03.18,536904,0,4840,5346
03.19,536904,0,4869,0
03.20,546896,0,4900,9992
03.21,551128,0,4934,4232
03.22,555897,0,4966,4769
03.23,561372,0,5002,5475
03.24,566669,0,5039,5297
03.25,571895,0,5075,5226
03.26,571895,0,5075,0
03.27,571895,0,5075,0
03.28,585506,0,5190,13611
03.29,585506,0,5190,0
03.30,585506,0,5190,0
03.31,600596,0,5308,15090
04.01,605406,0,5345,4810
04.02,610232,0,5384,4826
04.03,614365,0,5422,4133
04.04,617669,0,5458,3304
04.05,621375,0,5497,3706
04.06,625773,0,5537,4398
04.07,629388,0,5579,3615
04.08,633013,0,5620,3625
04.09,636418,0,5659,3405
04.10,636418,0,5659,0
04.11,642208,0,5735,5790
04.12,645173,0,5773,2965
04.13,648745,0,5808,3572
04.14,651899,0,5846,3154
04.15,654870,0,5881,2971
04.16,657716,0,5920,2846
04.17,660299,0,5954,2583
04.18,662368,0,5991,2069
04.19,664972,0,6026,2604
04.20,667937,0,6058,2965
04.21,670801,0,6095,2864
04.22,673520,0,6130,2719
04.23,673520,0,6130,0
04.24,677972,0,6196,4452
04.25,679667,0,6227,1695
04.26,681654,0,6257,1987
04.27,683799,0,6286,2145
04.28,685937,0,6312,2138
04.29,687944,0,6337,2007
04.30,689557,0,6362,1613
05.01,690931,0,6386,1374
05.02,691920,0,6409,989
05.03,693169,0,6432,1249
05.04,694473,0,6456,1304
05.05,695875,0,6478,1402
05.06,697241,0,6499,1366
05.07,698518,0,6519,1277
05.08,698518,0,6519,0
05.09,700408,0,6558,1890
05.10,701326,0,6576,918
05.11,702451,0,6594,1125
05.12,702451,0,6594,0
05.13,703497,0,6611,1046
05.14,705185,0,6646,1688
05.15,705890,0,6664,705
05.16,706458,0,6681,568
05.17,707033,0,6696,575
05.18,707719,0,6710,686
05.19,708328,0,6725,609
05.20,708878,0,6739,550
05.21,709269,0,6752,391
05.22,709673,0,6766,404
05.23,709939,0,6777,266
05.24,710315,0,6788,376
05.25,710729,0,6801,414
05.26,711116,0,6811,387
05.27,711442,0,6823,326
05.28,711772,0,6834,330
05.29,712046,0,6844,274
05.30,712224,0,6854,178
05.31,712472,0,6865,248
06.01,712702,0,6872,230
06.02,712989,0,6881,287
06.03,713207,0,6890,218
06.04,713417,0,6900,210
06.05,713562,0,6909,145
06.06,713678,0,6917,116
06.07,713840,0,6924,162
06.08,714054,0,6930,214
06.09,714252,0,6938,198
06.10,714252,0,6938,0
06.11,714634,0,6951,382
06.12,714753,0,6958,119
06.13,714891,0,6962,138
06.14,715015,0,6970,124
06.15,715147,0,6976,132
06.16,715307,0,6980,160
06.17,715442,0,6985,135
06.18,715604,0,6990,162
06.19,715693,0,6997,89
06.20,715753,0,7001,60
06.21,715841,0,7004,88
06.22,715913,0,7010,72
06.23,716016,0,7013,103
06.24,716096,0,7019,80
06.25,716172,0,7024,76
06.26,716238,0,7029,66
06.27,716301,0,7031,63
06.28,716385,0,7039,84
06.29,716458,0,7043,73
06.30,716562,0,7047,104
07.01,716643,0,7047,81
07.02,716643,0,7047,0
