,confirm,heal,dead,confirm_add
03.31,1,0,0,0
04.01,1,0,0,0
04.02,2,0,0,1
04.03,2,0,0,0
04.04,2,0,0,0
04.05,6,0,0,4
04.06,6,0,0,0
04.07,6,0,0,0
04.08,7,0,0,1
04.09,7,0,0,0
04.10,7,0,0,0
04.11,8,0,0,1
04.12,10,0,0,2
04.13,10,0,0,0
04.14,11,0,0,1
04.15,13,0,0,2
04.16,15,0,0,2
04.17,26,0,0,11
04.18,30,0,0,4
04.19,30,0,0,0
04.20,43,6,0,13
04.21,50,6,0,7
04.22,61,6,0,11
04.23,61,6,0,0
04.24,82,10,2,21
04.25,82,10,2,0
04.26,93,10,4,11
04.27,93,10,4,0
04.28,104,12,4,11
04.29,104,12,4,0
04.30,124,21,7,20
05.01,124,21,7,0
05.02,155,21,8,31
05.03,155,21,8,0
05.04,178,37,9,23
05.05,199,43,11,21
05.06,225,54,14,26
05.07,231,54,16,6
05.08,257,54,17,26
05.09,291,58,18,34
05.10,307,67,18,16
05.11,338,72,19,31
05.12,338,72,19,0
05.13,338,72,19,0
05.14,408,97,26,70
05.15,408,97,26,0
05.16,447,97,27,39
05.17,505,141,32,58
05.18,505,141,32,0
05.19,519,148,33,14
05.20,570,205,34,51
05.21,570,205,34,0
05.22,585,205,35,15
05.23,606,230,38,21
05.24,707,241,40,101
05.25,735,293,42,28
05.26,735,293,42,0
05.27,782,297,45,47
05.28,812,361,45,30
05.29,829,386,45,17
05.30,852,415,46,23
05.31,852,415,46,0
06.01,865,475,46,13
06.02,896,480,46,31
06.03,896,480,46,0
06.04,914,491,47,18
06.05,929,580,47,15
06.06,946,600,48,17
06.07,969,608,48,23
06.08,969,608,48,0
06.09,1001,611,49,32
06.10,1025,621,50,24
06.11,1062,637,50,37
06.12,1103,648,51,41
06.13,1132,670,51,29
06.14,1169,680,51,37
06.15,1176,683,51,7
06.16,1176,683,51,0
06.17,1225,686,51,49
06.18,1249,707,51,24
06.19,1272,710,51,23
06.20,1298,732,53,26
06.21,1309,746,53,11
06.22,1327,788,55,18
06.23,1340,788,55,13
06.24,1347,853,55,7
06.25,1354,869,55,7
06.26,1354,869,56,0
06.27,1394,914,59,40
06.28,1410,937,59,16
06.29,1427,943,60,17
06.30,1450,961,60,23
07.01,1462,974,60,12
07.02,1498,999,60,36
07.03,1518,1007,60,20
07.04,1524,1042,62,6
07.05,1533,1051,62,9
07.06,1542,1062,62,9
07.07,1547,1086,62,5
07.08,1572,1088,63,25
07.09,1584,1122,63,12
07.10,1598,1123,63,14
07.11,1613,1133,63,15
07.12,1618,1141,63,5
07.13,1635,1154,63,17
07.14,1642,1175,63,7
07.15,1651,1190,64,9
07.16,1668,1200,64,17
07.17,1678,1213,64,10
07.18,1688,1219,65,10
07.19,1701,1237,65,13
07.20,1711,1237,65,10
07.21,1711,1261,66,0
07.22,1727,1273,66,16
07.23,1731,1288,66,4
07.24,1752,1292,66,21
07.25,1765,1297,66,13
07.26,1768,1297,66,3
07.27,1783,1313,66,15
07.28,1783,1317,66,0
07.29,1786,1336,66,3
07.30,1803,1355,67,17
07.31,1818,1362,67,15
08.01,1823,1362,67,5
08.02,1823,1362,67,0
08.03,1843,1375,67,20
08.04,1848,1375,67,5
08.05,1855,1397,67,7
08.06,1860,1401,67,5
08.07,1877,1427,67,17
08.08,1887,1435,68,10
08.09,1895,1442,68,8
08.10,1916,1445,68,21
08.11,1917,1447,69,1
08.12,1932,1478,69,15
08.13,1937,1483,69,5
08.14,1940,1496,69,3
08.15,1947,1502,69,7
08.16,1954,1505,69,7
08.17,1956,1506,69,2
08.18,1956,1506,69,0
08.19,1959,1529,69,3
08.20,1961,1531,69,2
08.21,1969,1536,69,8
08.22,1972,1542,69,3
08.23,1980,1545,69,8
08.24,1992,1550,69,12
08.25,1997,1557,69,5
08.26,2001,1569,69,4
08.27,2003,1577,69,2
08.28,2013,1581,70,10
08.29,2013,1581,70,0
08.30,2019,1591,70,6
08.31,2022,1594,70,3
09.01,2022,1594,70,0
09.02,2028,1594,71,6
09.03,2029,1600,71,1
09.04,2035,1600,71,6
09.05,2041,1602,71,6
09.06,2041,1602,71,0
09.07,2054,1611,71,13
09.08,2055,1611,71,1
09.09,2064,1613,72,9
09.10,2067,1622,72,3
09.11,2069,1622,72,2
09.12,2087,1622,72,18
09.13,2096,1634,72,9
09.14,2109,1636,72,13
09.15,2111,1636,72,2
09.16,2126,1640,72,15
09.17,2133,1646,72,7
09.18,2133,1646,72,0
09.19,2153,1649,72,20
09.20,2159,1650,72,6
09.21,2168,1650,72,9
09.22,2168,1650,72,0
09.23,2174,1652,72,6
09.24,2183,1665,72,9
09.25,2188,1666,72,5
09.26,2199,1678,72,11
09.27,2208,1679,72,9
09.28,2215,1681,72,7
09.29,2215,1681,72,0
09.30,2222,1685,72,7
10.01,2231,1687,72,9
10.02,2238,1695,72,7
10.03,2252,1697,72,14
10.04,2259,1704,72,7
10.05,2269,1706,72,10
10.06,2269,1706,72,0
10.07,2277,1710,72,8
10.08,2287,1716,72,10
10.09,2293,1721,72,6
10.10,2295,1723,72,2
10.11,2300,1725,72,5
10.12,2306,1736,72,6
10.13,2306,1736,72,0
10.14,2309,1738,72,3
10.15,2315,1743,73,6
10.16,2323,1746,73,8
10.17,2325,1750,73,2
10.18,2327,1753,73,2
10.19,2330,1760,73,3
10.20,2331,1760,73,1
10.21,2336,1765,73,5
10.22,2337,1771,73,1
10.23,2340,1777,73,3
10.24,2343,1782,74,3
10.25,2345,1784,74,2
10.26,2346,1787,74,1
10.27,2346,1787,74,0
10.28,2350,1790,74,4
10.29,2354,1792,74,4
10.30,2362,1795,74,8
10.31,2365,1798,74,3
11.01,2366,1800,74,1
11.02,2366,1802,74,0
11.03,2366,1802,74,0
11.04,2368,1803,74,2
11.05,2369,1805,74,1
11.06,2371,1805,74,2
11.07,2373,1807,74,2
11.08,2381,1812,74,8
11.09,2381,1812,74,0
11.10,2385,1813,74,4
11.11,2386,1813,74,1
11.12,2386,1813,74,0
11.13,2387,1816,74,1
11.14,2389,1816,74,2
11.15,2391,1816,74,2
11.16,2391,1820,74,0
11.17,2391,1822,74,0
11.18,2392,1823,74,1
11.19,2397,1823,74,5
11.20,2397,1823,74,0
11.21,2399,1827,74,2
11.22,2405,1827,74,6
11.23,2405,1828,74,0
11.24,2406,1828,74,1
11.25,2406,1829,74,0
11.26,2408,1829,74,2
11.27,2409,1831,74,1
11.28,2410,1833,74,1
11.29,2410,1834,74,0
11.30,2411,1836,74,1
12.01,2412,1836,74,1
12.02,2413,1838,74,1
12.03,2416,1838,74,3
12.04,2416,1840,74,0
12.05,2420,1842,74,4
12.06,2420,1843,74,0
12.07,2426,1846,74,6
12.08,2428,1846,74,2
12.09,2428,1847,74,0
12.10,2434,1847,74,6
12.11,2435,1847,74,1
12.12,2438,1850,75,3
12.13,2440,1850,75,2
12.14,2440,1850,75,0
12.15,2445,1851,75,5
12.16,2451,1853,75,6
12.17,2460,1854,75,9
12.18,2464,1854,75,4
12.19,2486,1854,75,22
12.20,2497,1854,75,11
12.21,2509,1856,75,12
12.22,2509,1856,75,0
12.23,2518,1860,75,9
12.24,2524,1866,76,6
12.25,2531,1866,76,7
12.26,2549,1866,76,18
12.27,2549,1870,76,0
12.28,2560,1872,76,11
12.29,2560,1872,76,0
12.30,2569,1875,76,9
12.31,2583,1891,76,14
01.01,2611,1892,76,28
01.02,2635,1906,76,24
01.03,2646,1910,76,11
01.04,2673,1910,76,27
01.05,2673,1910,76,0
01.06,2724,1924,76,51
01.07,2739,1929,76,15
01.08,2757,1973,77,18
01.09,2782,1976,77,25
01.10,2803,1979,77,21
01.11,2834,1983,77,31
01.12,2846,1992,77,12
01.13,2864,2006,77,18
01.14,2887,2013,77,23
01.15,2933,2025,77,46
01.16,2959,2025,77,26
01.17,2970,2025,77,11
01.18,3006,2082,77,36
01.19,3014,2107,77,8
01.20,3030,2109,77,16
01.21,3030,2109,77,0
01.22,3081,2143,77,51
01.23,3093,2166,77,12
01.24,3120,2187,77,27
01.25,3139,2210,77,19
01.26,3173,2222,77,34
01.27,3194,2232,77,21
01.28,3236,2237,77,42
01.29,3282,2260,77,46
01.30,3382,2268,79,100
01.31,3528,2278,79,146
02.01,3593,2282,79,65
02.02,3634,2329,79,41
02.03,3660,2340,79,26
02.04,3699,2377,79,39
02.05,3728,2397,79,29
02.06,3759,2415,79,31
02.07,3772,2452,79,13
02.08,3785,2466,79,13
02.09,3789,2475,79,4
02.10,3801,2494,79,12
02.11,3803,2508,79,2
02.12,3813,2519,79,10
02.13,3817,2535,79,4
02.14,3821,2559,79,4
02.15,3821,2559,79,0
02.16,3823,2578,79,2
02.17,3825,2583,79,2
02.18,3825,2583,79,0
02.19,3829,2597,79,4
02.20,3841,2597,79,12
02.21,3849,2603,79,8
02.22,3855,2607,79,6
02.23,3857,2609,79,2
02.24,3862,2609,79,5
02.25,3880,2612,79,18
02.26,3884,2612,79,4
02.27,3884,2612,79,0
02.28,3887,2621,79,3
03.01,3887,2621,79,0
03.02,3887,2621,79,0
03.03,3889,2628,79,2
03.04,3900,2652,79,11
03.05,3900,2652,79,0
03.06,3909,2658,79,9
03.07,3918,2678,79,9
03.08,3920,2700,79,2
03.09,3921,2721,79,1
03.10,3922,2741,79,1
03.11,3928,2769,79,6
03.12,3932,2772,79,4
03.13,3934,2776,79,2
03.14,3937,2779,79,3
03.15,3937,2779,79,0
03.16,3938,2780,79,1
03.17,3939,2782,79,1
03.18,3942,2783,79,3
03.19,3947,2789,79,5
03.20,3947,2789,79,0
03.21,3948,2790,79,1
03.22,3948,2790,79,0
03.23,3948,2790,79,0
03.24,3949,2792,79,1
03.25,3953,2796,79,4
03.26,3953,2798,79,0
03.27,3962,2800,79,9
03.28,3962,2800,79,0
03.29,3970,2801,79,8
03.30,3970,2801,79,0
03.31,3970,2801,79,0
04.01,3980,2814,79,10
04.02,3981,2814,79,1
04.03,3987,2817,79,6
04.04,3987,2822,79,0
04.05,3988,2824,79,1
04.06,3989,2825,79,1
04.07,3990,2825,79,1
04.08,3993,2826,79,3
04.09,3993,2826,79,0
04.10,3995,2828,79,2
04.11,3995,2828,79,0
04.12,4005,2831,79,10
04.13,4008,2831,79,3
04.14,4009,2832,79,1
04.15,4013,2832,79,4
04.16,4016,2833,79,3
04.17,4016,2833,79,0
04.18,4020,2848,79,4
04.19,4028,2849,79,8
04.20,4038,2851,79,10
04.21,4041,2857,79,3
04.22,4042,2883,79,1
04.23,4044,2914,79,2
04.24,4044,2914,79,0
04.25,4044,2967,79,0
04.26,4044,2993,79,0
04.27,4046,3020,79,2
04.28,4046,3045,79,0
04.29,4049,3058,79,3
04.30,4053,3075,79,4
05.01,4054,3076,79,1
05.02,4057,3076,79,3
05.03,4062,3078,79,5
05.04,4062,3078,79,0
05.05,4068,3078,79,6
05.06,4068,3078,79,0
05.07,4068,3078,79,0
05.08,4068,3078,79,0
05.09,4068,3078,79,0
05.10,4085,3089,79,17
05.11,4089,3093,79,4
05.12,4089,3093,79,0
05.13,4089,3093,79,0
05.14,4096,3098,79,7
05.15,4103,3101,79,7
05.16,4103,3101,79,0
05.17,4107,3104,79,4
05.18,4107,3104,79,0
05.19,4107,3104,79,0
05.20,4107,3104,79,0
05.21,4115,3106,79,8
05.22,4115,3106,79,0
05.23,4121,3113,79,6
05.24,4121,3113,79,0
05.25,4121,3113,79,0
05.26,4121,3113,79,0
05.27,4121,3113,79,0
05.28,4133,3128,79,12
05.29,4140,3128,79,7
05.30,4141,3131,79,1
05.31,4147,3131,79,6
06.01,4147,3131,79,0
06.02,4148,3138,79,1
06.03,4156,3141,79,8
06.04,4162,3147,79,6
06.05,4168,3151,79,6
06.06,4188,3152,79,20
06.07,4201,3157,79,13
06.08,4208,3161,79,7
06.09,4219,3161,82,11
06.10,4251,3164,82,32
06.11,4289,3166,82,38
06.12,4312,3169,82,23
06.13,4349,3178,82,37
06.14,4388,3181,82,39
06.15,4433,3184,82,45
06.16,4449,3191,82,16
06.17,4505,3200,82,56
06.18,4553,3208,82,48
06.19,4631,3212,82,78
06.20,4702,3233,82,71
06.21,4816,3264,82,114
06.22,4879,3269,82,63
06.23,4963,3279,84,84
06.24,4963,3279,84,0
06.25,5155,3368,87,192
06.26,5253,3399,87,98
06.27,5306,3408,93,53
06.28,5381,3439,94,75
06.29,5443,3458,97,62
06.30,5495,3490,98,52
07.01,5575,3522,100,80
07.02,5575,3522,100,0
