,confirm,heal,dead,confirm_add
03.05,1,0,0,1
03.06,1,0,0,0
03.07,2,0,0,1
03.08,2,0,0,0
03.09,3,1,0,1
03.10,7,1,0,4
03.11,13,1,0,6
03.12,24,1,0,11
03.13,24,1,0,0
03.14,38,1,0,14
03.15,51,1,0,13
03.16,62,1,0,11
03.17,62,1,0,0
03.18,116,1,0,54
03.19,116,1,0,0
03.20,202,1,0,86
03.21,240,1,0,38
03.22,240,0,0,0
03.23,402,1,0,162
03.24,554,1,0,152
03.25,709,1,0,155
03.26,709,12,0,0
03.27,927,1,0,218
03.28,1170,1,0,243
03.29,1187,31,1,17
03.30,1280,31,2,93
03.31,1326,31,3,46
04.01,1353,50,5,27
04.02,1380,50,5,27
04.03,1462,95,5,82
04.04,1505,95,9,43
04.05,1585,95,9,80
04.06,1655,95,11,70
04.07,1749,95,13,94
04.08,1749,95,13,0
04.09,1845,95,18,96
04.10,2003,410,24,158
04.11,2003,410,24,0
04.12,2028,410,25,25
04.13,2173,410,25,145
04.14,2415,410,27,242
04.15,2415,410,27,0
04.16,2506,410,34,91
04.17,2605,903,48,99
04.18,2783,903,50,178
04.19,3034,903,52,251
04.20,3158,903,54,124
04.21,3300,1055,58,142
04.22,3465,1055,58,165
04.23,3635,1055,65,170
04.24,3953,1473,75,318
04.25,4220,1473,79,267
04.26,4361,1473,86,141
04.27,4546,1473,87,185
04.28,4793,1473,90,247
04.29,4996,2073,93,203
04.30,5350,2073,103,354
05.01,5647,2073,103,297
05.02,5951,2382,116,304
05.03,6336,2549,123,385
05.04,6783,2549,131,447
05.05,7220,2746,138,437
05.06,7572,2746,148,352
05.07,7808,3153,153,236
05.08,8232,3153,161,424
05.09,9420,3983,186,1188
05.10,9420,3983,186,0
05.11,10652,4357,206,1232
05.12,11350,4357,206,698
05.13,11350,4357,206,0
05.14,12074,4745,219,724
05.15,12739,5676,238,665
05.16,13524,6083,247,785
05.17,14355,6478,261,831
05.18,15515,7006,264,1160
05.19,16433,7298,286,918
05.20,17200,7960,312,767
05.21,19137,8950,369,1937
05.22,19137,8950,369,0
05.23,20125,10104,397,988
05.24,21343,10104,407,1218
05.25,22583,11100,429,1240
05.26,23615,11917,481,1032
05.27,24264,12741,524,649
05.28,25937,13451,552,1673
05.29,27403,14370,577,1466
05.30,29240,15093,611,1837
05.31,30967,16116,643,1727
06.01,34357,16809,705,3390
06.02,35812,17291,705,1455
06.03,35812,18313,755,0
06.04,37525,19682,792,1713
06.05,40792,21311,848,3267
06.06,43434,23088,908,2642
06.07,45973,24258,952,2539
06.08,48285,24364,998,2312
06.09,50879,26099,1080,2594
06.10,52991,29006,1162,2112
06.11,55421,31505,1210,2430
06.12,58568,33252,1284,3147
06.13,61927,35006,1354,3359
06.14,65736,36850,1423,3809
06.15,70038,38531,1480,4302
06.16,73533,39867,1568,3495
06.17,76334,42063,1625,2801
06.18,80412,44331,1674,4078
06.19,83890,44920,1737,3478
06.20,87715,47825,1831,3825
06.21,92681,50326,1877,4966
06.22,97302,51608,1930,4621
06.23,101590,53444,1991,4288
06.24,106108,55045,2102,4518
06.25,111796,56874,2205,5688
06.26,118375,59974,2292,6579
06.27,124590,64111,2340,6215
06.28,131800,67094,2413,7210
06.29,138134,68925,2456,6334
06.30,144264,70614,2529,6130
07.01,151209,73543,2657,6945
07.02,159333,76025,2749,8124
07.03,168061,81999,2844,8728
07.04,177124,86298,2952,9063
07.05,187977,91227,3026,10853
07.06,196750,93315,3199,8773
07.07,205721,97848,3310,8971
07.08,215855,102299,3502,10134
07.09,224665,106842,3602,8810
07.10,238339,113061,3720,13674
07.11,250687,118232,3860,12348
07.12,264184,127715,3971,13497
07.13,276242,134874,4079,12058
07.14,287796,138241,4172,11554
07.15,298292,146279,4346,10496
07.16,311049,160693,4453,12757
07.17,324221,165591,4669,13172
07.18,337594,178183,4804,13373
07.19,350879,182230,4948,13285
07.20,364328,191059,5033,13449
07.21,373628,194865,5173,9300
07.22,381798,208144,5368,8170
07.23,394948,229175,5940,13150
07.24,408052,236260,6093,13104
07.25,421996,245771,6343,13944
07.26,434200,263054,6655,12204
07.27,445433,265077,6769,11233
07.28,452529,274925,7067,7096
07.29,459761,287313,7257,7232
07.30,471123,297967,7497,11362
07.31,482169,309601,7812,11046
08.01,493183,326171,8005,11014
08.02,503290,342461,8153,10107
08.03,511485,347227,8366,8195
08.04,516862,358037,8539,5377
08.05,521318,363751,8884,4456
08.06,529877,377266,9298,8559
08.07,538184,387316,9604,8307
08.08,545476,394759,9909,7292
08.09,553188,404568,10210,7712
08.10,559859,411474,10408,6671
08.11,563598,417200,10621,3739
08.12,566109,426125,10751,2511
08.13,568919,432029,11010,2810
08.14,572865,437617,11270,3946
08.15,579140,461734,11556,6275
08.16,583653,466941,11677,4513
08.17,587345,472377,11839,3692
08.18,589886,477671,11982,2541
08.19,592144,485468,12264,2258
08.20,596060,491441,12423,3916
08.21,599940,497169,12618,3880
08.22,603338,500102,12843,3398
08.23,607045,504127,12987,3707
08.24,609773,506470,13059,2728
08.25,611450,516494,13159,1677
08.26,613017,520381,13308,1567
08.27,615701,525242,13502,2684
08.28,618286,531338,13628,2585
08.29,620132,533935,13743,1846
08.30,622551,536694,13981,2419
08.31,625056,538604,14028,2505
09.01,627041,540923,14149,1985
09.02,628259,549993,14263,1218
09.03,630595,553456,14389,2336
09.04,633015,554887,14563,2420
09.05,635078,557818,14678,2063
09.06,636884,561204,14779,1806
09.07,638517,563891,14889,1633
09.08,639362,566555,15004,845
09.09,640441,567729,15086,1079
09.10,642431,569935,15168,1990
09.11,644438,573003,15265,2007
09.12,646398,574587,15378,1960
09.13,648214,576423,15427,1816
09.14,649793,577906,15447,1579
09.15,650749,579289,15499,956
09.16,651521,583126,15641,772
09.17,653444,584195,15705,1923
09.18,655572,585303,15772,2128
09.19,657627,586844,15857,2055
09.20,659656,589434,15940,2029
09.21,661211,590071,15953,1555
09.22,661936,591208,15992,725
09.23,663282,592904,16118,1346
09.24,665188,594229,16206,1906
09.25,667049,595916,16283,1861
09.26,668529,599149,16312,1480
09.27,669498,601818,16376,969
09.28,670766,603721,16398,1268
09.29,671669,604478,16586,903
09.30,672572,606520,16667,903
10.01,674339,608112,16734,1767
10.02,676084,609584,16866,1745
10.03,677833,611044,16909,1749
10.04,679716,612763,16938,1883
10.05,681289,614781,16976,1573
10.06,682215,615684,17016,926
10.07,683242,616857,17103,1027
10.08,685155,618127,17248,1913
10.09,686891,618771,17408,1736
10.10,688352,620081,17547,1461
10.11,690896,622153,17673,2544
10.12,692471,623765,17780,1575
10.13,693359,624659,17863,888
10.14,694537,625574,18028,1178
10.15,696414,626898,18151,1877
10.16,698184,628301,18309,1770
10.17,700203,629260,18370,2019
10.18,702131,630436,18408,1928
10.19,703793,634543,18471,1662
10.20,705254,635257,18492,1461
10.21,706304,639568,18656,1050
10.22,708359,641706,18741,2055
10.23,710515,642560,18843,2156
10.24,712412,643523,18891,1897
10.25,714246,644641,18944,1834
10.26,715868,646170,18968,1622
10.27,716759,646721,19008,891
10.28,717851,647833,19053,1092
10.29,719714,648654,19111,1863
10.30,721770,649935,19164,2056
10.31,723682,653052,19230,1912
11.01,725452,654182,19276,1770
11.02,726823,655330,19411,1371
11.03,727595,657500,19465,772
11.04,728836,659259,19539,1241
11.05,730548,660185,19585,1712
11.06,732414,671579,19677,1866
11.07,734175,675593,19749,1761
11.08,735906,678738,19789,1731
11.09,737278,679688,19809,1372
11.10,738525,680726,19845,1247
11.11,740254,683194,19951,1729
11.12,742394,686458,20011,2140
11.13,744732,690903,20076,2338
11.14,746945,692177,20153,2213
11.15,749182,693261,20206,2237
11.16,751024,693467,20241,1842
11.17,752269,695496,20314,1245
11.18,754256,696820,20432,1987
11.19,757144,701534,20556,2888
11.20,759658,702544,20671,2514
11.21,762763,707040,20759,3105
11.22,765409,707784,20845,2646
11.23,767679,710099,20903,2270
11.24,769759,711195,20968,2080
11.25,772252,716444,21083,2493
11.26,775502,716444,21201,3250
11.27,778571,716444,21289,3069
11.28,781941,722876,21378,3370
11.29,785139,723347,21439,3198
11.30,787702,730633,21477,2563
12.01,790004,731242,21535,2302
12.02,792299,732531,21644,2295
12.03,796472,734305,21709,4173
12.04,800872,739367,21803,4400
12.05,805804,740450,21963,4932
12.06,810449,744298,22067,4645
12.07,814565,744780,22206,4116
12.08,817878,745750,22249,3313
12.09,821889,753072,22432,4011
12.10,828598,754658,22574,6709
12.11,836764,756671,22747,8166
12.12,845083,758373,22952,8319
12.13,852965,760118,23106,7882
12.14,860964,761011,23276,7999
12.15,866127,762746,23451,5163
12.16,873679,764977,23661,7552
12.17,883687,774585,23827,10008
12.18,892813,780313,24011,9126
12.19,901538,783818,24285,8725
12.20,912477,787782,24539,10939
12.21,921922,793914,24691,9445
12.22,930711,796346,24907,8789
12.23,940212,808241,25246,9501
12.24,954258,811372,25657,14046
12.25,968563,822978,25983,14305
12.26,983359,830251,26276,14796
12.27,994911,839194,26521,11552
12.28,1004413,844874,26735,9502
12.29,1011871,849974,27071,7458
12.30,1021451,858456,27568,9580
12.31,1039161,867597,28033,17710
01.01,1057161,879671,28469,18000
01.02,1073887,887701,28887,16726
01.03,1088889,897704,29175,15002
01.04,1100748,903679,29577,11859
01.05,1113349,911573,30011,12601
01.06,1127759,920879,30524,14410
01.07,1149591,929239,31368,21832
01.08,1170590,938216,31809,20999
01.09,1192570,947919,32425,21980
01.10,1214176,956712,32824,21606
01.11,1231597,966368,33163,17421
01.12,1246643,973265,33579,15046
01.13,1259748,1019123,34334,13105
01.14,1278303,1030930,35140,18555
01.15,1296806,1049740,35852,18503
01.16,1311686,1062690,36467,14880
01.17,1325659,1083978,36851,13973
01.18,1337926,1098441,37105,12267
01.19,1346936,1117452,37449,9010
01.20,1356716,1144857,38288,9780
01.21,1369426,1160412,38854,12710
01.22,1380807,1183443,39501,11381
01.23,1392568,1201284,40076,11761
01.24,1404839,1217492,40574,12271
01.25,1412986,1230520,40874,8147
01.26,1417537,1241421,41117,4551
01.27,1423578,1254674,41797,6041
01.28,1430648,1263476,42550,7070
01.29,1437798,1272197,43105,7150
01.30,1443939,1284781,43633,6141
01.31,1449236,1292921,43951,5297
02.01,1453761,1299620,44164,4525
02.02,1456309,1306022,44399,2548
02.03,1458958,1318504,44946,2649
02.04,1463016,1323680,45344,4058
02.05,1466767,1327186,45605,3751
02.06,1470516,1335618,45902,3749
02.07,1473700,1340497,46180,3184
02.08,1476135,1360204,46290,2435
02.09,1477511,1363947,46473,1376
02.10,1479253,1367247,46869,1742
02.11,1482412,1374368,47145,3159
02.12,1484900,1377980,47382,2488
02.13,1487681,1383626,47670,2781
02.14,1490063,1385996,47821,2382
02.15,1491807,1388321,47899,1744
02.16,1492909,1391155,48094,1102
02.17,1494119,1396951,48313,1210
02.18,1496439,1399829,48478,2320
02.19,1498766,1403214,48708,2327
02.20,1500677,1406907,48859,1911
02.21,1502367,1409553,48940,1690
02.22,1503796,1412015,49053,1429
02.23,1504588,1413566,49150,792
02.24,1505586,1419459,49413,998
02.25,1507448,1422622,49523,1862
02.26,1509124,1424401,49667,1676
02.27,1510778,1426417,49784,1654
02.28,1512225,1429047,49941,1447
03.01,1513393,1430259,49993,1168
03.02,1513959,1431336,50077,566
03.03,1514815,1433320,50271,856
03.04,1516262,1434772,50366,1447
03.05,1517666,1436010,50462,1404
03.06,1518979,1437050,50566,1313
03.07,1520206,1439515,50647,1227
03.08,1521068,1440874,50678,862
03.09,1521706,1442045,50803,638
03.10,1522697,1444282,50906,991
03.11,1524174,1445979,51015,1477
03.12,1525648,1447503,51110,1474
03.13,1526873,1449654,51179,1225
03.14,1528414,1452988,51261,1541
03.15,1529420,1454290,51326,1006
03.16,1530033,1455325,51421,613
03.17,1530966,1458001,51560,933
03.18,1532497,1459056,51634,1531
03.19,1533961,1459894,51724,1464
03.20,1535423,1461196,52035,1462
03.21,1536801,1462110,52082,1378
03.22,1537852,1463089,52111,1051
03.23,1538451,1463953,52196,599
03.24,1538961,1465204,52251,510
03.25,1540009,1466595,52372,1048
03.26,1541563,1467254,52535,1554
03.27,1543079,1469565,52602,1516
03.28,1544466,1471164,52648,1387
03.29,1545431,1471899,52663,965
03.30,1545431,1471899,52663,0
03.31,1546735,1473588,52788,1304
04.01,1548157,1474319,52846,1422
04.02,1549451,1474826,52897,1294
04.03,1550724,1475398,52946,1273
04.04,1551501,1476605,52954,777
04.05,1551964,1477363,52987,463
04.06,1552416,1478088,52995,452
04.07,1552853,1478820,53032,437
04.08,1553609,1479821,53111,756
04.09,1554975,1480632,53173,1366
04.10,1556242,1481637,53226,1267
04.11,1557527,1482682,53256,1285
04.12,1558458,1483296,53322,931
04.13,1559113,1484356,53356,655
04.14,1559960,1485315,53423,847
04.15,1561559,1486873,53498,1599
04.16,1562931,1488060,53571,1372
04.17,1564355,1488572,53663,1424
04.18,1565680,1489457,53711,1325
04.19,1566769,1490143,53736,1089
04.20,1567513,1490876,53757,744
04.21,1568366,1494630,53887,853
04.22,1569935,1495864,53940,1569
04.23,1569935,1495864,53940,0
04.24,1572985,1499110,54066,3050
04.25,1574370,1500360,54125,1385
04.26,1575471,1501185,54148,1101
04.27,1576320,1501880,54186,849
04.28,1577200,1502986,54237,880
04.29,1578450,1503611,54285,1250
04.30,1579536,1504426,54331,1086
05.01,1581210,1505620,54350,1674
05.02,1582842,1506732,54406,1632
05.03,1584064,1507778,54417,1222
05.04,1584961,1508558,54452,897
05.05,1586148,1509656,54511,1187
05.06,1588221,1510385,54557,2073
05.07,1590370,1511905,54620,2149
05.08,1592626,1513202,54687,2256
05.09,1592626,1513202,54687,0
05.10,1596595,1516256,54735,3969
05.11,1597724,1517350,54825,1129
05.12,1599272,1519258,54896,1548
05.13,1602031,1519734,54968,2759
05.14,1605252,1520878,55012,3221
05.15,1608393,1522165,55124,3141
05.16,1611143,1523243,55183,2750
05.17,1613728,1524352,55210,2585
05.18,1615485,1526638,55260,1757
05.19,1617840,1527968,55340,2355
05.20,1621362,1528868,55507,3522
05.21,1625003,1531993,55568,3641
05.22,1628335,1534350,55719,3332
05.23,1632571,1537430,55772,4236
05.24,1635465,1539395,55802,2894
05.25,1637848,1541250,55874,2383
05.26,1637848,1543951,55976,0
05.27,1645555,1546583,56077,7707
05.28,1649977,1548092,56170,4422
05.29,1654551,1551520,56293,4574
05.30,1659070,1554184,56363,4519
05.31,1662825,1556874,56439,3755
06.01,1665617,1559337,56506,2792
06.02,1669231,1563719,56601,3614
06.03,1669231,1563719,56601,0
06.04,1669231,1563719,56601,0
06.05,1686041,1570975,56832,16810
06.06,1691491,1574223,56929,5450
06.07,1696564,1578033,56974,5073
06.08,1699849,1581540,57063,3285
06.09,1704058,1587015,57183,4209
06.10,1712939,1589501,57310,8881
06.11,1722086,1593059,57410,9147
06.12,1730106,1598293,57592,8020
06.13,1739425,1602406,57706,9319
06.14,1747082,1606581,57765,7657
06.15,1752630,1611447,57879,5548
06.16,1761066,1616405,58087,8436
06.17,1774312,1620317,58223,13246
06.18,1786079,1623319,58323,11767
06.19,1796589,1632182,58441,10510
06.20,1810164,1640849,58590,13575
06.21,1823319,1647503,58702,13155
06.22,1832479,1656680,58795,9160
06.23,1843572,1665540,59092,11093
06.24,1861065,1671391,59258,17493
06.25,1877143,1675827,59406,16078
06.26,1895905,1690380,59621,18762
06.27,1913861,1702070,59778,17956
06.28,1928897,1709999,59900,15036
06.29,1941119,1723882,60038,12222
06.30,1954466,1739976,60264,13347
07.01,1973972,1748042,60647,19506
07.02,1973972,1748042,60647,0
