,confirm,heal,dead,confirm_add
02.01,2,0,0,0
02.02,2,0,0,0
02.03,2,0,0,0
02.04,2,0,0,0
02.05,2,0,0,0
02.06,2,0,0,0
02.07,2,0,0,0
02.08,2,0,0,0
02.09,2,0,0,0
02.10,2,0,0,0
02.11,2,0,0,0
02.12,2,0,0,0
02.13,2,0,0,0
02.14,2,0,0,0
02.15,2,0,0,0
02.16,2,0,0,0
02.17,2,0,0,0
02.18,2,0,0,0
02.19,2,0,0,0
02.20,2,0,0,0
02.21,2,0,0,0
02.22,2,0,0,0
02.23,2,0,0,0
02.24,2,0,0,0
02.25,3,2,0,1
02.26,9,2,0,6
02.27,13,2,0,4
02.28,25,2,0,12
02.29,41,2,0,16
03.01,74,2,0,33
03.02,74,2,0,0
03.03,150,3,0,76
03.04,179,3,1,29
03.05,248,3,2,69
03.06,345,3,5,166
03.07,441,30,8,46
03.08,613,30,17,97
03.09,1046,32,26,433
03.10,1648,32,35,602
03.11,2174,183,49,526
03.12,2968,189,84,794
03.13,4209,189,120,1241
03.14,5753,193,136,1544
03.15,7753,571,195,2000
03.16,9191,571,309,3438
03.17,11178,571,491,3425
03.18,13716,1081,558,2538
03.19,17147,1081,767,3431
03.20,17147,1081,767,0
03.21,25374,2125,1375,8227
03.22,28572,2575,1720,3646
03.23,33089,2575,2182,4517
03.24,39673,3355,2696,6584
03.25,47610,3355,3434,7937
03.26,56188,5367,4089,8578
03.27,64059,7015,4858,7871
03.28,72248,9357,5690,8189
03.29,78797,12285,6528,6549
03.30,85195,14709,7340,6398
03.31,94417,19259,8269,9222
04.01,102136,22647,9053,7719
04.02,110238,26743,10003,8102
04.03,117710,30513,10935,7472
04.04,124736,34219,11744,7026
04.05,130759,38080,12418,6023
04.06,135032,40437,13055,4273
04.07,140510,43208,13798,5478
04.08,146690,48021,14555,6180
04.09,152446,52165,15238,5756
04.10,157022,55668,15843,4576
04.11,161852,59109,16353,4830
04.12,166019,62391,16972,4167
04.13,169496,64727,17489,3477
04.14,172541,67504,18056,3045
04.15,177633,70853,18579,5092
04.16,182816,74797,19130,5183
04.17,184948,74797,19315,2132
04.18,191726,74797,20043,6778
04.19,195944,77357,20453,4218
04.20,200210,80587,20852,4266
04.21,204178,82514,21282,3968
04.22,208389,85915,21717,4211
04.23,213024,89250,22157,4635
04.24,219764,92355,22524,6740
04.25,223759,95708,22902,3995
04.26,223759,95708,22902,0
04.27,229422,120832,23521,5663
04.28,232128,123903,23822,2706
04.29,236899,132929,24275,4771
04.30,239639,137984,24543,2740
05.01,239639,137984,24824,2740
05.02,245567,146233,25100,3648
05.03,245567,146233,25100,3648
05.04,248301,151633,25428,1533
05.05,250561,154718,25613,1179
05.06,250561,154718,25613,2260
05.07,253682,159359,25857,3121
05.08,256855,163919,26070,3173
05.09,260117,168408,26299,3262
05.10,262783,173157,26478,2666
05.11,264663,176439,26621,1880
05.12,268143,177846,26744,3480
05.13,269520,180470,26920,1377
05.14,271095,183227,27104,1575
05.15,272646,186480,27321,1551
05.16,274367,188967,27459,1721
05.17,276505,192253,27563,2138
05.18,277719,195945,27650,1214
05.19,278188,196958,27709,469
05.20,278803,196958,27778,615
05.21,279524,196958,27888,721
05.22,280117,196958,27940,593
05.23,281904,196958,28628,1787
05.24,282370,196958,28678,466
05.25,282852,196958,28752,482
05.26,282852,196958,28752,482
05.27,283339,196958,27117,859
05.28,283849,196958,27118,510
05.29,284986,196958,27119,1137
05.30,285644,196958,27121,658
05.31,286308,196958,27125,664
06.01,286509,196958,27127,201
06.02,286718,196958,27127,209
06.03,287012,196958,27127,294
06.04,287406,196958,27128,394
06.05,287740,196958,27133,334
06.06,288058,196958,27134,318
06.07,288390,196958,27135,332
06.08,288630,196958,27136,240
06.09,288797,196958,27136,167
06.10,289046,196958,27136,249
06.11,289360,196958,27136,314
06.12,289787,196958,27136,427
06.13,290289,196958,27136,502
06.14,290685,196958,27136,396
06.15,291008,196958,27136,323
06.16,291189,196958,27136,181
06.17,291408,196958,27136,219
06.18,291763,196958,27136,355
06.19,292348,196958,27136,585
06.20,292655,196958,28315,307
06.21,293018,196958,28322,363
06.22,293352,196958,28323,334
06.23,293584,196958,28324,232
06.24,293832,196958,28325,248
06.25,294166,196958,28327,334
06.26,294566,196958,28330,400
06.27,294985,196958,28338,419
06.28,295549,196958,28341,564
06.29,295850,196958,28343,301
06.30,296050,196958,28346,200
07.01,296351,196958,28355,301
07.02,296739,196958,28363,388
07.03,297183,196958,28368,444
07.04,297625,196958,28385,442
07.05,297625,196958,28385,442
07.06,297625,196958,28385,442
07.07,298869,196958,28388,414
07.08,299210,196958,28392,341
07.09,299593,196958,28396,383
07.10,300136,196958,28401,543
07.11,300988,196958,28403,852
07.12,300988,196958,28403,852
07.13,300988,196958,28403,852
07.14,303033,196958,28406,681
07.15,303699,196958,28409,666
07.16,304574,196958,28413,875
07.17,305935,196958,28416,1361
07.18,307335,196958,28420,1400
07.19,307335,196958,28420,1400
07.20,307335,196958,28420,1400
07.21,311916,196958,28422,1527
07.22,313274,196958,28424,1358
07.23,314631,196958,28426,1357
07.24,317246,196958,28429,2615
07.25,319501,196958,28432,2255
07.26,319501,196958,28432,2255
07.27,319501,196958,28432,2255
07.28,325862,196958,28434,2120
07.29,327690,196958,28436,1828
07.30,329721,196958,28441,2031
07.31,332510,196958,28443,2789
08.01,335602,196958,28445,3092
08.02,335602,196958,28445,3092
08.03,335602,196958,28445,3092
08.04,344134,196958,28472,3044
08.05,349894,196958,28498,5760
08.06,352847,196958,28499,2953
08.07,354530,196958,28500,1683
08.08,361442,196958,28503,4507
08.09,361442,196958,28503,4507
08.10,361442,196958,28503,4507
08.11,370060,196958,28576,2873
08.12,373692,196958,28581,3632
08.13,376864,196958,28579,3172
08.14,379799,196958,28605,2935
08.15,379799,196958,28605,2935
08.16,379799,196958,28605,2935
08.17,379799,196958,28605,2935
08.18,382142,196958,28646,1833
08.19,384270,196958,28670,2128
08.20,387985,196958,28797,3715
08.21,387985,196958,28813,3715
08.22,407879,196958,28838,3650
08.23,407879,196958,28838,3650
08.24,407879,196958,28838,3650
08.25,420809,196958,28872,2080
08.26,423224,196958,28924,2415
08.27,426818,196958,28971,3594
08.28,451792,196958,28996,3781
08.29,455621,196958,29011,3829
08.30,455621,196958,29011,3829
08.31,455621,196958,29011,3829
09.01,462858,196958,29094,2489
09.02,470973,196958,29152,8115
09.03,479554,196958,29194,8581
09.04,488513,196958,29234,8959
09.05,517133,196958,29418,4503
09.06,517133,196958,29418,4503
09.07,517133,196958,29418,4503
09.08,525549,196958,29516,2440
09.09,534513,196958,29594,8964
09.10,543379,196958,29628,8866
09.11,554143,196958,29699,10764
09.12,576697,196958,29747,4708
09.13,576697,196958,29747,4708
09.14,576697,196958,29747,4708
09.15,593730,196958,29848,3023
09.16,603167,196958,30004,9437
09.17,614360,196958,30243,11193
09.18,625651,196958,30405,11291
09.19,659334,196958,30495,4697
09.20,659334,196958,30495,4697
09.21,659334,196958,30495,4697
09.22,671468,196958,30663,2957
09.23,682267,196958,30904,10799
09.24,693556,196958,31034,11289
09.25,704209,196958,31118,10653
09.26,735198,196958,31232,4122
09.27,735198,196958,31232,4122
09.28,735198,196958,31232,4122
09.29,748266,196958,31411,2425
09.30,758172,196958,31614,9906
10.01,769188,196958,31791,11016
10.02,778607,196958,31973,9419
10.03,810807,196958,32086,3722
10.04,810807,196958,32086,3722
10.05,810807,196958,32086,3722
10.06,852838,196958,32225,2099
10.07,865631,196958,32486,12793
10.08,872276,196958,32562,6645
10.09,884381,196958,32688,5585
10.10,890367,196958,32929,5986
10.11,890367,196958,32929,5986
10.12,890367,196958,32929,5986
10.13,918223,196958,33124,9286
10.14,925341,196958,33204,7118
10.15,937311,196958,33413,11970
10.16,972958,196958,33553,13318
10.17,982723,196958,33775,12169
10.18,982723,196958,33775,12169
10.19,982723,196958,33775,12169
10.20,1015795,196958,33992,12214
10.21,1029668,196958,34210,13873
10.22,1046641,196958,34366,16973
10.23,1090521,196958,34521,20986
10.24,1110372,196958,34752,19851
10.25,1110372,196958,34752,19851
10.26,1110372,196958,34752,19851
10.27,1156498,196958,35031,17396
10.28,1174916,196958,35298,18418
10.29,1194681,196958,35466,19765
10.30,1238922,196958,35639,23580
10.31,1264517,196958,35878,25595
11.01,1264517,196958,35878,25595
11.02,1264517,196958,35878,25595
11.03,1313087,196958,36257,18340
11.04,1331756,196958,36495,18669
11.05,1356798,196958,38118,25042
11.06,1365895,196958,38486,21908
11.07,1388411,196958,38833,22516
11.08,1388411,196958,38833,22516
11.09,1388411,196958,38833,22516
11.10,1426602,196958,39345,18340
11.11,1443997,196958,39756,17395
11.12,1463093,196958,40105,19096
11.13,1484868,196958,40461,19511
11.14,1492608,196958,40769,21371
11.15,1492608,196958,40769,21371
11.16,1492608,196958,40769,21371
11.17,1521899,196958,41253,12758
11.18,1535058,196958,41688,13159
11.19,1542467,196958,42039,11064
11.20,1574063,196958,42291,16233
11.21,1589219,196958,42619,15156
11.22,1589219,196958,42619,15156
11.23,1589219,196958,42619,15156
11.24,1606905,196958,43131,8599
11.25,1614126,196958,43668,7221
11.26,1622632,196958,44037,8506
11.27,1637844,196958,44374,7991
11.28,1646192,196958,44668,8348
11.29,1646192,196958,44668,8348
11.30,1646192,196958,44668,8348
12.01,1664945,196958,45069,6659
12.02,1673202,196958,45511,8257
12.03,1682533,196958,45784,9331
12.04,1693591,196958,46038,6104
12.05,1699145,196958,46252,5554
12.06,1699145,196958,46252,5554
12.07,1699145,196958,46252,5554
12.08,1715700,196958,46646,6255
12.09,1715700,196958,46646,6255
12.10,1725473,196958,47019,4886
12.11,1734386,196958,47344,4595
12.12,1741439,196958,47624,7053
12.13,1741439,196958,47624,7053
12.14,1741439,196958,47624,7053
12.15,1762036,196958,48013,7967
12.16,1771488,196958,48401,9452
12.17,1782566,196958,48596,11078
12.18,1805633,196958,48777,11081
12.19,1817448,196958,48926,11815
12.20,1817448,196958,48926,11815
12.21,1817448,196958,48926,11815
12.22,1830110,196958,49260,7503
12.23,1838654,196958,49520,8544
12.24,1847874,196958,49698,9220
12.25,1869610,196958,49824,10967
12.26,1869610,196958,49824,10967
12.27,1869610,196958,49824,10967
12.28,1869610,196958,49824,10967
12.29,1894072,196958,50122,8134
12.30,1906057,196958,50442,11985
12.31,1921115,196958,50689,15058
01.01,1936718,196958,50837,15603
01.02,1936718,196958,50837,15603
01.03,1936718,196958,50837,15603
