,confirm,heal,dead,confirm_add
01.28,1,0,0,0
01.29,1,0,0,0
01.30,1,0,0,0
01.31,1,0,0,0
02.01,1,1,0,0
02.02,1,1,0,0
02.03,1,1,0,0
02.04,1,1,0,0
02.05,1,1,0,0
02.06,1,1,0,0
02.07,1,1,0,0
02.08,1,1,0,0
02.09,1,1,0,0
02.10,1,1,0,0
02.11,1,1,0,0
02.12,1,1,0,0
02.13,1,1,0,0
02.14,1,1,0,0
02.15,1,1,0,0
02.16,1,1,0,0
02.17,1,1,0,0
02.18,1,1,0,0
02.19,1,1,0,0
02.20,1,1,0,0
02.21,1,1,0,0
02.22,1,1,0,0
02.23,1,1,0,0
02.24,1,1,0,0
02.25,1,1,0,0
02.26,1,1,0,0
02.27,1,1,0,0
02.28,1,1,0,0
03.01,1,1,0,0
03.02,1,1,0,0
03.03,1,1,0,0
03.04,1,1,0,0
03.05,1,1,0,0
03.06,1,1,0,0
03.07,1,1,0,0
03.08,1,1,0,0
03.09,1,1,0,0
03.10,1,1,0,0
03.11,2,1,0,1
03.12,3,1,0,1
03.13,3,1,0,0
03.14,11,1,0,5
03.15,12,1,0,1
03.16,23,1,0,11
03.17,44,1,0,15
03.18,50,1,0,6
03.19,60,1,0,10
03.20,71,1,0,5
03.21,77,1,0,6
03.22,81,1,0,4
03.23,92,1,0,11
03.24,100,1,0,8
03.25,102,1,0,2
03.26,106,6,0,4
03.27,106,7,0,0
03.28,110,6,0,4
03.29,113,9,1,3
03.30,122,11,1,9
03.31,142,16,2,20
04.01,146,21,2,4
04.02,151,21,3,5
04.03,152,24,4,1
04.04,162,27,5,10
04.05,174,29,5,12
04.06,178,34,5,4
04.07,185,42,6,7
04.08,189,44,7,4
04.09,190,49,7,1
04.10,190,50,7,0
04.11,198,54,7,8
04.12,203,55,7,5
04.13,217,56,7,14
04.14,219,61,7,2
04.15,235,63,7,16
04.16,238,68,7,3
04.17,242,77,7,4
04.18,248,86,7,6
04.19,269,96,7,21
04.20,304,98,7,35
04.21,310,102,7,6
04.22,323,105,7,13
04.23,340,107,7,17
04.24,416,109,7,76
04.25,440,118,7,24
04.26,485,120,7,45
04.27,571,126,7,86
04.28,611,134,7,40
04.29,627,136,7,16
04.30,653,139,7,26
05.01,668,157,7,15
05.02,690,172,7,22
05.03,702,172,7,12
05.04,721,194,8,19
05.05,760,197,9,39
05.06,774,215,9,14
05.07,804,232,9,30
05.08,824,240,9,20
05.09,847,260,9,23
05.10,855,321,9,8
05.11,863,343,9,8
05.12,879,366,9,16
05.13,893,382,9,14
05.14,916,445,9,23
05.15,925,477,9,9
05.16,949,520,9,24
05.17,964,538,9,15
05.18,981,559,9,17
05.19,1020,569,9,39
05.20,1027,584,9,7
05.21,1045,604,9,18
05.22,1055,620,9,10
05.23,1085,660,9,30
05.24,1118,674,9,33
05.25,1182,695,10,64
05.26,1278,712,10,96
05.27,1453,732,10,175
05.28,1503,745,10,50
05.29,1540,754,10,37
05.30,1563,781,10,23
05.31,1630,801,10,67
06.01,1639,811,11,9
06.02,1649,823,11,10
06.03,1683,823,11,34
06.04,1790,839,11,107
06.05,1800,858,11,10
06.06,1810,891,11,10
06.07,1819,941,11,9
06.08,1845,990,11,26
06.09,1858,1057,11,13
06.10,1859,1057,11,1
06.11,1873,1150,11,14
06.12,1878,1196,11,5
06.13,1882,1252,11,4
06.14,1889,1287,11,7
06.15,1896,1342,11,7
06.16,1914,1371,11,18
06.17,1924,1397,11,10
06.18,1926,1421,11,2
06.19,1948,1446,11,22
06.20,1950,1472,11,2
06.21,1950,1498,11,0
06.22,1950,1526,11,0
06.23,1951,1548,11,1
06.24,2001,1562,11,50
06.25,2010,1602,11,9
06.26,2010,1619,11,0
06.27,2033,1639,11,23
06.28,2036,1661,11,3
06.29,2039,1678,11,3
06.30,2042,1711,11,3
07.01,2053,1748,11,11
07.02,2059,1827,11,6
07.03,2066,1863,11,7
07.04,2074,1885,11,8
07.05,2074,1903,11,0
07.06,2077,1917,11,3
07.07,2080,1955,11,3
07.08,2084,1967,11,4
07.09,2151,1979,11,67
07.10,2450,1980,11,299
07.11,2459,1980,11,9
07.12,2605,1981,11,146
07.13,2631,1981,11,26
07.14,2661,1988,11,30
07.15,2671,2001,11,10
07.16,2682,2007,11,11
07.17,2689,2012,11,7
07.18,2703,2023,11,14
07.19,2715,2035,11,12
07.20,2728,2041,11,13
07.21,2730,2048,11,2
07.22,2731,2064,11,1
07.23,2753,2077,11,22
07.24,2763,2094,11,10
07.25,2769,2103,11,6
07.26,2777,2106,11,8
07.27,2804,2121,11,27
07.28,2807,2296,11,3
07.29,2810,2317,11,3
07.30,2814,2333,11,4
07.31,2814,2391,11,0
08.01,2815,2439,11,1
08.02,2817,2514,11,2
08.03,2824,2517,11,7
08.04,2828,2524,11,4
08.05,2838,2537,11,10
08.06,2839,2537,11,1
08.07,2839,2541,11,0
08.08,2839,2576,11,0
08.09,2841,2579,11,2
08.10,2844,2593,11,3
08.11,2875,2622,11,31
08.12,2880,2638,11,5
08.13,2882,2646,11,2
08.14,2882,2658,11,0
08.15,2888,2666,11,6
08.16,2893,2670,11,5
08.17,2895,2676,11,2
08.18,2900,2755,11,5
08.19,2902,2760,11,2
08.20,2902,2765,11,0
08.21,2918,2789,11,16
08.22,2947,2798,11,29
08.23,2951,2805,12,4
08.24,2959,2811,12,8
08.25,2971,2816,12,12
08.26,2971,2819,12,0
08.27,2984,2819,12,13
08.28,2988,2842,12,4
08.29,2995,2849,12,7
08.30,3000,2860,12,5
08.31,3018,2868,12,18
09.01,3071,2879,12,53
09.02,3101,2883,12,30
09.03,3111,2883,12,10
09.04,3115,2907,12,4
09.05,3115,2918,12,0
09.06,3122,2925,12,7
09.07,3123,2925,12,1
09.08,3131,2935,12,8
09.09,3142,2946,12,11
09.10,3152,2955,12,10
09.11,3155,2955,12,3
09.12,3172,2983,12,17
09.13,3204,2996,12,32
09.14,3253,3005,13,49
09.15,3266,3016,13,13
09.16,3271,3021,13,5
09.17,3274,3043,13,3
09.18,3276,3043,13,2
09.19,3282,3070,13,6
09.20,3287,3088,13,5
09.21,3290,3100,13,3
09.22,3312,3118,13,22
09.23,3315,3129,13,3
09.24,3327,3142,13,12
09.25,3334,3158,13,7
09.26,3349,3186,13,15
09.27,3352,3208,13,3
09.28,3360,3210,13,8
09.29,3373,3230,13,13
09.30,3379,3230,13,6
10.01,3382,3233,13,3
10.02,3388,3245,13,6
10.03,3391,3254,13,3
10.04,3396,3258,13,5
10.05,3483,3259,13,87
10.06,4118,3266,13,635
10.07,4442,3274,13,324
10.08,4459,3278,13,17
10.09,4504,3296,13,45
10.10,4523,3306,13,19
10.11,4689,3307,13,166
10.12,4842,3317,13,153
10.13,4893,3328,13,51
10.14,5168,3357,13,275
10.15,5219,3380,13,51
10.16,5354,3385,13,135
10.17,5475,3395,13,121
10.18,5536,3403,13,61
10.19,5625,3440,13,89
10.20,5685,3457,13,60
10.21,5920,3501,13,235
10.22,6028,3561,14,108
10.23,6896,3644,14,868
10.24,7354,3714,15,458
10.25,7784,3803,15,430
10.26,8152,3933,16,368
10.27,8706,4043,19,554
10.28,9081,4075,19,375
10.29,9619,4142,19,538
10.30,10105,4282,19,486
10.31,10561,4399,20,456
11.01,10856,4905,20,295
11.02,11224,5249,22,368
11.03,11607,5581,23,383
11.04,12018,5858,23,411
11.05,12400,6623,29,382
11.06,12783,7186,29,383
11.07,13227,7723,30,444
11.08,13702,8285,34,475
11.09,14101,8880,35,399
11.10,14285,8880,36,184
11.11,14715,9537,41,430
11.12,15627,10653,48,912
11.13,15921,11031,53,294
11.14,16405,11324,53,484
11.15,17127,11495,58,722
11.16,17516,11806,58,389
11.17,17674,12210,61,158
11.18,18308,12587,66,634
11.19,18645,12903,69,337
11.20,19061,13271,73,416
11.21,19537,13590,74,476
11.22,19946,14069,83,409
11.23,20375,14497,87,429
11.24,20795,14962,90,420
11.25,21261,15447,94,466
11.26,21811,15816,96,550
11.27,22279,16226,99,468
11.28,22775,16656,107,496
11.29,23311,17002,109,536
11.30,23662,17560,116,351
12.01,23987,17815,118,325
12.02,24882,18304,122,895
12.03,25760,19032,124,878
12.04,26038,19438,129,278
12.05,27228,20090,130,1190
12.06,27590,20460,137,362
12.07,28203,20804,140,613
12.08,28580,20804,142,377
12.09,29737,21800,142,1157
12.10,30375,22261,144,638
12.11,31149,22831,146,774
12.12,32007,23304,147,858
12.13,32650,23793,149,643
12.14,33146,24309,152,496
12.15,33898,24867,154,752
12.16,34447,25652,157,549
12.17,35049,26353,160,602
12.18,35763,27061,160,714
12.19,36049,27552,165,286
12.20,36667,27552,171,618
12.21,37261,28267,176,594
12.22,37891,29300,181,630
12.23,38407,29882,183,516
12.24,38639,30568,184,232
12.25,39231,31339,185,592
12.26,40282,32051,186,1051
12.27,40842,32701,187,560
12.28,41420,33221,191,578
12.29,41603,33925,194,183
12.30,42417,34623,195,814
12.31,43123,35329,199,706
01.01,43619,36155,204,496
01.02,44167,36717,208,548
01.03,44586,37252,211,419
01.04,44964,37817,213,378
01.05,45242,38262,215,278
01.06,45726,39023,217,484
01.07,46248,39661,219,522
01.08,47031,40317,222,783
01.09,47602,40838,225,571
01.10,48140,41325,229,538
01.11,48665,42091,232,525
01.12,49259,42621,240,594
01.13,49537,43267,244,278
01.14,50229,43747,247,692
01.15,51219,44259,251,990
01.16,51937,44746,255,718
01.17,52634,45171,256,697
01.18,53062,45820,264,428
01.19,54087,46594,270,1025
01.20,54798,47215,273,711
01.21,55189,47984,274,391
01.22,56422,48617,276,1233
01.23,56863,48617,278,441
01.24,57936,49684,280,1073
01.25,58430,49684,283,494
01.26,59536,51046,287,1106
01.27,60233,52566,288,697
01.28,60694,54435,290,461
01.29,61980,55398,297,1286
01.30,62445,56277,305,465
01.31,63293,57159,313,848
02.01,64505,58075,316,1212
02.02,65344,59043,323,839
02.03,65698,59883,330,354
02.04,66409,59883,332,711
02.05,67451,61461,339,1042
02.06,68193,62594,343,742
02.07,68938,63401,351,745
02.08,69862,64141,356,924
02.09,70806,65053,365,944
02.10,71750,65644,370,944
02.11,72710,66211,375,960
02.12,73644,66984,379,934
02.13,74484,67831,384,840
02.14,75209,68696,390,725
02.15,75965,69411,397,756
02.16,76781,70429,403,816
02.17,77553,71176,409,772
02.18,78164,71823,422,611
02.19,78420,71823,430,256
02.20,79194,73456,433,774
02.21,79734,74299,435,540
02.22,80222,75110,445,488
02.23,80739,75842,450,517
02.24,81009,75842,453,270
02.25,81467,76961,457,458
02.26,81933,77625,459,466
02.27,82430,77625,464,497
02.28,83094,78947,464,664
03.01,83242,78947,464,148
03.02,83552,80020,476,310
03.03,83870,80437,483,318
03.04,84430,80836,484,560
03.05,84792,81321,489,362
03.06,85150,81769,493,358
03.07,85336,82059,497,186
03.08,85695,82513,502,359
03.09,86039,82753,507,344
03.10,86503,83210,511,464
03.11,86685,83210,511,182
03.12,86989,83561,520,304
03.13,87286,84253,525,297
03.14,87600,84648,526,314
03.15,87907,84969,527,307
03.16,88392,84969,532,485
03.17,88524,85725,534,132
03.18,89024,85944,537,500
03.19,89024,85944,537,0
03.20,89655,86466,544,631
03.21,90023,86759,546,368
03.22,90200,86759,546,177
03.23,90656,87306,551,456
03.24,90897,87630,552,241
03.25,91018,87630,552,121
03.26,91289,88145,557,271
03.27,91561,88388,558,272
03.28,92007,88623,559,446
03.29,92088,88623,561,81
03.30,92088,88623,561,0
03.31,92442,89251,566,354
04.01,92706,89407,568,264
04.02,92917,89701,571,211
04.03,93128,90021,575,211
04.04,93295,90021,575,167
04.05,93436,90563,581,141
04.06,93595,90708,581,159
04.07,93910,90917,588,315
04.08,94253,91044,591,343
04.09,94336,91044,593,83
04.10,94564,91272,593,228
04.11,95018,91631,596,454
04.12,95313,91775,598,295
04.13,95394,91926,602,81
04.14,95719,92151,602,325
04.15,95737,92308,604,18
04.16,95949,92611,608,212
04.17,96354,92832,615,405
04.18,96439,93113,617,85
04.19,96796,93113,618,357
04.20,97105,93547,620,309
04.21,97472,93668,625,367
04.22,98050,93884,630,578
04.23,98050,93884,630,0
04.24,100517,94155,638,2467
04.25,100586,94311,642,69
04.26,101379,94311,642,793
04.27,102376,94856,647,997
04.28,104475,95083,661,2099
04.29,104953,95445,661,478
04.30,107406,95975,667,2453
05.01,108146,96478,678,740
05.02,111090,97242,687,2944
05.03,111753,98209,696,663
05.04,113676,98209,709,1923
05.05,115590,100075,720,1914
05.06,119424,100885,734,3834
05.07,119424,100885,745,0
05.08,121338,103098,764,1914
05.09,123234,103098,786,1896
05.10,125906,104463,801,2672
05.11,128530,105611,827,2624
05.12,131098,106641,850,2568
05.13,133527,107657,850,2429
05.14,136685,110108,892,3158
05.15,138085,110108,921,1400
05.16,140471,117220,941,2386
05.17,142746,118322,962,2275
05.18,145202,119629,981,2456
05.19,150771,121145,1015,5569
05.20,151343,123532,1051,572
05.21,154786,123532,1089,3443
05.22,158333,126995,1133,3547
05.23,161242,128607,1178,2909
05.24,164201,128607,1210,2959
05.25,168980,141175,1243,4779
05.26,169900,142378,1269,920
05.27,174059,143789,1298,4159
05.28,174861,143789,1325,802
05.29,177711,148391,1363,2850
05.30,182779,149825,1405,5068
05.31,183452,151740,1441,673
06.01,188353,153371,1484,4901
06.02,191809,153371,1527,3456
06.03,195169,162397,1566,3360
06.04,198579,164281,1608,3410
06.05,199254,166132,1656,675
06.06,202357,166132,1656,3103
06.07,205333,167304,1742,2976
06.08,207979,176045,1789,2646
06.09,210661,178259,1844,2682
06.10,213396,180427,1910,2735
06.11,216134,182238,2011,2738
06.12,218923,184090,2073,2789
06.13,221277,186516,2136,2354
06.14,223638,188547,2136,2361
06.15,227765,192478,2260,4127
06.16,228256,192478,2315,491
06.17,230692,194145,2374,2436
06.18,233064,195434,2425,2372
06.19,235413,199393,2480,2349
06.20,237661,199393,2534,2248
06.21,239689,201389,2581,2028
06.22,241820,201389,2633,2131
06.23,243913,209296,2704,2093
06.24,246109,211186,2769,2196
06.25,248050,212825,2814,1941
06.26,249926,214668,2862,1876
06.27,251751,214668,2905,1825
06.28,253618,218998,2944,1867
06.29,256828,223471,3026,3210
06.30,258405,225952,3077,1577
07.01,259089,225952,3077,684
07.02,260972,227840,3120,1883
