,confirm,heal,dead,confirm_add
03.13,1,0,0,1
03.14,1,0,1,0
03.15,1,0,1,0
03.16,1,0,1,0
03.17,1,0,1,0
03.18,1,0,1,0
03.19,2,0,1,1
03.20,2,0,1,0
03.21,2,0,1,0
03.22,2,0,1,0
03.23,2,0,1,0
03.24,3,0,1,1
03.25,3,0,1,0
03.26,3,0,1,0
03.27,3,0,1,0
03.28,5,0,1,2
03.29,5,0,1,0
03.30,6,0,1,1
03.31,7,1,2,1
04.01,7,1,2,0
04.02,7,2,2,0
04.03,8,2,2,1
04.04,10,2,2,2
04.05,10,2,2,0
04.06,12,2,2,2
04.07,14,2,2,2
04.08,14,2,2,0
04.09,14,2,2,0
04.10,15,2,2,1
04.11,19,2,2,4
04.12,19,2,2,0
04.13,19,4,2,0
04.14,29,4,4,10
04.15,32,4,5,3
04.16,32,4,5,0
04.17,32,4,5,0
04.18,66,6,10,34
04.19,66,6,10,0
04.20,92,8,12,26
04.21,107,8,12,15
04.22,140,8,13,33
04.23,162,14,13,22
04.24,174,14,16,12
04.25,174,14,16,0
04.26,237,20,21,63
04.27,275,21,22,38
04.28,318,21,22,43
04.29,318,31,25,0
04.30,375,32,28,57
05.01,442,39,31,67
05.02,533,46,36,91
05.03,592,52,41,59
05.04,678,61,41,86
05.05,778,70,45,100
05.06,852,80,45,74
05.07,930,92,52,78
05.08,930,92,52,0
05.09,1111,102,59,181
05.10,1164,119,64,53
05.11,1365,149,70,201
05.12,1526,161,74,161
05.13,1661,173,80,135
05.14,1818,198,90,157
05.15,1964,205,91,146
05.16,1964,205,91,0
05.17,2289,222,97,325
05.18,2591,247,105,302
05.19,2591,247,105,0
05.20,2728,286,111,137
05.21,3138,309,121,410
05.22,3138,309,121,0
05.23,3378,372,137,240
05.24,3628,424,146,250
05.25,3820,458,165,192
05.26,3976,503,170,156
05.27,4146,588,184,170
05.28,4346,749,195,200
05.29,4346,749,195,0
05.30,4521,816,233,175
05.31,4800,1272,262,279
06.01,5026,1423,286,226
06.02,5173,1522,298,147
06.03,5173,1522,298,0
06.04,5499,1711,314,326
06.05,5714,1825,333,215
06.06,5865,1924,347,151
06.07,6081,2014,359,216
06.08,6081,2014,359,0
06.09,6242,2059,372,161
06.10,6427,2127,389,185
06.11,6582,2202,401,155
06.12,6730,2278,413,148
06.13,6879,2416,433,149
06.14,7007,2556,447,128
06.15,7220,2610,459,213
06.16,7435,2720,468,215
06.17,7740,2820,477,305
06.18,8020,2966,487,280
06.19,8020,2966,487,0
06.20,8316,3086,506,296
06.21,8580,3325,521,264
06.22,8698,3460,533,118
06.23,8698,3460,533,0
06.24,8889,3699,548,191
06.25,8889,3699,548,0
06.26,9084,3912,559,195
06.27,9257,4014,572,173
06.28,9257,4014,572,0
06.29,9257,4014,572,0
06.30,9257,4014,572,0
07.01,9257,4014,572,0
07.02,9573,4606,602,316
07.03,9663,4624,604,90
07.04,9663,4624,604,0
07.05,9767,4673,608,104
07.06,9767,4673,608,0
07.07,9894,4899,616,127
07.08,9997,5034,622,103
07.09,10084,5074,636,87
07.10,10204,5277,649,120
07.11,10204,5277,649,0
07.12,10250,5341,650,46
07.13,10250,5341,650,0
07.14,10316,5403,657,66
07.15,10417,5579,659,101
07.16,10527,5601,668,110
07.17,10527,5601,668,0
07.18,10682,5637,673,155
07.19,10682,5637,673,0
07.20,10992,5707,693,310
07.21,10992,5707,693,0
07.22,10992,5707,693,0
07.23,11237,5835,708,245
07.24,11302,5855,715,65
07.25,11302,5855,715,0
07.26,11385,5890,717,83
07.27,11385,5890,717,0
07.28,11496,6001,725,111
07.29,11496,6001,725,0
07.30,11496,6001,725,0
07.31,11496,6001,725,0
08.01,11644,6119,746,148
08.02,11738,6137,752,94
08.03,11738,6137,752,0
08.04,11780,6194,763,42
08.05,11780,6194,763,0
08.06,11780,6194,763,0
08.07,11780,6194,763,0
08.08,11894,6243,773,114
08.09,11894,6243,773,0
08.10,11956,6266,781,62
08.11,12033,6282,786,77
08.12,12033,6282,786,0
08.13,12115,6305,792,82
08.14,12162,6325,793,47
08.15,12211,6340,796,49
08.16,12314,6350,798,103
08.17,12410,6385,803,96
08.18,12485,6398,805,75
08.19,12546,6429,808,61
08.20,12582,6456,812,36
08.21,12623,6476,812,41
08.22,12623,6476,812,0
08.23,12682,6492,815,59
08.24,12836,6497,815,154
08.25,12974,6557,819,138
08.26,12974,6557,819,0
08.27,13045,6594,823,71
08.28,13045,6594,823,0
08.29,13189,6612,823,144
08.30,13189,6612,823,0
08.31,13189,6612,823,0
09.01,13189,6612,823,0
09.02,13189,6612,823,0
09.03,13189,6612,823,0
09.04,13189,6612,823,0
09.05,13189,6612,823,0
09.06,13407,6725,832,218
09.07,13437,6730,833,30
09.08,13437,6730,833,0
09.09,13437,6730,833,0
09.10,13437,6730,833,0
09.11,13437,6730,833,0
09.12,13470,6731,834,33
09.13,13470,6731,834,0
09.14,13516,6757,835,46
09.15,13535,6759,836,19
09.16,13535,6759,836,0
09.17,13535,6759,836,0
09.18,13535,6759,836,0
09.19,13535,6759,836,0
09.20,13535,6759,836,0
09.21,13555,6760,836,20
09.22,13555,6760,836,0
09.23,13578,6760,836,23
09.24,13578,6760,836,0
09.25,13592,6764,836,14
09.26,13592,6764,836,0
09.27,13606,6764,836,14
09.28,13606,6764,836,0
09.29,13606,6764,836,0
09.30,13640,6764,836,34
10.01,13640,6764,836,0
10.02,13653,6764,836,13
10.03,13653,6764,836,0
10.04,13653,6764,836,0
10.05,13653,6764,836,0
10.06,13653,6764,836,0
10.07,13653,6764,836,0
10.08,13668,6764,836,15
10.09,13670,6764,836,2
10.10,13670,6764,836,0
10.11,13670,6764,836,0
10.12,13685,6764,836,15
10.13,13691,6764,836,6
10.14,13691,6764,836,0
10.15,13691,6764,836,0
10.16,13691,6764,836,0
10.17,13691,6764,836,0
10.18,13691,6764,836,0
10.19,13697,6764,836,6
10.20,13724,6764,836,27
10.21,13724,6764,836,0
10.22,13724,6764,836,0
10.23,13724,6764,836,0
10.24,13724,6764,836,0
10.25,13742,6764,837,18
10.26,13742,6764,837,0
10.27,13747,6764,837,5
10.28,13747,6764,837,0
10.29,13765,6764,837,18
10.30,13772,6764,837,7
10.31,13804,6764,837,32
11.01,13804,6764,837,0
11.02,13819,6764,837,15
11.03,13866,6764,837,47
11.04,13905,6764,837,39
11.05,13943,6764,837,38
11.06,13943,6764,837,0
11.07,13943,6764,837,0
11.08,13943,6764,837,0
11.09,14090,9484,1115,147
11.10,14155,9492,1116,65
11.11,14155,9492,1116,0
11.12,14346,9525,1116,191
11.13,14401,9535,1116,55
11.14,14401,9535,1116,0
11.15,14626,9571,1116,225
11.16,14626,9571,1116,0
11.17,15047,9609,1175,421
11.18,15047,9609,1175,0
11.19,15047,9609,1175,0
11.20,15299,9670,1179,252
11.21,15530,9682,1185,231
11.22,15839,9727,1193,309
11.23,16052,9737,1197,213
11.24,16431,9854,1202,379
11.25,16431,9854,1202,0
11.26,16649,9908,1210,218
11.27,16864,9964,1215,215
11.28,16864,9964,1215,0
11.29,17404,10175,1235,540
11.30,17404,10175,1235,0
12.01,17810,10302,1249,406
12.02,18045,10369,1255,235
12.03,18254,10493,1265,209
12.04,18535,10672,1271,281
12.05,19196,10942,1290,661
12.06,19196,10942,1290,0
12.07,19468,11021,1295,272
12.08,19747,11184,1301,279
12.09,20084,11344,1307,337
12.10,20468,11673,1319,384
12.11,20468,11673,1319,0
12.12,20844,11855,1340,376
12.13,21147,12227,1344,303
12.14,21386,12313,1347,239
12.15,21591,12452,1355,205
12.16,21864,12667,1372,273
12.17,22265,12873,1408,401
12.18,22265,12873,1408,0
12.19,22621,13024,1425,356
12.20,22621,13024,1425,0
12.21,22963,13260,1450,342
12.22,23316,13524,1468,353
12.23,23316,13524,1468,0
12.24,23316,13524,1468,0
12.25,23316,13524,1468,0
12.26,23316,13524,1468,0
12.27,23316,13524,1468,0
12.28,23316,13524,1468,0
12.29,23316,13524,1468,0
12.30,23316,13524,1468,0
12.31,23316,13524,1468,0
01.01,23316,13524,1468,0
01.02,23316,13524,1468,0
01.03,23316,13524,1468,0
