,confirm,heal,dead,confirm_add
03.14,1,0,0,1
03.15,1,0,0,0
03.16,1,0,0,0
03.17,1,0,0,0
03.18,1,0,0,0
03.19,1,0,0,0
03.20,1,0,0,0
03.21,1,0,0,0
03.22,4,0,0,3
03.23,4,0,0,0
03.24,5,0,0,1
03.25,4,0,0,-1
03.26,4,0,0,0
03.27,6,0,0,2
03.28,9,0,0,3
03.29,9,0,0,4
03.30,9,0,0,0
03.31,9,0,0,0
04.01,9,0,0,0
04.02,9,0,0,0
04.03,9,0,0,0
04.04,9,0,0,0
04.05,9,0,0,0
04.06,9,0,0,0
04.07,10,4,0,1
04.08,10,4,0,0
04.09,12,7,0,2
04.10,12,7,0,0
04.11,12,7,0,0
04.12,14,7,0,2
04.13,14,7,0,0
04.14,15,8,0,1
04.15,15,8,0,0
04.16,16,8,0,1
04.17,16,8,1,0
04.18,19,8,1,3
04.19,22,8,1,3
04.20,24,8,1,2
04.21,24,8,1,0
04.22,31,8,1,7
04.23,31,8,1,0
04.24,36,10,1,5
04.25,40,10,1,4
04.26,59,10,1,19
04.27,59,10,1,0
04.28,71,10,1,12
04.29,71,10,1,0
04.30,100,12,1,29
05.01,100,12,1,0
05.02,108,12,1,8
05.03,108,12,1,0
05.04,112,12,1,4
05.05,116,12,1,4
05.06,119,12,1,3
05.07,123,12,2,4
05.08,153,12,2,30
05.09,159,12,2,6
05.10,163,14,2,4
05.11,172,27,2,9
05.12,175,28,2,3
05.13,184,28,2,9
05.14,187,48,2,3
05.15,187,51,2,0
05.16,190,66,2,3
05.17,202,72,2,12
05.18,203,73,2,1
05.19,205,78,2,2
05.20,208,87,2,3
05.21,217,97,2,9
05.22,220,112,2,3
05.23,225,119,2,5
05.24,238,119,2,13
05.25,250,156,2,12
05.26,256,158,2,6
05.27,261,164,2,5
05.28,272,168,2,11
05.29,279,168,2,7
05.30,279,168,2,0
05.31,283,168,2,4
06.01,285,189,2,2
06.02,293,194,3,8
06.03,294,198,3,1
06.04,295,201,3,1
06.05,300,201,3,5
06.06,305,221,3,5
06.07,333,225,3,28
06.08,333,225,3,0
06.09,340,229,3,7
06.10,371,232,3,31
06.11,398,236,3,27
06.12,449,238,3,51
06.13,472,246,3,23
06.14,486,247,3,14
06.15,490,249,4,4
06.16,506,249,4,16
06.17,520,259,4,14
06.18,563,262,4,43
06.19,586,267,4,23
06.20,623,276,4,37
06.21,627,285,5,4
06.22,635,285,5,8
06.23,643,291,6,8
06.24,674,319,7,31
06.25,690,331,7,16
06.26,706,347,8,16
06.27,728,367,8,22
06.28,745,370,8,17
06.29,781,372,11,36
06.30,795,380,11,14
07.01,812,408,11,17
07.02,840,418,11,28
07.03,873,452,11,33
07.04,909,515,13,36
07.05,954,535,13,45
07.06,988,547,13,34
07.07,1011,564,13,23
07.08,1056,570,14,45
07.09,1138,588,14,82
07.10,1213,609,17,75
07.11,1257,633,18,44
07.12,1311,656,18,54
07.13,1351,668,20,40
07.14,1389,688,20,38
07.15,1434,695,20,45
07.16,1489,724,20,55
07.17,1552,736,21,63
07.18,1619,769,21,67
07.19,1729,788,21,110
07.20,1793,822,21,64
07.21,1826,850,23,33
07.22,1894,855,24,68
07.23,1938,876,25,44
07.24,2021,882,28,83
07.25,2073,929,28,52
07.26,2142,940,28,69
07.27,2207,986,32,65
07.28,2316,1025,34,109
07.29,2404,1025,39,88
07.30,2551,1070,40,147
07.31,2577,1134,40,26
08.01,2648,1214,41,71
08.02,2706,1214,43,58
08.03,2775,1214,43,69
08.04,2838,1253,45,63
08.05,2856,1258,49,18
08.06,2909,1385,53,53
08.07,2968,1476,55,59
08.08,3036,1476,56,68
08.09,3128,1565,56,92
08.10,3236,1607,58,108
08.11,3309,1634,61,73
08.12,3410,1720,63,101
08.13,3525,1910,63,115
08.14,3599,1991,65,74
08.15,3670,1991,68,71
08.16,3745,2268,69,75
08.17,3839,2268,70,94
08.18,3894,2371,73,55
08.19,3989,2587,76,95
08.20,4058,2611,79,69
08.21,4110,2643,81,52
08.22,4128,2682,81,18
08.23,4189,2762,83,61
08.24,4225,2898,85,36
08.25,4304,2936,85,79
08.26,4327,2959,86,23
08.27,4387,3078,88,60
08.28,4433,3115,89,46
08.29,4461,3210,91,28
08.30,4510,3359,91,49
08.31,4561,3478,91,51
09.01,4577,3529,91,16
09.02,4618,3562,94,41
09.03,4668,3585,94,50
09.04,4720,3789,94,52
09.05,4780,3844,94,60
09.06,4819,3903,94,39
09.07,4853,3951,94,34
09.08,4884,4029,94,31
09.09,4904,4059,96,20
09.10,4936,4077,97,32
09.11,4994,4103,98,58
09.12,5025,4165,98,31
09.13,5050,4188,98,25
09.14,5075,4229,98,25
09.15,5104,4374,101,29
09.16,5128,4401,101,24
09.17,5155,4418,101,27
09.18,5191,4439,103,36
09.19,5215,4478,103,24
09.20,5245,4571,104,30
09.21,5269,4624,104,24
09.22,5282,4647,104,13
09.23,5307,4672,106,25
09.24,5343,4693,108,36
09.25,5375,4724,108,32
09.26,5399,4767,108,24
09.27,5419,4802,108,20
09.28,5431,4821,108,12
09.29,5452,4844,108,21
09.30,5462,4859,108,10
10.01,5482,4912,109,20
10.02,5500,5000,111,18
10.03,5521,5061,111,21
10.04,5530,5076,111,9
10.05,5569,5127,111,39
10.06,5579,5141,112,10
10.07,5598,5169,112,19
10.08,5617,5196,113,19
10.09,5632,5231,113,15
10.10,5644,5254,113,12
10.11,5660,5282,113,16
10.12,5669,5310,113,9
10.13,5683,5322,113,14
10.14,5696,5337,114,13
10.15,5715,5347,114,19
10.16,5733,5375,115,18
10.17,5746,5392,115,13
10.18,5765,5392,115,19
10.19,5780,5415,116,15
10.20,5788,5427,116,8
10.21,5800,5437,116,12
10.22,5805,5453,116,5
10.23,5814,5468,116,9
10.24,5831,5485,116,17
10.25,5847,5491,116,16
10.26,5854,5502,116,7
10.27,5863,5511,116,9
10.28,5875,5524,116,12
10.29,5886,5542,116,11
10.30,5899,5542,117,13
10.31,5909,5557,117,10
11.01,5917,5646,117,8
11.02,5925,5652,117,8
11.03,5929,5657,117,4
11.04,5942,5669,117,13
11.05,5955,5686,117,13
11.06,5967,5694,117,12
11.07,5976,5704,117,9
11.08,5989,5719,117,13
11.09,6003,5724,117,14
11.10,6013,5732,117,10
11.11,6024,5737,117,11
11.12,6044,5744,117,20
11.13,6060,5746,117,16
11.14,6076,5756,118,16
11.15,6093,5771,119,17
11.16,6095,5779,119,2
11.17,6105,5790,119,10
11.18,6124,5812,119,19
11.19,6144,5826,119,20
11.20,6156,5831,119,12
11.21,6185,5839,119,29
11.22,6205,5850,119,20
11.23,6219,5858,120,14
11.24,6233,5869,120,14
11.25,6247,5878,120,14
11.26,6272,5901,120,25
11.27,6329,5929,120,57
11.28,6362,5959,120,33
11.29,6406,5987,121,44
11.30,6410,5996,121,4
12.01,6419,6006,122,9
12.02,6442,6017,122,23
12.03,6455,6032,122,13
12.04,6474,6044,122,19
12.05,6480,6066,122,6
12.06,6495,6078,122,15
12.07,6501,6090,122,6
12.08,6529,6094,123,28
12.09,6563,6137,124,34
12.10,6612,6175,125,49
12.11,6633,6221,126,21
12.12,6685,6279,126,52
12.13,6714,6331,127,29
12.14,6768,6379,127,54
12.15,6825,6416,130,57
12.16,6912,6476,132,87
12.17,7026,6531,135,114
12.18,7093,6579,135,67
12.19,7202,6624,136,109
12.20,7305,6662,137,103
12.21,7427,6696,140,122
12.22,7562,6761,141,135
12.23,7715,6821,142,153
12.24,7868,6879,153,153
12.25,8032,6952,154,164
12.26,8170,7016,154,138
12.27,8367,7016,163,197
12.28,8484,7016,165,117
12.29,8687,7026,167,203
12.30,8934,7048,175,247
12.31,9146,7062,184,212
01.01,9358,7073,205,212
01.02,9482,7073,216,124
01.03,9711,7096,227,229
01.04,9943,7113,231,232
01.05,10138,7123,244,195
01.06,10338,7134,252,200
01.07,10539,7254,261,201
01.08,10773,7377,268,234
01.09,10975,7494,279,202
01.10,11180,7592,291,205
01.11,11435,7676,295,255
01.12,11711,7774,298,276
01.13,11919,7898,319,208
01.14,12124,7986,332,205
01.15,12327,8076,335,203
01.16,12532,8076,343,205
01.17,12736,8076,360,204
01.18,12944,8222,376,208
01.19,13187,8374,384,243
01.20,13443,8512,403,256
01.21,13789,8652,427,346
01.22,14017,8822,441,228
01.23,14219,8962,458,202
01.24,14330,9102,458,111
01.25,14484,9242,479,154
01.26,14622,9394,493,138
01.27,14830,9542,517,208
01.28,15051,9700,522,221
01.29,15283,9833,538,232
01.30,15471,10028,551,188
01.31,15666,10238,562,195
02.01,15711,10478,565,45
02.02,15804,10650,574,93
02.03,15878,10839,583,74
02.04,15974,10999,585,96
02.05,16045,11122,591,71
02.06,16137,11289,600,92
02.07,16181,11469,604,44
02.08,16204,11614,604,23
02.09,16234,11719,607,30
02.10,16288,11857,610,54
02.11,16341,11955,616,53
02.12,16396,12036,619,55
02.13,16455,12140,630,59
02.14,16488,12196,630,33
02.15,16535,12252,630,47
02.16,16576,12307,634,41
02.17,16606,12383,634,30
02.18,16673,12487,637,67
02.19,16709,12611,640,36
02.20,16742,12769,644,33
02.21,16764,12984,645,22
02.22,16789,13195,645,25
02.23,16807,13415,645,18
02.24,16839,13613,647,32
02.25,16897,13801,649,58
02.26,16946,14031,650,49
02.27,16972,14241,650,26
02.28,17002,14446,650,30
03.01,17014,14676,652,12
03.02,17025,14800,652,11
03.03,17086,14898,652,61
03.04,17103,14952,652,17
03.05,17129,15039,654,26
03.06,17155,15131,654,26
03.07,17173,15211,658,18
03.08,17184,15276,658,11
03.09,17188,15343,658,4
03.10,17191,15448,658,3
03.11,17203,15513,658,12
03.12,17215,15567,659,12
03.13,17225,15622,659,10
03.14,17234,15668,661,9
03.15,17237,15748,661,3
03.16,17239,15791,663,2
03.17,17243,15841,663,4
03.18,17257,15885,663,14
03.19,17267,15936,664,10
03.20,17274,15981,664,7
03.21,17283,16021,665,9
03.22,17286,16044,665,3
03.23,17290,16067,665,4
03.24,17296,16101,665,6
03.25,17301,16175,666,5
03.26,17306,16250,666,5
03.27,17312,16313,666,6
03.28,17318,16389,666,6
03.29,17321,16418,667,3
03.30,17321,16418,667,0
03.31,17321,16418,667,0
04.01,17337,16528,667,16
04.02,17344,16544,668,7
04.03,17347,16568,668,3
04.04,17349,16605,668,2
04.05,17352,16616,668,3
04.06,17354,16618,669,2
04.07,17358,16623,669,4
04.08,17365,16631,669,7
04.09,17367,16639,669,2
04.10,17370,16642,669,3
04.11,17373,16645,669,3
04.12,18393,17682,669,1020
04.13,18393,17682,669,0
04.14,18402,17682,669,9
04.15,18407,17682,670,5
04.16,18412,17682,670,5
04.17,18414,17682,670,2
04.18,18415,17682,671,1
04.19,18417,17712,671,2
04.20,18417,17715,671,0
04.21,18417,17718,671,0
04.22,18423,17721,671,6
04.23,18426,17722,671,3
04.24,18434,17730,671,8
04.25,18440,17737,671,6
04.26,18442,17737,671,2
04.27,18443,17741,671,1
04.28,18448,17741,671,5
04.29,18452,17743,671,4
04.30,18458,17743,671,6
05.01,18458,17743,671,0
05.02,18458,17748,671,0
05.03,18458,17748,671,0
05.04,18460,17758,671,2
05.05,18461,17763,671,1
05.06,18467,17768,671,6
05.07,18473,17768,671,6
05.08,18474,17773,671,1
05.09,18477,17777,671,3
05.10,18480,17783,671,3
05.11,18482,17784,671,2
05.12,18487,17784,671,5
05.13,18492,17784,671,5
05.14,18497,17786,671,5
05.15,18511,17793,671,14
05.16,18519,17799,671,8
05.17,18520,17800,672,1
05.18,18523,17803,672,3
05.19,18525,17806,672,2
05.20,18530,17808,672,5
05.21,18539,17819,672,9
05.22,18546,17824,672,7
05.23,18550,17829,672,4
05.24,18551,17833,672,1
05.25,18557,17845,672,6
05.26,18570,17854,672,13
05.27,18572,17854,672,2
05.28,18582,17854,672,10
05.29,18587,17855,672,5
05.30,18589,17861,672,2
05.31,18591,17867,673,2
06.01,18595,17874,673,4
06.02,18601,17876,673,6
06.03,18618,17882,673,17
06.04,18623,17886,673,5
06.05,18632,17894,673,9
06.06,18636,17896,673,4
06.07,18653,17903,673,17
06.08,18664,17906,673,11
06.09,18680,17912,674,16
06.10,18694,17917,676,14
06.11,18705,17923,676,11
06.12,18723,17938,676,18
06.13,18732,17943,676,9
06.14,18736,17949,676,4
06.15,18746,17952,676,10
06.16,18754,17959,676,8
06.17,18768,17970,676,14
06.18,18784,17983,676,16
06.19,18800,17997,677,16
06.20,18811,18005,677,11
06.21,18813,18017,677,2
06.22,18831,18039,677,18
06.23,18854,18048,677,23
06.24,18898,18050,677,44
06.25,18947,18059,678,49
06.26,18989,18068,678,42
06.27,19018,18078,678,29
06.28,19035,18095,678,17
06.29,19084,18107,678,49
06.30,19084,18107,678,0
07.01,19084,18107,678,0
07.02,19084,18107,678,0
