,confirm,heal,dead,confirm_add
01.31,1,0,0,0
02.01,1,0,0,0
02.02,1,0,0,0
02.03,1,0,0,0
02.04,1,0,0,0
02.05,1,0,0,0
02.06,1,0,0,0
02.07,1,0,0,0
02.08,1,0,0,0
02.09,1,0,0,0
02.10,1,0,0,0
02.11,1,0,0,0
02.12,1,0,0,0
02.13,1,0,0,0
02.14,1,0,0,0
02.15,1,0,0,0
02.16,1,0,0,0
02.17,1,0,0,0
02.18,1,0,0,0
02.19,1,0,0,0
02.20,1,0,0,0
02.21,1,0,0,0
02.22,1,0,0,0
02.23,1,0,0,0
02.24,1,0,0,0
02.25,1,0,0,0
02.26,1,0,0,0
02.27,2,0,0,1
02.28,7,0,0,5
02.29,12,0,0,5
03.01,13,0,0,1
03.02,14,0,0,1
03.03,19,0,0,5
03.04,30,0,0,11
03.05,60,0,0,30
03.06,101,0,0,41
03.07,161,0,0,50
03.08,203,0,0,42
03.09,248,0,0,45
03.10,346,1,0,12
03.11,464,1,1,204
03.12,635,1,1,280
03.13,687,1,1,52
03.14,814,1,2,127
03.15,992,1,2,178
03.16,1023,1,3,31
03.17,1119,1,7,96
03.18,1119,1,7,0
03.19,1292,15,10,173
03.20,1439,16,11,147
03.21,1639,16,16,200
03.22,1770,16,20,131
03.23,1934,16,23,188
03.24,2272,16,36,338
03.25,2272,16,36,338
03.26,2510,16,42,238
03.27,3046,16,92,536
03.28,3069,16,92,23
03.29,3447,16,105,378
03.30,3700,16,110,253
03.31,4435,16,180,735
04.01,4947,16,239,512
04.02,5466,103,282,519
04.03,6078,103,333,612
04.04,6443,205,373,365
04.05,6830,205,401,387
04.06,7206,205,477,376
04.07,7693,205,591,487
04.08,8419,205,687,726
04.09,9141,205,793,722
04.10,9685,205,870,544
04.11,10151,381,887,466
04.12,10483,381,899,332
04.13,10948,381,919,465
04.14,11445,381,1033,497
04.15,11927,381,1203,482
04.16,12540,381,1333,613
04.17,13216,550,1400,676
04.18,13822,550,1511,606
04.19,14385,550,1540,563
04.20,14777,550,1580,392
04.21,15322,550,1765,545
04.22,16004,550,1937,682
04.23,16755,550,2021,751
04.24,17567,550,2152,812
04.25,18177,1005,2192,610
04.26,18640,1005,2194,463
04.27,18926,1005,2274,286
04.28,19621,1005,2355,695
04.29,20302,1005,2462,681
04.30,21092,1005,2586,790
05.01,21092,1005,2586,0
05.02,22082,1005,2669,990
05.03,22082,1005,2669,0
05.04,22721,1005,2769,639
05.05,23216,4074,2854,495
05.06,23918,4074,2941,702
05.07,24623,4074,3040,705
05.08,25265,4971,3175,642
05.09,25921,4971,3220,656
05.10,26322,4971,3225,401
05.11,26670,4971,3256,348
05.12,27272,4971,3313,602
05.13,27909,4971,3460,637
05.14,28582,4971,3529,673
05.15,29207,4971,3646,625
05.16,29677,4971,3674,470
05.17,30143,4971,3679,466
05.18,30377,4971,3698,234
05.19,30799,4971,3743,422
05.20,31523,4971,3831,724
05.21,32172,4971,3871,649
05.22,32809,4971,3925,637
05.23,33188,4971,3992,379
05.24,33459,4971,3998,271
05.25,33843,4971,4029,384
05.26,34440,4971,4125,597
05.27,35088,4971,4220,648
05.28,35727,4971,4266,639
05.29,36476,4971,4350,749
05.30,37113,4971,4395,637
05.31,37542,4971,4395,429
06.01,37814,4971,4403,272
06.02,38589,0,4468,775
06.03,38589,0,4468,0
06.04,40803,0,4542,2214
06.05,41883,0,4562,1080
06.06,43887,0,4656,2004
06.07,44730,0,4659,843
06.08,45133,0,4694,403
06.09,45924,0,4717,791
06.10,45924,0,4717,0
06.11,48288,0,4814,2364
06.12,49684,0,4854,1396
06.13,50931,0,4874,1247
06.14,51614,0,4874,683
06.15,52383,0,4891,769
06.16,53323,0,4939,940
06.17,54562,0,5041,1239
06.18,56043,0,5053,1481
06.19,56043,0,5053,0
06.20,56043,0,5053,0
06.21,56043,0,5053,0
06.22,58932,0,5122,2889
06.23,60837,0,5161,1905
06.24,62324,0,5209,1487
06.25,63890,0,5230,1566
06.26,65137,0,5280,1247
06.27,65137,0,5280,0
06.28,65137,0,5280,0
06.29,67667,0,5310,2530
06.30,68451,0,5333,784
07.01,69692,0,5370,1241
07.02,70639,4971,5411,947
07.03,71419,4971,5420,780
07.04,71419,4971,5420,0
07.05,71419,4971,5420,0
07.06,73061,4971,5433,1642
07.07,73344,4971,5447,283
07.08,73858,4971,5482,514
07.09,74333,4971,5500,475
07.10,74898,4971,5526,565
07.11,74898,4971,5526,0
07.12,74898,4971,5526,0
07.13,75826,4971,5536,928
07.14,76001,4971,5545,175
07.15,76492,4971,5572,491
07.16,76877,4971,5593,385
07.17,77281,4971,5619,404
07.18,77281,4971,5619,0
07.19,77281,4971,5619,0
07.20,78048,4971,5639,767
07.21,78166,4971,5646,118
07.22,78504,4971,5667,338
07.23,78763,4971,5676,259
07.24,78997,4971,5697,234
07.25,78997,4971,5697,0
07.26,78997,4971,5697,0
07.27,79395,4971,5700,398
07.28,79494,4971,5702,99
07.29,79782,4971,5730,288
07.30,80100,4971,5739,318
07.31,80422,4971,5743,322
08.01,80422,4971,5743,0
08.02,80422,4971,5743,0
08.03,81012,4971,5744,590
08.04,81181,4971,5747,169
08.05,81540,4971,5760,359
08.06,81967,4971,5766,427
08.07,82323,4971,5763,356
08.08,82323,4971,5763,0
08.09,82323,4971,5763,0
08.10,82972,4971,5766,649
08.11,83126,4971,5770,154
08.12,83455,4971,5774,329
08.13,83852,4971,5776,397
08.14,84294,4971,5783,442
08.15,84294,4971,5783,0
08.16,84294,4971,5783,0
08.17,85045,4971,5787,751
08.18,85219,4971,5790,174
08.19,85411,4971,5802,192
08.20,85810,4971,5805,399
08.21,86068,4971,5810,258
08.22,86068,4971,5810,0
08.23,86068,4971,5810,0
08.24,86721,4971,5813,653
08.25,86891,4971,5814,170
08.26,87072,4971,5817,181
08.27,83898,4971,5820,-3174
08.28,83958,4971,5821,60
08.29,83958,4971,5821,0
08.30,83958,4971,5821,0
08.31,84379,4971,5808,421
09.01,84521,4971,5813,142
09.02,84532,4971,5820,11
09.03,84729,4971,5832,197
09.04,84985,4971,5835,256
09.05,84985,4971,5835,0
09.06,84985,4971,5835,0
09.07,85558,4971,5837,573
09.08,85707,4971,5838,149
09.09,85880,4971,5842,173
09.10,86194,4971,5843,314
09.11,86505,4971,5846,311
09.12,86505,4971,5846,0
09.13,86505,4971,5846,0
09.14,86505,4971,5846,0
09.15,87345,4971,5851,840
09.16,87575,4971,5860,230
09.17,87885,4971,5864,310
09.18,88237,4971,5865,352
09.19,88237,4971,5865,0
09.20,88237,4971,5865,0
09.21,88237,4971,5865,0
09.22,89436,4971,5870,1199
09.23,89756,4971,5876,320
09.24,90289,4971,5878,533
09.25,90923,4971,5880,634
09.26,90923,4971,5880,0
09.27,90923,4971,5880,0
09.28,90923,4971,5880,0
09.29,92466,4971,5890,1543
09.30,92863,4971,5893,397
10.01,93615,4971,5893,752
10.02,94283,4971,5895,668
10.03,94283,4971,5895,0
10.04,94283,4971,5895,0
10.05,94283,4971,5895,0
10.06,96145,4971,5883,1862
10.07,96677,4971,5892,532
10.08,97532,4971,5892,855
10.09,98451,4971,5894,919
10.10,98451,4971,5894,0
10.11,98451,4971,5894,0
10.12,98451,4971,5894,0
10.13,100654,4971,5899,2203
10.14,101332,4971,5907,678
10.15,102407,4971,5910,1075
10.16,103200,4971,5918,793
10.17,103200,4971,5918,0
10.18,103200,4971,5918,0
10.19,103200,4971,5918,0
10.20,106380,4971,5922,3180
10.21,107355,4971,5929,975
10.22,108969,4971,5930,1614
10.23,110594,4971,5933,1625
10.24,110594,4971,5933,0
10.25,110594,4971,5933,0
10.26,110594,4971,5933,0
10.27,115785,4971,5918,5191
10.28,117913,4971,5927,2128
10.29,121167,4971,5934,3254
10.30,124355,4971,5938,3188
10.31,124355,4971,5938,0
11.01,124355,4971,5938,0
11.02,124355,4971,5938,0
11.03,134532,4971,5969,10177
11.04,137730,4971,5997,3198
11.05,141764,4971,6002,4034
11.06,146461,4971,6022,4697
11.07,146461,4971,6022,0
11.08,146461,4971,6022,0
11.09,146461,4917,6022,0
11.10,146461,4917,6022,0
11.11,162240,4917,6057,15779
11.12,171365,4917,6122,9125
11.13,177355,4917,6164,5990
11.14,177355,4917,6164,0
11.15,177355,4917,6164,0
11.16,177355,4917,6164,0
11.17,192439,4917,6225,15084
11.18,196446,4917,6321,4007
11.19,201055,4917,6340,4609
11.20,208295,4917,6406,7240
11.21,208295,4917,6406,0
11.22,208295,4917,6406,0
11.23,208295,4917,6406,0
11.24,225560,4917,6500,17265
11.25,230514,4917,6555,4954
11.26,236355,4917,6622,5841
11.27,243129,4917,6681,6774
11.28,243129,4917,6681,0
11.29,243129,4917,6681,0
11.30,243129,4917,6681,0
12.01,260758,4917,6798,17629
12.02,266158,4917,6972,5400
12.03,272643,4917,7007,6485
12.04,278912,4917,7067,6269
12.05,278912,4917,7067,0
12.06,278912,4917,7067,0
12.07,278912,4917,7067,0
12.08,297732,4917,7200,18820
12.09,304793,4917,7296,7061
12.10,312728,4917,7354,7935
12.11,320098,4917,7514,7370
12.12,320098,4917,7514,0
12.13,320098,4917,7514,0
12.14,320098,4917,7514,0
12.15,341029,4917,7667,20931
12.16,348585,4917,7802,7556
12.17,357466,4917,7893,8881
12.18,367120,4917,7993,9654
12.19,367120,4917,7993,0
12.20,367120,4917,7993,0
12.21,367120,4917,7993,0
12.22,389439,4917,8167,22319
12.23,396048,4917,8279,6609
12.24,396048,4917,8279,0
12.25,396048,4917,8279,0
12.26,396048,0,8279,0
12.27,396048,0,8279,0
12.28,396048,0,8279,0
12.29,428533,0,8484,32485
12.30,437379,0,8727,8846
12.31,437379,0,8727,0
01.01,437379,0,8727,0
01.02,437379,0,8727,0
01.03,437379,0,8727,0
01.04,437379,0,8727,0
01.05,469748,0,8985,32369
01.06,469748,0,8985,0
01.07,482284,0,9262,12536
01.08,489471,0,9433,7187
01.09,489471,0,9433,0
01.10,489471,0,9433,0
01.11,489471,0,9433,0
01.12,506866,0,9667,17395
01.13,512203,0,9834,5337
01.14,518783,0,10185,6580
01.15,523486,0,10323,4703
01.16,523486,0,10323,0
01.17,523486,0,10323,0
01.18,523486,0,10323,0
01.19,533265,0,10591,9779
01.20,537967,0,10797,4702
01.21,542952,0,10921,4985
01.22,547166,0,11005,4214
01.23,547166,0,11005,0
01.24,547166,0,11005,0
01.25,547166,0,11005,0
01.26,556289,0,11247,9123
01.27,560472,0,11425,4183
01.28,564557,0,11520,4085
01.29,566957,0,11591,2400
01.30,566957,0,11591,0
01.31,566957,0,11591,0
02.01,566957,0,11591,0
02.02,576606,0,11815,9649
02.03,580916,0,11939,4310
02.04,584674,0,12028,3758
02.05,588062,0,12115,3388
02.06,588062,0,12115,0
02.07,588062,0,12115,0
02.08,588062,0,12115,0
02.09,596174,0,12188,8112
02.10,600244,0,12326,4070
02.11,604577,0,12370,4333
02.12,608411,0,12428,3834
02.13,608411,0,12428,0
02.14,608411,0,12428,0
02.15,608411,0,12428,0
02.16,617869,0,12487,9458
02.17,622102,0,12569,4233
02.18,627022,0,12598,4920
02.19,631166,0,12649,4144
02.20,631166,0,12649,0
02.21,631166,0,12649,0
02.22,631166,0,12649,0
02.23,642099,0,12713,10933
02.24,647470,0,12793,5371
02.25,652465,0,12798,4995
02.26,657309,0,12826,4844
02.27,657309,0,12826,0
02.28,657309,0,12826,0
03.01,657309,0,12826,0
03.02,669113,0,12882,11804
03.03,675292,0,12964,6179
03.04,680130,0,12977,4838
03.05,684961,0,13003,4831
03.06,684961,0,13003,0
03.07,684961,0,13003,0
03.08,684961,0,13003,0
03.09,695975,0,13042,11014
03.10,701892,0,13088,5917
03.11,707192,0,13111,5300
03.12,712527,0,13146,5335
03.13,712527,0,13146,0
03.14,712527,0,13146,0
03.15,712527,0,13146,0
03.16,725289,0,13172,12762
03.17,732070,0,13228,6781
03.18,738537,0,13236,6467
03.19,744272,0,13262,5735
03.20,744272,0,13262,0
03.21,744272,0,13262,0
03.22,744272,0,13262,0
03.23,758335,0,13315,14063
03.24,765984,0,13357,7649
03.25,773690,0,13373,7706
03.26,780018,0,13402,6328
03.27,780018,0,13402,0
03.28,780018,0,13402,0
03.29,780018,0,13402,0
03.30,795839,0,13433,15821
03.31,804886,0,13465,9047
04.01,813191,0,13498,8305
04.02,813191,0,13498,0
04.03,813191,0,13498,0
04.04,813191,0,13498,0
04.05,813191,0,13498,0
04.06,834993,0,13533,21802
04.07,841807,0,13578,6814
04.08,849629,0,13595,7822
04.09,857401,0,13621,7772
04.10,857401,0,13621,0
04.11,857401,0,13621,0
04.12,857401,0,13621,0
04.13,876506,0,13660,19105
04.14,885385,0,13720,8879
04.15,892480,0,13761,7095
04.16,900138,0,13788,7658
04.17,900138,0,13788,0
04.18,900138,0,13788,0
04.19,900138,0,13788,0
04.20,916830,0,13825,16692
04.21,924340,0,13863,7510
04.22,932076,0,13882,7736
04.23,938343,0,13923,6267
04.24,938343,0,13923,0
04.25,938343,0,13923,0
04.26,938343,0,13923,0
04.27,953254,0,13968,14911
04.28,960520,0,14000,7266
04.29,967678,0,14002,7158
04.30,973604,0,14048,5926
05.01,973604,0,14048,0
05.02,973604,0,14048,0
05.03,973604,0,14048,0
05.04,988554,0,14091,14950
05.05,995595,0,14151,7041
05.06,1002121,0,14158,6526
05.07,1007792,0,14173,5671
05.08,1007792,0,14173,0
05.09,1007792,0,14173,0
05.10,1007792,0,14173,0
05.11,1021604,0,14217,13812
05.12,1027934,0,14267,6330
05.13,1027934,0,14267,0
05.14,1037126,0,14275,9192
05.15,1037126,0,14275,0
05.16,1037126,0,14275,0
05.17,1037126,0,14275,0
05.18,1047143,0,14301,10017
05.19,1051762,0,14349,4619
05.20,1055173,0,14351,3411
05.21,1058341,0,14366,3168
05.22,1058341,0,14366,0
05.23,1058341,0,14366,0
05.24,1058341,0,14366,0
05.25,1064375,0,14396,6034
05.26,1067107,0,14436,2732
05.27,1068473,0,14451,1366
05.28,1068473,0,14451,0
05.29,1068473,0,14451,0
05.30,1068473,0,14451,0
05.31,1068473,0,14451,0
06.01,1068473,0,14451,0
06.02,1068473,0,14451,0
06.03,1076993,0,14512,8520
06.04,1078062,0,14523,1069
06.05,1078062,0,14523,0
06.06,1078062,0,14523,0
06.07,1078062,0,14523,0
06.08,1080733,0,14546,2671
06.09,1081898,0,14562,1165
06.10,1082729,0,14565,831
06.11,1083456,0,14574,727
06.12,1083456,0,14574,0
06.13,1083456,0,14574,0
06.14,1083456,0,14574,0
06.15,1084636,0,14574,1180
06.16,1084636,0,14574,0
06.17,1084636,0,14574,0
06.18,1084636,0,14574,0
06.19,1084636,0,14574,0
06.20,1084636,0,14574,0
06.21,1084636,0,14574,0
06.22,1088014,0,14608,3378
06.23,1088518,0,14616,504
06.24,1088879,0,14622,361
06.25,1088896,0,14619,17
06.26,1088896,0,14619,0
06.27,1088896,0,14619,0
06.28,1088896,0,14619,0
06.29,1089743,0,14626,847
06.30,1089990,0,14629,247
07.01,1090553,0,14630,563
07.02,1090553,0,14630,0
