,confirm,heal,dead,confirm_add
03.23,1,0,0,1
03.24,1,0,0,0
03.25,4,0,0,3
03.26,5,0,0,1
03.27,5,0,0,0
03.28,5,0,0,0
03.29,6,0,0,1
03.30,10,0,1,5
03.31,10,0,2,0
04.01,10,0,2,0
04.02,16,0,2,6
04.03,16,0,2,0
04.04,16,2,2,0
04.05,19,2,2,3
04.06,19,2,2,0
04.07,19,2,2,0
04.08,19,3,2,0
04.09,19,4,2,0
04.10,19,4,2,0
04.11,19,4,2,0
04.12,25,5,2,6
04.13,25,5,2,0
04.14,25,5,2,0
04.15,29,5,2,4
04.16,33,5,2,4
04.17,33,5,2,0
04.18,38,5,2,5
04.19,38,5,2,0
04.20,39,5,3,1
04.21,39,6,3,0
04.22,42,6,3,3
04.23,42,6,3,0
04.24,42,6,3,0
04.25,42,6,3,0
04.26,42,11,3,0
04.27,43,14,3,1
04.28,43,19,3,0
04.29,43,21,3,0
04.30,43,21,3,0
05.01,43,21,3,0
05.02,44,27,3,1
05.03,44,27,3,0
05.04,44,27,3,0
05.05,44,27,3,0
05.06,45,27,3,1
05.07,45,27,3,0
05.08,47,27,3,2
05.09,47,29,3,0
05.10,47,29,3,0
05.11,47,29,3,0
05.12,47,29,3,0
05.13,48,29,3,1
05.14,48,29,3,0
05.15,48,29,3,0
05.16,50,36,3,2
05.17,51,36,3,1
05.18,58,36,3,7
05.19,58,36,3,0
05.20,58,36,3,0
05.21,58,36,3,0
05.22,58,36,3,0
05.23,70,37,4,12
05.24,86,41,4,16
05.25,106,41,4,20
05.26,121,41,4,15
05.27,121,41,4,0
05.28,121,43,4,0
05.29,122,43,4,1
05.30,122,43,4,0
05.31,122,43,4,0
06.01,123,46,5,1
06.02,123,50,6,0
06.03,123,50,6,0
06.04,123,53,6,0
06.05,124,53,6,1
06.06,124,53,6,0
06.07,125,58,6,1
06.08,141,58,6,16
06.09,144,62,6,3
06.10,146,62,6,2
06.11,152,68,6,6
06.12,164,68,6,12
06.13,170,71,6,6
06.14,177,74,6,7
06.15,177,74,6,0
06.16,177,78,6,0
06.17,177,78,6,0
06.18,187,78,7,10
06.19,187,78,7,0
06.20,198,83,7,11
06.21,204,83,7,6
06.22,219,83,7,15
06.23,219,86,7,0
06.24,231,94,7,12
06.25,242,96,7,11
06.26,242,96,7,0
06.27,256,102,9,14
06.28,256,102,9,0
06.29,269,102,9,13
06.30,279,105,9,10
07.01,293,110,9,14
07.02,312,113,9,19
07.03,328,123,10,16
07.04,338,123,10,10
07.05,358,126,13,20
07.06,372,126,14,14
07.07,372,126,14,0
07.08,372,126,14,0
07.09,372,126,14,0
07.10,394,126,16,22
07.11,394,126,16,0
07.12,394,126,16,0
07.13,417,136,19,23
07.14,439,138,21,22
07.15,439,138,21,0
07.16,458,140,22,19
07.17,477,140,22,19
07.18,496,144,25,19
07.19,496,144,25,0
07.20,522,154,29,26
07.21,522,154,29,0
07.22,561,165,32,39
07.23,561,165,32,0
07.24,608,184,35,47
07.25,608,184,35,0
07.26,650,200,38,42
07.27,650,200,38,0
07.28,674,210,40,24
07.29,694,220,40,20
07.30,717,229,40,23
07.31,738,229,41,21
08.01,757,237,43,19
08.02,780,237,43,23
08.03,809,256,44,29
08.04,847,268,46,38
08.05,944,296,48,97
08.06,944,296,48,0
08.07,999,311,48,55
08.08,1060,311,48,61
08.09,1125,331,50,65
08.10,1188,346,52,63
08.11,1255,364,52,67
08.12,1327,385,53,72
08.13,1402,395,53,75
08.14,1432,395,55,30
08.15,1515,403,58,83
08.16,1593,408,60,78
08.17,1677,417,64,84
08.18,1764,425,68,87
08.19,1844,425,73,80
08.20,1927,445,78,83
08.21,2008,460,82,81
08.22,2073,475,83,65
08.23,2143,490,85,70
08.24,2217,505,89,74
08.25,2293,519,92,76
08.26,2365,533,95,72
08.27,2440,550,98,75
08.28,2504,569,100,64
08.29,2563,584,103,59
08.30,2628,599,106,65
08.31,2703,614,109,75
09.01,2765,629,112,62
09.02,2830,646,116,65
09.03,2898,661,120,68
09.04,2973,681,124,75
09.05,3041,698,127,68
09.06,3104,715,130,63
09.07,3171,730,134,67
09.08,3229,744,137,58
09.09,3289,760,140,60
09.10,3351,780,143,62
09.11,3416,797,147,65
09.12,3476,812,150,60
09.13,3506,827,152,30
09.14,3540,842,155,34
09.15,3576,858,157,36
09.16,3614,871,160,38
09.17,3654,889,163,40
09.18,3691,903,165,37
09.19,3731,918,168,40
09.20,3765,932,170,34
09.21,3800,946,172,35
09.22,3833,963,175,33
09.23,3877,983,178,44
09.24,3924,998,181,47
09.25,3966,1013,183,42
09.26,4001,1028,185,35
09.27,4038,1048,188,37
09.28,4072,1062,192,34
09.29,4102,1074,194,30
09.30,4148,1088,197,46
10.01,4200,1103,200,52
10.02,4247,1117,202,47
10.03,4289,1130,203,42
10.04,4329,1143,204,40
10.05,4366,1155,205,37
10.06,4411,1168,207,45
10.07,4457,1183,209,46
10.08,4504,1198,212,47
10.09,4566,1212,215,62
10.10,4616,1235,218,50
10.11,4673,1271,221,57
10.12,4718,1296,224,45
10.13,4774,1331,228,56
10.14,4826,1364,231,52
10.15,4883,1389,234,57
10.16,4931,1425,238,48
10.17,4987,1456,241,56
10.18,5033,1494,245,46
10.19,5077,1528,248,44
10.20,5134,1565,251,57
10.21,5180,1596,254,46
10.22,5224,1629,257,44
10.23,5267,1655,260,43
10.24,5319,1692,264,52
10.25,5359,1722,267,40
10.26,5408,1753,269,49
10.27,5461,1788,272,53
10.28,5528,1821,275,67
10.29,5580,1861,278,52
10.30,5633,1898,281,53
10.31,5683,1937,285,50
11.01,5728,1976,288,45
11.02,5789,2021,292,61
11.03,5843,2061,295,54
11.04,5888,2100,298,45
11.05,5964,2143,301,76
11.06,6040,2195,305,76
11.07,6102,2254,309,62
11.08,6147,2302,313,45
11.09,6215,2357,317,68
11.10,6284,2405,321,69
11.11,6352,2454,325,68
11.12,6421,2504,329,69
11.13,6486,2558,333,65
11.14,6552,2609,337,66
11.15,6613,2665,341,61
11.16,6684,2714,345,71
11.17,6759,2759,350,75
11.18,6836,2817,354,77
11.19,6919,2868,358,83
11.20,6991,2924,363,72
11.21,7079,2986,368,88
11.22,7154,3043,372,75
11.23,7225,3097,376,71
11.24,7295,3155,380,70
11.25,7369,3213,385,74
11.26,7459,3271,391,90
11.27,7542,3330,399,83
11.28,7635,3389,404,93
11.29,7715,3444,409,80
11.30,7797,3500,413,82
12.01,7887,3560,417,90
12.02,7973,3624,422,86
12.03,8059,3689,426,86
12.04,8147,3748,432,88
12.05,8233,3811,437,86
12.06,8320,3879,442,87
12.07,8403,3943,447,83
12.08,8490,4000,452,87
12.09,8580,4059,458,90
12.10,8675,4114,465,95
12.11,8787,4174,476,112
12.12,8911,4243,491,124
12.13,9041,4319,506,130
12.14,9166,4376,518,125
12.15,9302,4432,530,136
12.16,9452,4494,543,150
12.17,9603,4548,554,151
12.18,9759,4616,571,156
12.19,9928,4686,591,169
12.20,10050,4737,601,122
12.21,10195,4786,610,145
12.22,10318,4835,621,123
12.23,10442,4885,630,124
12.24,10571,4927,641,129
12.25,10701,4997,652,130
12.26,10821,5048,660,120
12.27,10932,5093,669,111
12.28,11033,5141,678,101
12.29,11138,5192,686,105
12.30,11243,5248,696,105
12.31,11344,5296,704,101
01.01,11434,5350,711,90
01.02,11526,5420,717,92
01.03,11616,5485,723,90
01.04,11710,5546,729,94
01.05,11799,5615,734,89
01.06,11890,5686,741,91
01.07,11988,5753,747,98
01.08,12084,5824,755,96
01.09,12179,5889,763,95
01.10,12274,5953,768,95
01.11,12364,6029,774,90
01.12,12462,6098,781,98
01.13,12558,6185,790,96
01.14,12660,6259,799,102
01.15,12760,6329,809,100
01.16,12850,6405,817,90
01.17,12942,6474,824,92
01.18,13036,6548,832,94
01.19,13132,6624,841,96
01.20,13224,6696,850,92
01.21,13313,6773,858,89
01.22,13398,6842,866,85
01.23,13479,6918,873,81
01.24,13557,6989,879,78
01.25,13628,7056,885,71
01.26,13697,7121,890,69
01.27,13762,7185,895,65
01.28,13823,7260,900,61
01.29,13885,7329,906,62
01.30,13944,7406,911,59
01.31,13998,7481,916,54
02.01,14048,7562,921,50
02.02,14096,7644,926,48
02.03,14142,7725,929,46
02.04,14202,7807,933,60
02.05,14267,7892,938,65
02.06,14338,7974,943,71
02.07,14408,8053,947,70
02.08,14477,8134,952,69
02.09,14551,8213,958,74
02.10,14611,8288,961,60
02.11,14668,8366,965,57
02.12,14724,8438,968,56
02.13,14765,8520,971,41
02.14,14820,8600,975,55
02.15,14863,8679,978,43
02.16,14906,8754,981,43
02.17,14951,8826,984,45
02.18,15001,8903,987,50
02.19,15045,8982,990,44
02.20,15094,9064,994,49
02.21,15143,9144,996,49
02.22,15179,9221,998,36
02.23,15230,9307,1001,51
02.24,15282,9389,1004,52
02.25,15343,9468,1008,61
02.26,15405,9553,1014,62
02.27,15467,9637,1018,62
02.28,15533,9717,1023,66
03.01,15588,9801,1027,55
03.02,15642,9880,1032,54
03.03,15696,9961,1039,54
03.04,15753,10039,1045,57
03.05,15815,10123,1050,62
03.06,15870,10209,1054,55
03.07,15925,10293,1058,55
03.08,15981,10374,1063,56
03.09,16042,10454,1068,61
03.10,16117,10541,1074,75
03.11,16187,10625,1079,70
03.12,16257,10711,1085,70
03.13,16328,10799,1090,71
03.14,16401,10885,1094,73
03.15,16478,10970,1099,77
03.16,16556,11058,1104,78
03.17,16656,11141,1110,100
03.18,16776,11231,1120,120
03.19,16925,11322,1130,149
03.20,17077,11410,1141,152
03.21,17240,11503,1153,163
03.22,17411,11599,1163,171
03.23,17583,11693,1175,172
03.24,17743,11794,1183,160
03.25,17896,11907,1195,153
03.26,18046,12022,1206,150
03.27,18201,12142,1216,155
03.28,18356,12257,1227,155
03.29,18498,12377,1239,142
03.30,18498,12377,1239,0
03.31,18775,12610,1254,277
04.01,18909,12731,1265,134
04.02,19039,12855,1274,130
04.03,19164,12977,1288,125
04.04,19284,13090,1299,120
04.05,19404,13205,1313,120
04.06,19526,13316,1323,122
04.07,19641,13434,1332,115
04.08,19761,13549,1342,120
04.09,19883,13666,1352,122
04.10,20008,13780,1360,125
04.11,20118,13895,1368,110
04.12,20226,14012,1378,108
04.13,20331,14122,1385,105
04.14,20435,14230,1392,104
04.15,20555,14335,1402,120
04.16,20713,14469,1414,158
04.17,20856,14594,1423,143
04.18,21004,14721,1437,148
04.19,21142,14841,1446,138
04.20,21279,14958,1456,137
04.21,21433,15088,1468,154
04.22,21584,15216,1483,151
04.23,21584,15216,1483,0
04.24,21864,15551,1510,280
04.25,21999,15731,1526,135
04.26,22135,15913,1537,136
04.27,22265,16097,1548,130
04.28,22389,16283,1559,124
04.29,22513,16471,1572,124
04.30,22631,16661,1583,118
05.01,22733,16821,1592,102
05.02,22818,16992,1598,85
05.03,22898,17171,1603,80
05.04,22977,17339,1610,79
05.05,23051,17529,1617,74
05.06,23121,17725,1625,70
05.07,23191,17932,1631,70
05.08,23256,18166,1639,65
05.09,23319,18457,1648,63
05.10,23379,18737,1657,60
05.11,23439,19024,1664,60
05.12,23490,19316,1670,51
05.13,23543,19610,1676,53
05.14,23595,19908,1682,52
05.15,23645,20197,1688,50
05.16,23693,20483,1693,48
05.17,23738,20780,1698,45
05.18,23788,21073,1705,50
05.19,23830,21360,1710,42
05.20,23884,21460,1714,54
05.21,23939,21489,1720,55
05.22,23996,21514,1724,57
05.23,24052,21534,1729,56
05.24,24117,21549,1734,65
05.25,24187,21560,1740,70
05.26,24252,21569,1745,65
05.27,24315,21577,1750,63
05.28,24365,21583,1754,50
05.29,24410,21588,1758,45
05.30,24440,21593,1763,30
05.31,24467,21598,1766,27
06.01,24495,21604,1770,28
06.02,24529,21609,1774,34
06.03,24559,21614,1778,30
06.04,24591,21620,1782,32
06.05,24619,21625,1787,28
06.06,24639,21630,1790,20
06.07,24659,21635,1793,20
06.08,24680,21640,1796,21
06.09,24700,21646,1799,20
06.10,24723,21653,1801,23
06.11,24743,21658,1804,20
06.12,24767,21663,1806,24
06.13,24789,21668,1808,22
06.14,24814,21675,1810,25
06.15,24860,21682,1815,46
06.16,24904,21690,1821,44
06.17,24946,21699,1826,42
06.18,24991,21709,1832,45
06.19,25035,21717,1837,44
06.20,25076,21727,1841,41
06.21,25118,21738,1845,42
06.22,25158,21747,1848,40
06.23,25205,21756,1851,47
06.24,25248,21766,1855,43
06.25,25287,21774,1859,39
06.26,25328,21783,1862,41
06.27,25365,21791,1864,37
06.28,25404,21799,1867,39
06.29,25442,21808,1870,38
06.30,25479,21817,1873,37
07.01,25515,21825,1876,36
07.02,25551,21831,1879,36
