,confirm,heal,dead,confirm_add
04.30,15,0,0,0
05.01,15,0,0,0
05.02,32,0,0,17
05.03,76,0,2,44
05.04,230,0,3,154
05.05,293,0,5,63
05.06,379,0,8,86
05.07,461,0,12,82
05.08,522,0,12,61
05.09,612,0,20,90
05.10,612,0,20,0
05.11,661,0,21,49
05.12,661,0,21,0
05.13,801,0,23,140
05.14,907,0,29,106
05.15,1118,0,33,211
05.16,1322,0,36,204
05.17,1322,0,36,0
05.18,1729,0,41,407
05.19,1936,0,41,207
05.20,1936,641,41,0
05.21,2140,470,41,204
05.22,2350,1008,44,210
05.23,2738,1223,44,388
05.24,2929,1301,46,191
05.25,2929,1301,46,0
05.26,3266,1417,47,337
05.27,3424,1575,47,158
05.28,3563,1674,47,139
05.29,3686,1769,47,123
05.30,3807,1865,47,121
05.31,3930,2004,47,123
06.01,4013,2089,47,83
06.02,4100,2217,47,87
06.03,4100,2217,47,0
06.04,4191,2347,48,91
06.05,4370,2491,48,179
06.06,4370,2491,48,0
06.07,4529,2673,48,159
06.08,4609,2763,48,80
06.09,4690,2815,48,81
06.10,4690,2815,48,0
06.11,4834,3062,49,144
06.12,4902,3158,49,68
06.13,4971,3288,50,69
06.14,5035,3409,50,64
06.15,5097,3503,50,62
06.16,5097,3503,50,0
06.17,5160,3624,50,63
06.18,5279,3762,51,119
06.19,5338,3830,51,59
06.20,5399,3894,52,61
06.21,5457,3995,52,58
06.22,5457,3995,52,0
06.23,5567,4109,52,110
06.24,5630,4194,52,63
06.25,5691,4267,52,61
06.26,5747,4331,52,56
06.27,5747,4331,52,0
06.28,5849,4448,52,102
06.29,5900,4506,52,51
06.30,5900,4506,52,0
07.01,5954,4568,52,54
07.02,6058,4690,52,104
07.03,6058,4690,52,0
07.04,6058,4690,52,0
07.05,6159,4809,52,101
07.06,6213,4858,53,54
07.07,6262,4914,53,49
07.08,6364,5011,54,102
07.09,6364,5011,54,0
07.10,6410,5067,54,46
07.11,6506,5176,55,96
07.12,6506,5176,55,0
07.13,6552,5228,55,46
07.14,6596,5278,55,44
07.15,6695,5383,56,99
07.16,6695,5383,56,0
07.17,6786,5483,56,91
07.18,6834,5529,57,48
07.19,6834,5529,57,0
07.20,6878,5578,57,44
07.21,6967,5683,57,89
07.22,7015,5741,58,48
07.23,7060,5793,58,45
07.24,7104,5851,58,44
07.25,7150,5906,59,46
07.26,7150,5906,59,0
07.27,7235,7235,60,85
07.28,7276,6065,60,41
07.29,7320,6103,60,44
07.30,7366,6151,60,46
07.31,7366,6151,60,0
08.01,7451,6233,60,85
08.02,7495,6276,61,44
08.03,7538,6317,61,43
08.04,7583,6356,61,45
08.05,7625,6399,61,42
08.06,7665,6443,62,40
08.07,7665,6443,62,0
08.08,7706,6484,62,41
08.09,7706,6484,62,0
08.10,7827,6614,62,121
08.11,7871,6653,63,44
08.12,7912,6696,63,41
08.13,7950,6741,63,38
08.14,7950,6741,63,0
08.15,8029,6815,64,79
08.16,8065,6855,64,36
08.17,8065,6855,64,0
08.18,8131,6935,65,66
08.19,8166,6971,65,35
08.20,8203,7006,66,37
08.21,8241,7040,66,38
08.22,8241,7040,66,0
08.23,8277,7072,66,36
08.24,8346,7142,67,69
08.25,8379,7179,67,33
08.26,8413,7214,67,34
08.27,8449,7246,68,36
08.28,8481,7276,68,32
08.29,8516,7309,68,35
08.30,8516,7309,68,0
08.31,8583,7376,68,67
09.01,8619,7413,68,36
09.02,8654,7447,69,35
09.03,8690,7482,69,36
09.04,8724,7515,69,34
09.05,8757,7549,70,33
09.06,8792,7581,70,35
09.07,8824,7616,70,32
09.08,8860,7650,70,36
09.09,8899,7683,71,39
09.10,8939,7714,72,40
09.11,8939,7714,72,0
09.12,9014,7782,72,75
09.13,9049,7816,72,35
09.14,9088,7853,72,39
09.15,9129,7896,73,41
09.16,9171,7941,73,42
09.17,9214,7988,73,43
09.18,9259,8026,73,45
09.19,9303,8066,73,44
09.20,9303,8066,73,0
09.21,9388,8152,73,85
09.22,9432,8199,73,44
09.23,9475,8244,74,43
09.24,9520,8296,74,45
09.25,9562,8341,74,42
09.26,9605,8385,75,43
09.27,9646,8430,75,41
09.28,9685,8483,75,39
09.29,9726,8531,75,41
09.30,9769,8572,76,43
10.01,9811,8617,77,42
10.02,9852,8661,77,41
10.03,9895,8707,77,43
10.04,9935,8749,78,40
10.05,9974,8794,78,39
10.06,10014,8837,78,40
10.07,10055,8876,78,41
10.08,10097,8914,78,42
10.09,10137,8959,79,40
10.10,10180,9006,79,43
10.11,10222,9058,79,42
10.12,10260,9103,79,38
10.13,10297,9177,79,37
10.14,10336,9245,79,39
10.15,10374,9317,80,38
10.16,10414,9393,80,40
10.17,10455,9457,80,41
10.18,10493,9511,80,38
10.19,10533,9563,80,40
10.20,10574,9617,80,41
10.21,10613,9668,80,39
10.22,10653,9724,81,40
10.23,10695,9782,81,42
10.24,10736,9836,81,41
10.25,10776,9889,81,40
10.26,10819,9951,81,43
10.27,10860,10009,81,41
10.28,10900,10070,82,40
10.29,10939,10128,82,39
10.30,10977,10182,82,38
10.31,11017,10233,82,40
11.01,11054,10283,82,37
11.02,11096,10337,82,42
11.03,11139,10389,83,43
11.04,11180,10438,83,41
11.05,11219,10494,83,39
11.06,11256,10546,83,37
11.07,11294,10594,83,38
11.08,11294,10594,83,0
11.09,11376,10711,83,82
11.10,11376,10711,83,0
11.11,11417,10763,84,41
11.12,11456,10811,84,39
11.13,11534,10894,85,78
11.14,11573,10934,85,39
11.15,11610,10973,85,37
11.16,11610,10973,85,0
11.17,11689,11061,85,79
11.18,11731,11105,86,42
11.19,11772,11148,86,41
11.20,11815,11188,86,43
11.21,11854,11229,86,39
11.22,11854,11229,86,0
11.23,11932,11312,86,78
11.24,11971,11355,86,39
11.25,12008,11395,86,37
11.26,12044,11437,86,36
11.27,12044,11437,86,0
11.28,12118,11518,86,74
11.29,12155,11559,86,37
11.30,12155,11559,86,0
12.01,12194,11599,86,39
12.02,12231,11640,86,37
12.03,12269,11677,87,38
12.04,12308,11718,87,39
12.05,12389,11796,87,81
12.06,12428,11833,87,39
12.07,12469,11881,87,41
12.08,12511,11926,88,42
12.09,12551,11968,88,40
12.10,12588,12009,88,37
12.11,12588,12009,88,0
12.12,12624,12050,89,36
12.13,12704,12133,88,80
12.14,12741,12172,88,37
12.15,12777,12212,88,36
12.16,12815,12253,89,38
12.17,12815,12253,89,0
12.18,12888,12333,89,73
12.19,12923,12374,89,35
12.20,12960,12413,89,37
12.21,12960,12413,89,0
12.22,13034,12496,89,74
12.23,13071,12536,89,37
12.24,13106,12578,89,35
12.25,13138,12618,89,32
12.26,13172,12657,90,34
12.27,13205,12692,90,33
12.28,13205,12692,90,0
12.29,13237,12726,90,32
12.30,13296,12799,90,59
12.31,13296,12851,90,0
01.01,13296,12894,90,0
01.02,13300,12939,90,4
01.03,13300,12980,90,0
01.04,13300,13018,90,0
01.05,13305,13060,90,5
01.06,13305,13111,90,0
01.07,13305,13153,90,0
01.08,13305,13153,90,0
01.09,13305,13215,90,0
01.10,13308,13215,90,3
01.11,13308,13215,90,0
01.12,13308,13215,90,0
01.13,13308,13218,90,0
01.14,13308,13218,90,0
01.15,13308,13218,90,0
01.16,13308,13218,90,0
01.17,13308,13218,90,0
01.18,13308,13218,90,0
01.19,13308,13218,90,0
01.20,13308,13218,90,0
01.21,13308,13218,90,0
01.22,13308,13218,90,0
01.23,13308,13218,90,0
01.24,13308,13218,90,0
01.25,13308,13218,90,0
01.26,13308,13218,90,0
01.27,13308,13218,90,0
01.28,13308,13218,90,0
01.29,13308,13218,90,0
01.30,13308,13218,90,0
01.31,13308,13218,90,0
02.01,13308,13218,90,0
02.02,13308,13218,90,0
02.03,13308,13218,90,0
02.04,13308,13218,90,0
02.05,13308,13218,90,0
02.06,13308,13218,90,0
02.07,13308,13218,90,0
02.08,13308,13218,90,0
02.09,13308,13218,90,0
02.10,13308,13218,90,0
02.11,13308,13218,90,0
02.12,13308,13218,90,0
02.13,13308,13218,90,0
02.14,13308,13218,90,0
02.15,13308,13218,90,0
02.16,13308,13218,90,0
02.17,13308,13218,90,0
