,confirm,heal,dead,confirm_add
03.06,1,0,0,1
03.07,1,0,0,1
03.08,1,0,0,0
03.09,1,0,0,0
03.10,1,0,0,0
03.11,1,0,0,0
03.12,1,0,0,0
03.13,1,0,0,0
03.14,1,0,0,0
03.15,1,0,0,0
03.16,1,0,0,0
03.17,1,0,0,0
03.18,1,0,0,0
03.19,1,0,0,0
03.20,9,0,0,8
03.21,16,1,0,7
03.22,16,1,0,0
03.23,18,0,0,2
03.24,20,1,0,2
03.25,23,1,0,3
03.26,23,1,0,0
03.27,25,1,0,2
03.28,25,1,1,9
03.29,25,1,1,0
03.30,30,7,1,5
03.31,30,1,1,0
04.01,36,10,2,6
04.02,36,10,2,0
04.03,40,17,3,4
04.04,41,17,3,1
04.05,44,20,3,3
04.06,52,22,3,8
04.07,58,23,3,6
04.08,70,23,3,12
04.09,73,24,3,3
04.10,76,25,3,3
04.11,76,25,3,0
04.12,76,29,3,0
04.13,76,29,3,0
04.14,77,32,3,1
04.15,81,35,3,4
04.16,81,45,5,0
04.17,83,48,5,2
04.18,84,49,5,1
04.19,84,49,5,0
04.20,84,52,5,0
04.21,84,53,6,0
04.22,88,56,6,4
04.23,88,56,6,0
04.24,90,59,6,2
04.25,96,62,6,6
04.26,96,62,6,0
04.27,98,62,6,2
04.28,99,62,6,1
04.29,109,64,7,10
04.30,116,65,9,7
05.01,116,65,9,0
05.02,123,66,9,7
05.03,123,66,9,0
05.04,126,74,9,3
05.05,128,74,9,2
05.06,128,77,9,0
05.07,128,77,9,0
05.08,145,85,10,17
05.09,145,85,10,0
05.10,153,87,10,8
05.11,174,89,11,21
05.12,181,89,11,7
05.13,199,92,11,18
05.14,219,96,11,20
05.15,238,96,11,19
05.16,263,96,11,25
05.17,298,99,11,35
05.18,301,104,11,3
05.19,330,106,12,29
05.20,338,107,12,8
05.21,340,110,12,2
05.22,354,118,12,14
05.23,363,121,12,9
05.24,373,133,12,10
05.25,381,141,12,8
05.26,386,161,13,5
05.27,391,177,13,5
05.28,395,183,13,4
05.29,422,197,13,27
05.30,428,202,13,6
05.31,433,206,13,5
06.01,442,211,13,9
06.02,443,215,13,1
06.03,445,230,13,2
06.04,452,236,13,7
06.05,465,239,13,13
06.06,485,240,13,20
06.07,487,240,13,2
06.08,495,248,13,8
06.09,497,251,13,2
06.10,501,260,13,4
06.11,522,265,13,21
06.12,524,271,13,2
06.13,525,279,13,1
06.14,530,291,13,5
06.15,531,299,13,1
06.16,532,308,13,1
06.17,537,344,13,5
06.18,544,353,13,7
06.19,547,353,13,3
06.20,555,361,13,8
06.21,561,366,13,6
06.22,569,375,13,8
06.23,569,380,13,0
06.24,576,384,13,7
06.25,583,392,14,7
06.26,588,394,14,5
06.27,591,395,14,3
06.28,615,396,14,24
06.29,642,401,14,27
06.30,643,401,14,1
07.01,650,402,14,7
07.02,661,414,14,11
07.03,667,424,14,6
07.04,671,424,14,4
07.05,676,432,15,5
07.06,680,447,15,4
07.07,680,450,15,0
07.08,689,467,15,9
07.09,695,475,15,6
07.10,704,483,15,9
07.11,710,494,15,6
07.12,710,494,15,0
07.13,720,513,15,10
07.14,721,517,15,1
07.15,731,528,15,10
07.16,740,534,15,9
07.17,749,543,15,9
07.18,766,546,15,17
07.19,774,548,15,8
07.20,778,551,15,4
07.21,783,554,15,5
07.22,790,560,15,7
07.23,806,578,16,16
07.24,828,584,16,22
07.25,839,585,17,11
07.26,853,587,17,14
07.27,868,599,18,15
07.28,874,607,18,6
07.29,896,612,18,22
07.30,896,612,18,0
07.31,908,626,18,12
08.01,941,641,19,33
08.02,958,647,19,17
08.03,961,660,19,3
08.04,976,663,19,15
08.05,988,673,19,12
08.06,1001,690,21,13
08.07,1012,697,22,11
08.08,1028,710,22,16
08.09,1046,721,23,18
08.10,1060,729,23,14
08.11,1067,729,25,7
08.12,1070,752,26,3
08.13,1092,782,26,22
08.14,1104,791,26,12
08.15,1124,806,26,20
08.16,1130,836,27,6
08.17,1147,843,27,17
08.18,1154,858,27,7
08.19,1173,868,27,19
08.20,1190,875,27,17
08.21,1212,878,27,22
08.22,1239,891,27,27
08.23,1275,903,27,36
08.24,1277,910,27,2
08.25,1295,914,27,18
08.26,1309,919,27,14
08.27,1326,946,27,17
08.28,1341,968,27,15
08.29,1365,981,27,24
08.30,1390,990,27,25
08.31,1396,996,27,6
09.01,1400,1005,28,4
09.02,1416,1035,28,16
09.03,1434,1055,30,18
09.04,1443,1071,31,9
09.05,1457,1079,31,14
09.06,1477,1094,32,20
09.07,1488,1106,32,11
09.08,1493,1114,33,5
09.09,1513,1127,34,20
09.10,1528,1144,36,15
09.11,1537,1145,37,9
09.12,1548,1166,37,11
09.13,1555,1189,37,7
09.14,1572,1190,37,17
09.15,1578,1204,40,6
09.16,1595,1219,40,17
09.17,1608,1230,40,13
09.18,1618,1243,41,10
09.19,1640,1251,41,22
09.20,1659,1259,41,19
09.21,1666,1269,41,7
09.22,1669,1274,41,3
09.23,1683,1290,41,14
09.24,1701,1297,41,18
09.25,1707,1307,44,6
09.26,1722,1312,44,15
09.27,1736,1319,46,14
09.28,1743,1330,46,7
09.29,1749,1336,47,6
09.30,1759,1341,48,10
10.01,1784,1348,48,25
10.02,1809,1353,48,25
10.03,1818,1365,48,9
10.04,1840,1375,48,22
10.05,1854,1392,48,14
10.06,1864,1403,48,10
10.07,1881,1410,49,17
10.08,1898,1419,49,17
10.09,1907,1426,49,9
10.10,1921,1433,49,14
10.11,1935,1444,49,14
10.12,1940,1457,49,5
10.13,1949,1461,49,9
10.14,1972,1465,50,23
10.15,1983,1473,51,11
10.16,1996,1489,51,13
10.17,2027,1500,51,31
10.18,2049,1517,51,22
10.19,2057,1531,51,8
10.20,2071,1541,51,14
10.21,2104,1555,51,33
10.22,2120,1561,51,16
10.23,2139,1574,52,19
10.24,2162,1586,52,23
10.25,2187,1591,52,25
10.26,2200,1600,52,13
10.27,2204,1608,53,4
10.28,2229,1612,54,25
10.29,2238,1620,54,9
10.30,2296,1627,55,58
10.31,2312,1640,55,16
11.01,2331,1660,57,19
11.02,2357,1676,57,26
11.03,2364,1681,57,7
11.04,2381,1691,57,17
11.05,2406,1699,57,25
11.06,2442,1708,57,36
11.07,2460,1720,57,18
11.08,2483,1727,57,23
11.09,2516,1732,57,33
11.10,2523,1736,57,7
11.11,2558,1763,57,35
11.12,2593,1792,59,35
11.13,2605,1815,60,12
11.14,2627,1856,60,22
11.15,2651,1885,61,24
11.16,2675,1920,61,24
11.17,2693,1952,61,18
11.18,2722,2006,62,29
11.19,2752,2058,63,30
11.20,2771,2101,63,19
11.21,2796,2148,64,25
11.22,2829,2209,64,33
11.23,2843,2248,64,14
11.24,2854,2274,64,11
11.25,2872,2295,64,18
11.26,2889,2320,64,17
11.27,2904,2345,64,15
11.28,2926,2401,64,22
11.29,2946,2435,64,20
11.30,2962,2464,64,16
12.01,2974,2478,64,12
12.02,2997,2515,64,23
12.03,3014,2543,65,17
12.04,3039,2567,65,25
12.05,3051,2599,65,12
12.06,3085,2624,65,34
12.07,3095,2653,65,10
12.08,3111,2677,65,16
12.09,3132,2691,65,21
12.10,3151,2699,65,19
12.11,3182,2714,66,31
12.12,3202,2726,66,20
12.13,3221,2745,66,19
12.14,3251,2771,66,30
12.15,3266,2789,66,15
12.16,3295,2821,66,29
12.17,3315,2852,66,20
12.18,3330,2890,66,15
12.19,3350,2933,66,20
12.20,3396,2974,66,46
12.21,3416,3017,66,20
12.22,3436,3054,66,20
12.23,3467,3091,66,31
12.24,3494,3131,68,27
12.25,3520,3186,68,26
12.26,3546,3225,68,26
12.27,3555,3261,68,9
12.28,3555,3261,68,0
12.29,3576,3315,68,21
12.30,3604,3366,68,28
12.31,3611,3384,68,7
01.01,3633,3393,68,22
01.02,3662,3443,68,29
01.03,3683,3457,68,21
01.04,3702,3474,68,19
01.05,3722,3479,69,20
01.06,3770,3515,69,48
01.07,3807,3544,70,37
01.08,3845,3560,72,38
01.09,3894,3581,72,49
01.10,3932,3602,72,38
01.11,3957,3614,72,25
01.12,3978,3638,73,21
01.13,4045,3656,73,67
01.14,4109,3683,73,64
01.15,4165,3704,73,56
01.16,4220,3731,73,55
01.17,4272,3763,73,52
01.18,4302,3775,73,30
01.19,4324,3785,74,22
01.20,4383,3839,74,59
01.21,4459,3865,74,76
01.22,4505,3901,74,46
01.23,4545,3927,74,40
01.24,4636,3976,74,91
01.25,4662,3997,75,26
01.26,4682,4005,76,20
01.27,4682,4005,76,0
01.28,4870,4092,76,188
01.29,4922,4122,76,52
01.30,4975,4177,76,53
01.31,5041,4224,77,66
02.01,5074,4268,77,33
02.02,5092,4282,79,18
02.03,5166,4352,79,74
02.04,5224,4380,79,58
02.05,5290,4418,79,66
02.06,5356,4456,79,66
02.07,5436,4535,79,80
02.08,5483,4550,80,47
02.09,5496,4561,80,13
02.10,5576,4630,80,80
02.11,5606,4696,80,30
02.12,5687,4789,80,81
02.13,5757,4899,80,70
02.14,5823,4949,80,66
02.15,5874,5004,81,51
02.16,5882,5007,81,8
02.17,5953,5094,81,71
