,confirm,heal,dead,confirm_add
03.03,1,0,0,1
03.04,1,0,0,0
03.05,1,0,0,0
03.06,1,0,0,0
03.07,1,0,0,0
03.08,1,0,0,0
03.09,1,0,0,0
03.10,5,0,0,4
03.11,5,0,0,0
03.12,7,0,0,2
03.13,13,0,0,6
03.14,13,0,0,0
03.15,18,0,0,5
03.16,20,0,0,2
03.17,20,0,0,0
03.18,27,0,0,7
03.19,39,0,0,12
03.20,39,0,0,0
03.21,60,0,0,21
03.22,75,0,3,15
03.23,89,1,3,14
03.24,114,1,3,25
03.25,119,1,4,5
03.26,173,1,5,59
03.27,227,1,6,54
03.28,227,2,7,0
03.29,278,2,8,51
03.30,312,2,8,34
03.31,362,3,10,50
04.01,394,3,10,32
04.02,423,5,12,29
04.03,455,5,14,32
04.04,495,5,18,40
04.05,553,5,19,58
04.06,574,5,22,21
04.07,596,5,22,22
04.08,623,25,23,27
04.09,628,25,24,5
04.10,643,25,25,15
04.11,671,43,25,28
04.12,685,43,28,14
04.13,707,43,31,22
04.14,726,43,34,19
04.15,747,43,34,21
04.16,780,43,35,33
04.17,822,43,37,42
04.18,864,43,37,42
04.19,866,43,37,2
04.20,879,148,38,13
04.21,884,148,38,5
04.22,901,170,38,17
04.23,909,190,38,8
04.24,918,190,38,9
04.25,922,194,38,4
04.26,939,207,38,17
04.27,949,216,38,10
04.28,967,279,39,18
04.29,975,279,40,8
04.30,980,294,40,5
05.01,994,305,41,14
05.02,998,316,41,4
05.03,1009,323,42,11
05.04,1013,328,42,4
05.05,1018,406,43,5
05.06,1022,482,43,4
05.07,1025,591,43,3
05.08,1026,600,44,1
05.09,1030,638,45,4
05.10,1032,660,45,2
05.11,1032,700,45,0
05.12,1032,727,45,0
05.13,1032,740,45,0
05.14,1032,759,45,0
05.15,1032,770,45,0
05.16,1035,802,45,3
05.17,1037,807,45,2
05.18,1037,816,45,0
05.19,1043,819,46,6
05.20,1044,826,47,1
05.21,1045,862,47,1
05.22,1046,883,47,1
05.23,1048,903,47,2
05.24,1048,914,48,0
05.25,1051,917,48,3
05.26,1051,919,48,0
05.27,1051,929,48,0
05.28,1068,938,48,17
05.29,1071,946,48,3
05.30,1076,950,48,5
05.31,1077,960,48,1
06.01,1084,964,48,7
06.02,1086,965,48,2
06.03,1086,965,48,0
06.04,1087,968,49,1
06.05,1087,969,49,0
06.06,1087,977,49,0
06.07,1087,982,49,0
06.08,1087,982,49,0
06.09,1087,982,49,0
06.10,1087,982,49,0
06.11,1087,989,49,0
06.12,1093,995,49,6
06.13,1093,995,49,0
06.14,1096,998,49,3
06.15,1110,999,49,14
06.16,1125,1002,49,15
06.17,1128,1004,50,3
06.18,1132,1006,50,4
06.19,1146,1014,50,14
06.20,1156,1017,50,10
06.21,1157,1020,50,1
06.22,1159,1020,50,2
06.23,1159,1020,50,0
06.24,1159,1023,50,0
06.25,1162,1023,50,3
06.26,1164,1023,50,2
06.27,1164,1023,50,0
06.28,1169,1029,50,5
06.29,1169,1029,50,0
06.30,1172,1029,50,3
07.01,1175,1038,50,3
07.02,1175,1038,50,0
07.03,1178,1039,50,3
07.04,1181,1045,50,3
07.05,1186,1046,50,5
07.06,1188,1048,50,2
07.07,1199,1049,50,11
07.08,1205,1049,50,6
07.09,1221,1050,50,16
07.10,1240,1067,50,19
07.11,1240,1067,50,0
07.12,1263,1076,50,23
07.13,1302,1082,50,39
07.14,1302,1082,50,0
07.15,1306,1087,50,4
07.16,1327,1093,50,21
07.17,1336,1095,50,9
07.18,1336,1095,50,0
07.19,1374,1097,50,38
07.20,1374,1097,50,0
07.21,1381,1099,50,7
07.22,1389,1103,50,8
07.23,1394,1108,50,5
07.24,1406,1118,50,12
07.25,1425,1124,50,19
07.26,1443,1133,50,18
07.27,1452,1142,50,9
07.28,1455,1157,50,3
07.29,1468,1168,50,13
07.30,1514,1187,50,46
07.31,1514,1187,50,0
08.01,1535,1195,50,21
08.02,1552,1217,51,17
08.03,1561,1221,51,9
08.04,1565,1225,51,4
08.05,1601,1233,51,36
08.06,1601,1233,51,0
08.07,1642,1241,51,41
08.08,1656,1251,51,14
08.09,1678,1259,51,22
08.10,1697,1263,51,19
08.11,1717,1265,51,20
08.12,1738,1272,52,21
08.13,1780,1278,52,42
08.14,1847,1302,53,67
08.15,1903,1320,53,56
08.16,2023,1327,54,120
08.17,2107,1358,54,84
08.18,2185,1362,56,78
08.19,2314,1370,57,129
08.20,2427,1395,60,113
08.21,2543,1397,63,116
08.22,2607,1420,64,64
08.23,2738,1434,68,131
08.24,2818,1443,71,80
08.25,2893,1454,71,75
08.26,3069,1456,71,176
08.27,3206,1476,71,137
08.28,3323,1504,73,117
08.29,3461,1522,74,138
08.30,3572,1536,76,111
08.31,3685,1562,76,113
09.01,3803,1573,77,118
09.02,3963,1624,80,160
09.03,4196,1628,81,233
09.04,4394,1681,84,198
09.05,4542,1699,87,148
09.06,4776,1701,93,234
09.07,5041,1752,93,265
09.08,5124,1788,94,83
09.09,5417,1862,96,293
09.10,5417,1862,96,0
09.11,5882,1862,99,465
09.12,6259,1956,103,377
09.13,6635,1991,107,376
09.14,6635,1991,107,0
09.15,7382,2175,117,747
09.16,7623,2262,123,241
09.17,8100,2309,129,477
09.18,8570,2342,133,470
09.19,9110,2366,138,540
09.20,9736,2386,155,626
09.21,10732,2386,159,996
09.22,11260,2386,164,528
09.23,12479,2386,174,1219
09.24,13305,2386,180,826
09.25,13305,5032,180,0
09.26,14392,5032,191,1087
09.27,15178,5032,207,786
09.28,16114,5032,214,936
09.29,17405,5032,246,1291
09.30,17405,5032,246,0
10.01,18413,5032,265,1008
10.02,19721,5032,271,1308
10.03,19721,5032,271,0
10.04,22230,5032,321,2509
10.05,22230,5032,321,0
10.06,22230,5032,321,0
10.07,24542,5032,364,2312
10.08,24542,5032,364,0
10.09,26899,5032,409,2357
10.10,26899,5032,409,0
10.11,31259,5032,456,4360
10.12,32556,5032,478,1297
10.13,32556,5032,478,0
10.14,34790,5032,512,2234
10.15,34790,5032,512,0
10.16,34790,5032,512,0
10.17,34790,5032,512,0
10.18,40542,5032,626,5752
10.19,40542,5032,626,0
10.20,42727,5032,687,2185
10.21,44450,5032,711,1723
10.22,45892,5032,740,1442
10.23,47214,5032,784,1322
10.24,48799,5032,819,1585
10.25,48799,5032,819,0
10.26,52399,5032,983,3600
10.27,52399,5032,983,0
10.28,52399,5032,983,0
10.29,54278,5032,1153,1879
10.30,58029,5032,1253,3751
10.31,59813,5032,1317,1784
11.01,61115,5032,1348,1302
11.02,61906,5032,1381,791
11.03,61906,5032,1381,0
11.04,64363,5032,1512,2457
11.05,66334,36727,1577,1971
11.06,66334,36727,1577,0
11.07,67918,46192,1753,1584
11.08,69543,47416,1794,1625
11.09,71119,48103,1873,1576
11.10,71569,48103,1920,450
11.11,72993,48103,2006,1424
11.12,74522,51750,2100,1529
11.13,76106,51807,2151,1584
11.14,77668,52912,2209,1562
11.15,79339,53758,2279,1671
11.16,80404,54362,2345,1065
11.17,81003,55551,2396,599
11.18,81723,56748,2445,720
11.19,83772,58229,2541,2049
11.20,84995,59334,2611,1223
11.21,86265,60486,2684,1270
11.22,87471,61402,2752,1206
11.23,88711,62249,2821,1240
11.24,89196,63846,2862,485
11.25,90213,65303,2935,1017
11.26,91307,66459,2983,1094
11.27,92475,67453,3034,1168
11.28,93770,68464,3106,1295
11.29,94980,69226,3153,1210
11.30,96251,69624,3219,1271
12.01,96769,70851,3260,518
12.02,98072,72473,3311,1303
12.03,99280,73607,3359,1208
12.04,99280,73607,3359,0
12.05,101900,75464,3481,2620
12.06,102991,76441,3526,1091
12.07,104002,76441,3561,1011
12.08,104329,77798,3596,327
12.09,105445,80082,3668,1116
12.10,106856,81204,3717,1411
12.11,107814,82193,3758,958
12.12,109104,83162,3801,1290
12.13,110393,84218,3836,1289
12.14,111361,84741,3894,968
12.15,111758,85882,3915,397
12.16,113241,86801,3956,1483
12.17,114547,87884,3997,1306
12.18,115966,87884,4032,1419
12.19,117582,87884,4090,1616
12.20,119151,87884,4126,1569
12.21,120687,87884,4158,1536
12.22,121718,95025,4199,1031
12.23,123323,95763,4237,1605
12.24,125000,97026,4275,1677
12.25,126752,97776,4324,1752
12.26,128578,98426,4385,1826
12.27,130230,99514,4426,1652
12.28,131592,100207,4466,1362
12.29,133204,101245,4518,1612
12.30,134802,104401,4570,1598
12.31,137216,104980,4620,2414
01.01,139140,105364,4676,1924
01.02,140557,105499,4730,1417
01.03,141979,106050,4765,1422
01.04,143544,107049,4800,1565
01.05,144796,108491,4862,1252
01.06,147061,110324,4934,2265
01.07,149881,111599,5004,2820
01.08,152254,113415,5052,2373
01.09,154903,115173,5108,2649
01.10,157514,116526,5153,2611
01.11,159276,117701,5215,1762
01.12,162350,119446,5284,3074
01.13,164936,120999,5343,2586
01.14,168568,122775,5415,3632
01.15,170895,124610,5478,2327
01.16,175065,125635,5528,4170
01.17,177231,127854,5616,2166
01.18,180090,128992,5692,2859
01.19,181885,131019,5750,1795
01.20,184483,132983,5844,2598
01.21,188373,135543,5921,3890
01.22,190884,137460,5989,2511
01.23,193273,140180,6092,2389
01.24,195314,141862,6154,2041
01.25,197373,144657,6234,2059
01.26,198636,146740,6287,1263
01.27,200662,148995,6370,2026
01.28,202323,151214,6446,1661
01.29,204351,152436,6508,2028
01.30,206030,154455,6599,1679
01.31,207468,156160,6680,1438
02.01,208885,157446,6754,1417
02.02,210045,162223,6802,1160
02.03,211412,165067,6893,1367
02.04,212679,167699,6980,1267
02.05,213949,169300,7048,1270
02.06,215112,171143,7099,1163
02.07,216176,172885,7162,1064
02.08,217086,173862,7214,910
02.09,217753,175340,7257,667
02.10,218564,176859,7332,811
02.11,219650,180381,7378,1086
02.12,220478,180830,7429,828
02.13,221455,181198,7461,977
02.14,222504,181627,7508,1049
02.15,223244,182421,7544,740
02.16,223549,183530,7575,305
02.17,224329,184499,7617,780
