,confirm,heal,dead,confirm_add
03.22,1,0,0,1
03.23,1,0,0,0
03.24,9,0,0,8
03.25,14,0,0,5
03.26,14,0,0,0
03.27,18,0,0,4
03.28,23,0,0,5
03.29,30,0,0,7
03.30,33,0,0,3
03.31,33,0,0,0
04.01,44,0,0,11
04.02,44,0,0,0
04.03,45,0,0,1
04.04,48,0,0,3
04.05,48,0,0,0
04.06,52,0,0,4
04.07,52,0,0,0
04.08,52,0,0,0
04.09,53,0,0,1
04.10,53,0,0,0
04.11,53,3,0,0
04.12,53,4,0,0
04.13,54,7,0,1
04.14,54,8,0,0
04.15,55,12,0,1
04.16,55,12,0,0
04.17,55,20,0,0
04.18,55,20,0,0
04.19,55,28,0,0
04.20,55,38,0,0
04.21,58,38,0,3
04.22,61,45,0,3
04.23,63,46,0,2
04.24,74,46,0,11
04.25,75,46,0,1
04.26,75,46,0,0
04.27,79,46,0,4
04.28,79,52,0,0
04.29,79,52,0,0
04.30,81,52,0,2
05.01,83,52,0,2
05.02,85,52,0,2
05.03,88,52,0,3
05.04,89,55,0,1
05.05,97,55,0,8
05.06,98,55,0,1
05.07,100,55,0,2
05.08,101,55,0,1
05.09,114,55,0,13
05.10,116,55,0,2
05.11,121,55,0,5
05.12,122,55,0,1
05.13,126,55,0,4
05.14,139,55,0,13
05.15,160,63,0,21
05.16,203,63,0,43
05.17,227,63,0,24
05.18,248,63,0,21
05.19,260,63,0,12
05.20,264,65,0,4
05.21,145,65,0,-119
05.22,160,66,0,15
05.23,175,68,0,15
05.24,198,68,0,23
05.25,212,68,0,14
05.26,222,69,0,10
05.27,253,69,0,31
05.28,281,69,0,28
05.29,317,69,0,36
05.30,329,72,0,12
05.31,413,72,0,84
06.01,457,72,0,44
06.02,489,79,0,32
06.03,489,82,0,0
06.04,522,82,0,33
06.05,557,82,0,35
06.06,557,82,0,0
06.07,616,96,0,59
06.08,646,103,0,30
06.09,657,118,0,11
06.10,665,119,0,8
06.11,679,161,0,14
06.12,686,161,0,7
06.13,694,199,0,8
06.14,696,240,0,2
06.15,705,299,0,9
06.16,724,351,0,19
06.17,732,420,0,8
06.18,741,486,0,9
06.19,755,492,0,14
06.20,763,492,0,8
06.21,770,578,0,7
06.22,774,631,0,4
06.23,797,699,0,23
06.24,805,717,0,8
06.25,805,717,0,0
06.26,833,761,0,28
06.27,848,761,0,15
06.28,859,794,0,11
06.29,870,808,0,11
06.30,870,808,0,0
07.01,893,837,0,23
07.02,902,847,0,9
07.03,911,849,0,9
07.04,927,868,0,16
07.05,939,891,0,12
07.06,953,892,0,14
07.07,971,896,0,18
07.08,977,904,0,6
07.09,1000,908,0,23
07.10,1006,938,0,6
07.11,1013,952,0,7
07.12,1025,972,0,12
07.13,1029,977,0,4
07.14,1040,984,0,11
07.15,1043,1004,0,3
07.16,1043,1004,0,0
07.17,1056,1023,0,13
07.18,1062,1023,0,6
07.19,1065,1023,0,3
07.20,1069,1071,0,4
07.21,1072,958,0,3
07.22,1075,958,0,3
07.23,1079,971,0,4
07.24,1089,975,1,10
07.25,1103,975,1,14
07.26,1103,982,1,0
07.27,1115,982,2,12
07.28,1135,989,2,20
07.29,1140,1028,2,5
07.30,1147,1028,2,7
07.31,1147,1028,2,0
08.01,1176,1045,4,29
08.02,1182,1045,4,6
08.03,1195,1070,5,13
08.04,1203,1073,5,8
08.05,1213,1102,5,10
08.06,1223,1102,5,10
08.07,1254,1113,6,31
08.08,1267,1115,6,13
08.09,1267,1115,6,0
08.10,1297,1137,9,30
08.11,1313,1138,9,16
08.12,1332,1139,9,19
08.13,1353,1141,11,21
08.14,1385,1142,12,32
08.15,1434,1142,13,49
08.16,1434,1142,13,0
08.17,1560,1165,15,126
08.18,1560,1165,15,0
08.19,1656,1188,16,96
08.20,1750,1194,19,94
08.21,1848,1199,19,98
08.22,1848,1199,19,0
08.23,2263,1199,20,415
08.24,2362,1248,22,99
08.25,2426,1267,25,64
08.26,2524,1268,26,98
08.27,2524,1268,26,0
08.28,2756,1288,28,232
08.29,2847,1288,29,91
08.30,2847,1288,29,0
08.31,2928,1288,30,81
09.01,3037,1489,32,109
09.02,3112,1528,32,75
09.03,3288,1532,33,176
09.04,3353,1564,35,65
09.05,3353,1564,35,0
09.06,3539,1564,39,186
09.07,3776,1741,44,237
09.08,3900,1817,46,124
09.09,4101,1876,46,201
09.10,4291,1998,48,190
09.11,4377,1998,49,86
09.12,4377,1998,49,0
09.13,4799,2256,55,422
09.14,4978,2317,56,179
09.15,5123,2333,58,145
09.16,5266,2404,60,143
09.17,5380,2489,60,114
09.18,5594,2544,61,214
09.19,5594,2544,61,0
09.20,6287,2616,63,693
09.21,6468,2731,63,181
09.22,6712,2778,64,244
09.23,6879,2961,69,167
09.24,7064,3226,70,185
09.25,7218,3611,71,154
09.26,7364,3647,71,146
09.27,7530,3647,73,166
09.28,7777,4033,75,247
09.29,7777,4033,75,0
09.30,8129,4260,75,352
10.01,8287,4430,75,158
10.02,8491,4470,79,204
10.03,8662,4546,79,171
10.04,8808,4736,81,146
10.05,8808,4736,81,0
10.06,9082,5457,84,274
10.07,9260,5588,85,178
10.08,9442,5781,85,182
10.09,9442,5781,85,0
10.10,9538,5857,86,96
10.11,9801,6109,93,263
10.12,9864,6109,94,63
10.13,9864,6109,94,0
10.14,10069,6531,95,205
10.15,10117,6725,96,48
10.16,10334,6901,96,217
10.17,10455,6901,96,121
10.18,10590,6992,97,135
10.19,10691,6992,97,101
10.20,10788,7066,97,97
10.21,10933,7154,98,145
10.22,11041,7210,98,108
10.23,11163,7269,99,122
10.24,11297,7281,99,134
10.25,11443,7351,101,146
10.26,11557,7351,101,114
10.27,11621,7400,103,64
10.28,11767,7461,106,146
10.29,12201,7461,108,434
10.30,12201,7461,108,0
10.31,12410,7503,110,209
11.01,12743,7556,112,333
11.02,12971,7556,114,228
11.03,13099,7612,115,128
11.04,13099,7612,115,0
11.05,13351,7623,117,252
11.06,13568,7645,117,217
11.07,13852,7727,131,284
11.08,14066,7753,131,214
11.09,14403,7771,132,337
11.10,14574,7771,133,171
11.11,14704,7836,133,130
11.12,14993,7939,139,289
11.13,15402,8038,144,409
11.14,15789,8038,144,387
11.15,15789,8038,144,0
11.16,16020,8038,145,231
11.17,16257,8170,150,237
11.18,16563,8277,150,306
11.19,16905,8394,157,342
11.20,17148,8426,158,243
11.21,17431,8547,168,283
11.22,17667,8611,168,236
11.23,17968,8611,172,301
11.24,18165,8675,181,197
11.25,18406,8764,186,241
11.26,18890,8832,191,484
11.27,19115,8840,191,225
11.28,19588,8840,197,473
11.29,20145,8989,201,557
11.30,20145,8989,201,0
12.01,20459,8989,205,314
12.02,21035,9044,205,576
12.03,21409,9044,206,374
12.04,21612,9110,206,203
12.05,21898,9117,206,286
12.06,22188,9117,206,290
12.07,22499,9175,206,311
12.08,23200,9374,207,701
12.09,23860,9510,207,660
12.10,25059,9510,219,1199
12.11,25730,9605,220,671
12.12,26369,9646,220,639
12.13,27532,9826,221,1163
12.14,27532,9826,221,0
12.15,27766,9921,224,234
12.16,28733,10070,225,967
12.17,28733,10070,225,0
12.18,29361,10172,228,628
12.19,30071,10251,230,710
12.20,31187,10469,231,1116
12.21,31384,10549,238,197
12.22,31384,10549,238,0
12.23,32399,10731,245,1015
12.24,32399,10731,245,0
12.25,33360,10905,245,961
12.26,33360,10905,245,0
12.27,33563,11055,245,203
12.28,33973,11297,248,410
12.29,33973,11297,248,0
12.30,34281,11450,250,308
12.31,34677,11579,251,396
01.01,35216,11733,251,539
01.02,35511,11878,265,295
01.03,35712,12037,274,201
01.04,35922,12037,274,210
01.05,36407,12387,290,485
01.06,36407,12387,290,0
01.07,36702,12494,294,295
01.08,37296,12619,300,594
01.09,37554,12720,301,258
01.10,37554,12720,301,0
01.11,37742,12852,301,188
01.12,37948,13018,303,206
01.13,38085,13083,304,137
01.14,38085,13083,304,0
01.15,38085,13083,304,0
01.16,38085,13083,304,0
01.17,38085,13083,304,0
01.18,38085,13083,304,0
01.19,38085,13083,304,0
01.20,38534,13405,305,449
01.21,38628,13413,305,94
01.22,38806,13699,316,178
01.23,38935,13699,317,129
01.24,39044,13861,317,109
01.25,39149,13861,317,105
01.26,39188,14051,318,39
01.27,39261,14051,318,73
01.28,39314,14114,318,53
01.29,39490,14179,324,176
01.30,39490,14179,324,0
01.31,39533,14179,324,43
02.01,39579,14179,324,46
02.02,39606,14229,325,27
02.03,39651,14229,325,45
02.04,39685,14310,327,34
02.05,39789,14349,327,104
02.06,39789,14349,327,0
02.07,39821,14349,327,32
02.08,39848,14349,327,27
02.09,39883,14440,327,35
02.10,39911,14470,328,28
02.11,39942,14470,328,31
02.12,39942,14470,328,0
02.13,39979,14520,328,37
02.14,40019,14520,328,40
02.15,40055,14520,328,36
02.16,40063,14545,331,8
02.17,40063,14545,331,0
02.18,40102,14569,331,39
02.19,40154,14569,331,52
02.20,40168,14578,331,14
02.21,40199,14578,333,31
02.22,40213,14578,333,14
02.23,40221,14608,333,8
02.24,40243,14615,333,22
02.25,40261,14616,334,18
02.26,40322,14616,334,61
02.27,40322,14616,334,0
02.28,40335,14616,334,13
03.01,40357,14666,334,22
03.02,40367,14989,334,10
03.03,40395,15008,334,28
03.04,40408,15049,334,13
03.05,40426,15052,334,18
03.06,40452,15065,334,26
03.07,40464,15065,334,12
03.08,40479,15065,334,15
03.09,40479,15065,334,0
03.10,40490,15075,334,11
03.11,40520,15095,334,30
03.12,40535,15095,334,15
03.13,40544,15095,334,9
03.14,40544,15095,334,0
03.15,40581,15095,334,37
03.16,40591,15099,334,10
03.17,40593,15099,334,2
03.18,40607,15099,334,14
03.19,40625,15110,334,18
03.20,40651,15133,334,26
03.21,40651,15133,334,0
03.22,40671,15133,334,20
03.23,40687,15133,334,16
03.24,40719,15139,334,32
03.25,40734,15147,334,15
03.26,40734,15147,334,0
03.27,40767,40379,335,33
03.28,40767,40379,335,0
03.29,40794,40422,335,27
03.30,40794,40422,335,0
03.31,40867,40449,335,73
04.01,40867,40449,335,0
04.02,40924,40452,335,57
04.03,40924,40452,335,0
04.04,40962,40452,335,38
04.05,41016,40452,335,54
04.06,41023,40452,335,7
04.07,41023,40452,335,0
04.08,41062,40685,337,39
04.09,41086,40685,337,24
04.10,41086,40685,337,0
04.11,41140,40685,337,54
04.12,41174,40779,337,34
04.13,41174,40779,337,0
04.14,41204,40779,337,30
04.15,41263,40898,338,59
04.16,41263,40898,338,0
04.17,41310,40898,338,47
04.18,41340,40898,338,30
04.19,41378,40898,338,38
04.20,41396,40898,339,18
04.21,41422,40898,341,26
04.22,41475,40898,341,53
04.23,41529,40898,341,54
04.24,41575,40898,341,46
04.25,41619,40898,341,44
04.26,41655,40898,341,36
04.27,41715,40898,341,60
04.28,41737,40898,341,22
04.29,41766,40898,341,29
04.30,41797,41422,342,31
05.01,41866,41422,342,69
05.02,41905,41422,342,39
05.03,41973,41598,342,68
05.04,42032,41652,342,59
05.05,42032,41652,342,0
05.06,42102,41652,343,70
05.07,42152,41652,345,50
05.08,42224,41652,346,72
05.09,42308,41924,346,84
05.10,42355,41924,346,47
05.11,42384,41971,346,29
05.12,42427,41971,346,43
05.13,42487,41971,346,60
05.14,42578,41971,346,91
05.15,42674,41971,347,96
05.16,42779,41971,347,105
05.17,42779,41971,347,0
05.18,42859,42429,347,80
05.19,42930,42429,349,71
05.20,43094,42429,350,164
05.21,43223,42429,350,129
05.22,43370,42429,350,147
05.23,43734,42880,356,364
05.24,43919,43401,357,185
05.25,44074,43401,358,155
05.26,44074,43401,358,0
05.27,44281,43401,359,207
05.28,45231,43401,361,950
05.29,45231,43401,361,0
05.30,45931,43401,362,700
05.31,46623,43401,362,692
06.01,47147,43401,362,524
06.02,48676,46150,364,1529
06.03,49759,46150,365,1083
06.04,49759,46150,365,0
06.05,51006,47760,374,1247
06.06,51676,47760,374,670
06.07,52935,47760,383,1259
06.08,53961,47760,383,1026
06.09,54669,47760,388,708
06.10,55511,47760,392,842
06.11,56949,47760,402,1438
06.12,60250,48160,423,3301
06.13,60250,48160,423,0
06.14,61977,48160,428,1727
06.15,63099,48480,434,1122
06.16,64521,48480,459,1422
06.17,65631,48649,508,1110
06.18,67215,48823,542,1584
06.19,70176,49327,626,2961
06.20,70176,49327,626,0
06.21,71543,49532,660,1367
06.22,72679,49794,680,1136
06.23,73401,50085,714,722
06.24,74260,50085,752,859
06.25,75537,50350,781,1277
06.26,77505,51004,868,1968
06.27,77505,51004,868,0
06.28,78394,51348,903,889
06.29,79089,51860,956,695
06.30,79434,52382,989,345
07.01,79977,52961,1023,543
07.02,81034,53551,1061,1057
