,confirm,heal,dead,confirm_add
03.03,1,0,0,1
03.04,1,0,0,0
03.05,1,0,0,0
03.06,1,0,0,0
03.07,1,0,0,0
03.08,1,0,0,0
03.09,1,0,0,0
03.10,1,0,0,0
03.11,1,0,0,0
03.12,1,0,0,0
03.13,3,0,0,2
03.14,3,0,1,0
03.15,3,0,1,0
03.16,5,0,1,2
03.17,7,0,2,2
03.18,14,0,2,7
03.19,16,0,2,2
03.20,26,0,3,10
03.21,41,0,3,15
03.22,47,0,3,6
03.23,73,1,3,26
03.24,97,1,3,13
03.25,113,1,4,16
03.26,156,1,5,43
03.27,218,1,5,62
03.28,310,5,5,92
03.29,418,5,9,62
03.30,480,6,11,62
03.31,549,8,13,69
04.01,669,10,17,120
04.02,804,13,20,135
04.03,942,19,23,138
04.04,1096,23,28,154
04.05,1251,25,32,155
04.06,1319,28,38,68
04.07,1462,28,45,143
04.08,1668,35,52,206
04.09,1892,45,57,224
04.10,2203,61,69,311
04.11,2511,79,73,308
04.12,2777,89,83,266
04.13,3102,97,93,325
04.14,3372,119,98,270
04.15,3764,143,108,392
04.16,4161,186,116,397
04.17,4662,246,125,501
04.18,5106,275,133,444
04.19,5449,347,141,343
04.20,5710,359,151,261
04.21,6125,367,161,415
04.22,6592,424,174,467
04.23,7170,504,187,578
04.24,7647,601,193,477
04.25,8125,782,201,478
04.26,8617,840,209,492
04.27,9009,864,220,392
04.28,9410,992,239,401
04.29,9866,1103,250,456
04.30,10406,1238,261,540
05.01,10861,1413,272,455
05.02,11411,1498,279,550
05.03,11411,1498,279,0
05.04,12331,1619,303,920
05.05,12697,1875,316,366
05.06,13184,2097,327,487
05.07,13691,2396,340,507
05.08,14195,2706,361,504
05.09,14710,2909,376,515
05.10,15232,3060,391,522
05.11,15648,3288,408,416
05.12,16023,3373,425,375
05.13,16425,3716,439,402
05.14,16847,4143,456,422
05.15,17330,4473,476,483
05.16,17858,4906,497,528
05.17,18291,5116,514,433
05.18,18616,5276,535,325
05.19,18876,5632,548,260
05.20,19230,5955,564,354
05.21,19706,6227,579,476
05.22,20148,6585,588,442
05.23,20580,6929,605,432
05.24,20986,7108,617,406
05.25,21245,7234,623,259
05.26,21584,7575,644,339
05.27,21905,7995,658,321
05.28,22382,8439,669,477
05.29,22811,8934,679,429
05.30,23204,9311,696,393
05.31,23672,9538,708,468
06.01,24012,9690,718,340
06.02,24895,10461,733,883
06.03,24895,10461,733,0
06.04,25981,11468,755,1086
06.05,26542,11815,770,561
06.06,27101,12265,785,559
06.07,27599,12513,796,498
06.08,28077,12657,805,478
06.09,28479,12892,818,402
06.10,29015,13257,841,536
06.11,29706,13642,864,691
06.12,30415,14075,880,709
06.13,31177,14489,890,762
06.14,31851,14596,899,674
06.15,32536,14771,911,685
06.16,33209,15054,922,673
06.17,33986,15485,953,777
06.18,34833,16001,976,847
06.19,35755,16588,995,922
06.20,36615,16974,1004,860
06.21,37361,17078,1012,746
06.22,38056,17211,1022,695
06.23,38901,17538,1045,845
06.24,39852,18009,1061,951
06.25,40854,18365,1078,1002
06.26,41975,18927,1097,1121
06.27,42932,19350,1121,957
06.28,43856,19585,1142,924
06.29,44538,19679,1161,682
06.30,45254,19792,1173,716
07.01,45924,20244,1188,670
07.02,46821,20755,1200,897
07.03,47705,21296,1227,884
07.04,48628,21907,1243,923
07.05,49468,22131,1265,840
07.06,50053,22462,1278,585
07.07,50622,22970,1299,569
07.08,51457,23912,1323,835
07.09,52285,24606,1344,828
07.10,53116,25634,1362,831
07.11,53941,26513,1389,825
07.12,54647,26971,1400,706
07.13,55285,27356,1415,638
07.14,55931,28021,1429,646
07.15,56779,29005,1444,848
07.16,57640,29822,1462,861
07.17,58466,30675,1473,826
07.18,59333,31479,1496,867
07.19,60077,31836,1504,744
07.20,60767,32397,1517,690
07.21,61454,33186,1537,687
07.22,62295,34176,1553,841
07.23,63169,35035,1570,874
07.24,64173,35932,1591,1004
07.25,65317,36573,1610,1144
07.26,66261,36885,1625,944
07.27,67096,37202,1636,835
07.28,68030,37852,1650,934
07.29,69078,38523,1673,1048
07.30,70300,39327,1697,1222
07.31,71404,39945,1717,1104
08.01,72609,40516,1733,1205
08.02,73761,40755,1749,1152
08.03,74781,41097,1762,1020
08.04,75880,41849,1788,1099
08.05,77169,42784,1813,1289
08.06,78515,43812,1846,1346
08.07,80018,44369,1879,1503
08.08,81534,45006,1906,1516
08.09,82767,45335,1925,1233
08.10,83812,45723,1950,1045
08.11,85023,46313,1979,1211
08.12,86504,47084,1999,1481
08.13,88136,47678,2023,1632
08.14,89917,48288,2042,1781
08.15,91795,48946,2076,1878
08.16,93490,49346,2100,1695
08.17,95007,49692,2122,1517
08.18,96653,50508,2152,1646
08.19,98658,51358,2182,2005
08.20,100810,52086,2225,2152
08.21,102948,52769,2248,2138
08.22,105337,53458,2286,2389
08.23,107379,53968,2313,2042
08.24,109234,54262,2335,1855
08.25,110949,54657,2362,1715
08.26,112650,55327,2398,1701
08.27,114663,56149,2449,2013
08.28,117172,57051,2499,2509
08.29,119751,58156,2540,2579
08.30,121930,58775,2575,2179
08.31,124132,59162,2605,2202
09.01,126279,59904,2654,2147
09.02,128833,60943,2705,2554
09.03,131300,61828,2759,2467
09.04,134069,62828,2812,2769
09.05,136966,63891,2863,2897
09.06,139171,64496,2898,2205
09.07,141424,64886,2930,2253
09.08,143914,65849,2988,2490
09.09,146511,67092,3034,2597
09.10,149146,68289,3079,2635
09.11,152373,69466,3132,3227
09.12,155558,70881,3206,3185
09.13,158122,71434,3239,2564
09.14,160679,72091,3273,2557
09.15,163678,73422,3326,2999
09.16,166694,74981,3404,3016
09.17,170373,76636,3465,3679
09.18,173703,78273,3535,3330
09.19,177048,79671,3585,3345
09.20,180119,80438,3626,3071
09.21,182900,81131,3652,2781
09.22,185890,82927,3716,2990
09.23,189488,84767,3784,3598
09.24,192966,86624,3838,3478
09.25,196631,88324,3910,3665
09.26,200566,90142,3988,3935
09.27,203799,91179,4044,3233
09.28,206579,91754,4082,2780
09.29,210309,93664,4154,3730
09.30,214446,95829,4221,4137
10.01,218625,97956,4288,4179
10.02,223376,100163,4357,4751
10.03,228161,102347,4451,4785
10.04,232424,103762,4495,4263
10.05,236329,104966,4530,3905
10.06,240811,107210,4624,4482
10.07,245698,109968,4707,4887
10.08,251243,112365,4807,5545
10.09,257204,114872,4899,5961
10.10,263105,116861,5010,5901
10.11,268065,117829,5098,4960
10.12,272671,118740,5143,4606
10.13,277982,120999,5254,5311
10.14,283762,123263,5365,5780
10.15,289022,124316,5443,5260
10.16,295227,126721,5551,6205
10.17,301856,129033,5669,6629
10.18,307301,130338,5762,5445
10.19,312287,131473,5834,4986
10.20,317967,134680,5948,5680
10.21,324942,137515,6093,6975
10.22,332262,140322,6213,7320
10.23,340042,143093,6336,7780
10.24,347317,145418,6463,7275
10.25,353723,147240,6566,6406
10.26,359348,148300,6641,5625
10.27,366233,151428,6770,6885
10.28,374023,155028,6938,7790
10.29,381664,158208,7058,7641
10.30,390272,161719,7235,8608
10.31,399330,165902,7399,9058
11.01,407573,168495,7515,8243
11.02,414567,170880,7584,6994
11.03,423683,176220,7749,9116
11.04,433492,184141,7952,9809
11.05,443630,192602,8148,10138
11.06,453565,203572,8358,9935
11.07,464598,212549,8553,11033
11.08,474245,215357,8695,9647
11.09,483153,217716,8812,8908
11.10,483153,217716,8812,0
11.11,493544,223530,9018,10391
11.12,515755,237399,9422,22211
11.13,527808,243901,9604,12053
11.14,540593,249127,9806,12785
11.15,551533,251864,9904,10940
11.16,561581,254653,10002,10048
11.17,573758,261836,10168,12177
11.18,586522,270269,10431,12764
11.19,600152,278190,10694,13630
11.20,614986,286386,10929,14834
11.21,629850,294851,11149,14864
11.22,642215,299592,11292,12365
11.23,653442,303782,11423,11227
11.24,665968,312564,11619,12526
11.25,680132,321460,11857,14164
11.26,695755,331538,12091,15623
11.27,712249,340794,12292,16494
11.28,728834,350189,12485,16585
11.29,742105,354556,12613,13271
11.30,752343,360360,12731,10238
12.01,765117,370677,12962,12774
12.02,778560,384961,13140,13443
12.03,793372,400751,13394,14812
12.04,808828,414347,13641,15456
12.05,822985,429455,13877,14157
12.06,834913,435575,14054,11928
12.07,843898,440899,14208,8985
12.08,855054,454226,14413,11156
12.09,867991,469200,14702,12937
12.10,881727,483553,14981,13736
12.11,895620,499182,15278,13893
12.12,908839,513249,15528,13219
12.13,918444,520912,15691,9605
12.14,925321,526101,15792,6877
12.15,934161,542672,16038,8840
12.16,945218,555675,16314,11057
12.17,957692,569200,16579,12474
12.18,970758,582457,16848,13066
12.19,982937,596218,17072,12179
12.20,991700,602993,17201,8763
12.21,998678,608120,17293,6978
12.22,1007627,622519,17535,8949
12.23,1018199,638265,17823,10572
12.24,1030125,654592,18057,11926
12.25,1041583,670437,18255,11458
12.26,1049717,676234,18389,8134
12.27,1056265,683273,18472,6548
12.28,1061074,690626,18555,4809
12.29,1068476,707235,18801,7402
12.30,1076880,724143,19058,8404
12.31,1086997,736611,19281,10117
01.01,1096855,746680,19437,9858
01.02,1102256,749371,19498,5401
01.03,1107137,755810,19630,4881
01.04,1111631,760660,19712,4494
01.05,1117256,774834,19929,5625
01.06,1124482,789627,20171,7226
01.07,1133802,801293,20334,9320
01.08,1139800,806525,20432,5998
01.09,1144943,814779,20526,5143
01.10,1150265,820385,20641,5322
01.11,1154850,825299,20719,4585
01.12,1160243,841666,20915,5393
01.13,1166958,856719,21121,6715
01.14,1175343,867370,21300,8385
01.15,1183963,877989,21479,8620
01.16,1192114,888202,21637,8151
01.17,1198512,897136,21767,6398
01.18,1201894,902481,21847,3382
01.19,1206125,917824,22037,4231
01.20,1210854,932809,22264,4729
01.21,1216780,947087,22521,5926
01.22,1222459,961668,22698,5679
01.23,1227723,975186,22830,5264
01.24,1231965,980769,22926,4242
01.25,1234772,986655,23001,2807
01.26,1237810,999466,23148,3038
01.27,1241863,1014198,23307,4053
01.28,1247674,1026464,23469,5811
01.29,1253127,1038152,23610,5453
01.30,1258093,1049766,23769,4966
01.31,1261546,1054177,23860,3453
02.01,1263833,1059457,23931,2287
02.02,1266464,1071606,24100,2631
02.03,1270001,1082144,24276,3537
02.04,1275334,1092599,24429,5333
02.05,1280501,1101087,24599,5167
02.06,1285059,1108530,24735,4558
02.07,1288669,1110927,24828,3610
02.08,1291025,1113671,24884,2356
02.09,1293892,1122912,25022,2867
02.10,1297537,1131077,25195,3645
02.11,1302811,1138136,25330,5274
02.12,1307806,1145608,25457,4995
02.13,1313209,1151965,25578,5403
02.14,1316520,1154076,25631,3311
02.15,1319060,1156626,25702,2540
02.16,1322406,1163154,25862,3346
02.17,1326891,1169314,26017,4485
02.18,1333332,1174881,26191,6441
02.19,1340054,1180915,26320,6722
02.20,1346527,1185635,26404,6473
02.21,1351190,1187434,26470,4663
02.22,1354545,1188859,26531,3355
02.23,1358871,1193334,26690,4326
02.24,1364861,1197046,26847,5990
02.25,1373139,1201371,26991,8278
02.26,1381273,1205883,27146,8134
02.27,1389570,1210919,27306,8297
02.28,1395528,1212795,27404,5958
03.01,1399934,1214603,27480,4406
03.02,1405394,1220028,27650,5460
03.03,1412748,1225443,27844,7354
03.04,1422927,1230547,28046,10179
03.05,1433200,1234839,28227,10273
03.06,1442457,1238321,28392,9257
03.07,1449741,1240543,28502,7284
03.08,1455421,1242311,28616,5680
03.09,1458785,1243335,28698,3364
03.10,1465265,1249309,28925,6480
03.11,1474452,1254913,29195,9187
03.12,1487497,1259791,29434,13045
03.13,1500873,1264926,29684,13376
03.14,1509983,1267754,29835,9110
03.15,1516865,1271283,29969,6882
03.16,1526595,1277603,30239,9730
03.17,1538516,1283215,30535,11921
03.18,1553659,1289841,30811,15143
03.19,1569596,1294473,31078,15937
03.20,1584972,1299854,31344,15376
03.21,1596201,1303784,31514,11229
03.22,1604183,1306822,31677,7982
03.23,1615747,1315215,32018,11564
03.24,1630013,1322969,32368,14266
03.25,1646775,1329855,32737,16762
03.26,1665001,1337080,33068,18226
03.27,1682527,1344342,33363,17526
03.28,1694568,1347738,33571,12041
03.29,1702914,1350613,33749,8346
03.30,1713684,1354346,34043,10770
03.31,1725029,1360944,34456,11345
04.01,1742710,1370733,34885,17681
04.02,1762713,1381163,35326,20003
04.03,1783169,1390431,35729,20456
04.04,1797027,1395133,35994,13858
04.05,1807327,1400102,36255,10300
04.06,1820725,1410466,36692,13398
04.07,1836260,1422086,37178,15535
04.08,1855806,1432220,37649,19546
04.09,1875605,1443522,38074,19799
04.10,1893068,1454244,38472,17463
04.11,1905430,1459409,38718,12362
04.12,1913415,1464790,39012,7985
04.13,1925224,1478945,39477,11809
04.14,1939901,1491430,39950,14677
04.15,1956454,1502688,40389,16553
04.16,1974056,1514849,40832,17602
04.17,1989160,1524711,41278,15104
04.18,1999567,1531262,41534,10407
04.19,2006197,1536877,41755,6630
04.20,2015257,1549115,42129,9060
04.21,2027544,1563969,42565,12287
04.22,2043901,1582924,43041,16357
04.23,2058301,1602004,43483,14400
04.24,2071142,1615812,43884,12841
04.25,2079200,1622422,44121,8058
04.26,2084384,1629342,44323,5184
04.27,2092421,1646858,44763,8037
04.28,2102130,1667089,45211,9709
04.29,2113880,1685659,45607,11750
04.30,2124070,1705967,45923,10190
05.01,2132742,1721091,46281,8672
05.02,2137959,1726927,46447,5217
05.03,2140838,1732495,46607,2879
05.04,2143427,1740385,46781,2589
05.05,2146121,1748230,46950,2694
05.06,2152280,1762718,47331,6159
05.07,2160809,1782321,47717,8529
05.08,2169650,1801896,48095,8841
05.09,2175151,1811171,48294,5501
05.10,2178095,1820216,48419,2944
05.11,2180429,1828877,48544,2334
05.12,2185088,1848883,48908,4659
05.13,2192022,1868522,49261,6934
05.14,2199708,1884643,49554,7686
05.15,2206627,1901897,49881,6919
05.16,2210375,1909852,50019,3748
05.17,2212635,1916751,50132,2260
05.18,2216856,1934682,50425,4221
05.19,2222115,1952019,50658,5259
05.20,2227400,1969055,50867,5285
05.21,2232510,1982131,51076,5110
05.22,2237240,1994944,51260,4730
05.23,2239897,2003916,51353,2657
05.24,2241354,2010931,51425,1457
05.25,2244084,2028598,51682,2730
05.26,2247605,2043720,51898,3521
05.27,2251242,2060753,52088,3637
05.28,2254674,2074174,52252,3432
05.29,2257904,2084477,52414,3230
05.30,2259743,2090254,52504,1839
05.31,2260899,2095206,52573,1156
06.01,2263167,2107437,52742,2268
06.02,2265502,2116980,52907,2335
06.03,2268209,2126613,53015,2707
06.04,2270602,2134985,53117,2393
06.05,2272633,2143417,53211,2031
06.06,2273708,2148010,53258,1075
06.07,2274375,2149760,53295,667
06.08,2276111,2156616,53420,1736
06.09,2277632,2163712,53503,1521
06.10,2279556,2170359,53607,1924
06.11,2281303,2176093,53683,1747
06.12,2282727,2181178,53758,1424
06.13,2283746,2182916,53795,1019
06.14,2284337,2186276,53812,591
06.15,2285534,2191837,53894,1197
06.16,2286767,2196903,53980,1233
06.17,2288155,2201703,54041,1388
06.18,2289333,2204195,54097,1178
06.19,2290412,2207108,54142,1079
06.20,2291135,2207959,54171,723
06.21,2291722,2208665,54192,587
06.22,2292295,2209581,54220,573
06.23,2293421,2212058,54299,1126
06.24,2294669,2214776,54366,1248
06.25,2295873,2217365,54429,1204
06.26,2296982,2219408,54473,1109
06.27,2297801,2220625,54498,819
06.28,2298478,2221380,54517,677
06.29,2299059,2222229,54531,581
06.30,2300101,2224778,54581,1042
07.01,2301221,2226757,54644,1120
07.02,2301221,2226757,54644,0
