,confirm,heal,dead,confirm_add
01.29,4,0,0,0
01.30,4,0,0,0
01.31,5,0,0,1
02.01,5,0,0,0
02.02,5,0,0,0
02.03,5,0,0,0
02.04,5,0,0,0
02.05,5,0,0,0
02.06,5,0,0,0
02.07,5,0,0,0
02.08,7,1,0,2
02.09,7,1,0,0
02.10,7,1,0,0
02.11,8,1,0,1
02.12,8,1,0,0
02.13,8,1,0,0
02.14,8,1,0,0
02.15,8,1,0,0
02.16,8,4,0,0
02.17,9,4,0,1
02.18,9,4,0,0
02.19,9,4,0,0
02.20,9,4,0,0
02.21,9,4,0,0
02.22,13,4,0,4
02.23,13,4,0,0
02.24,13,4,0,0
02.25,13,4,0,0
02.26,13,4,0,0
02.27,13,4,0,0
02.28,19,5,0,6
02.29,21,5,0,2
03.01,21,5,0,0
03.02,21,5,0,0
03.03,21,5,0,0
03.04,27,5,0,6
03.05,28,5,0,1
03.06,29,5,0,1
03.07,45,7,0,16
03.08,45,7,0,0
03.09,59,7,0,14
03.10,74,17,0,15
03.11,74,17,0,0
03.12,85,17,0,11
03.13,85,17,0,0
03.14,85,17,0,0
03.15,86,23,0,12
03.16,98,26,0,12
03.17,98,26,0,0
03.18,113,26,0,15
03.19,140,31,0,27
03.20,140,31,0,0
03.21,153,38,2,13
03.22,153,38,2,0
03.23,198,41,2,45
03.24,198,41,2,0
03.25,333,52,2,135
03.26,333,52,2,0
03.27,333,52,2,0
03.28,468,55,2,63
03.29,468,55,2,0
03.30,611,61,5,143
03.31,664,61,6,53
04.01,664,61,6,0
04.02,814,61,8,150
04.03,1024,96,8,210
04.04,1505,125,10,481
04.05,1505,125,10,0
04.06,2076,167,11,571
04.07,2076,167,11,0
04.08,2659,239,12,583
04.09,2659,239,12,0
04.10,2990,268,14,331
04.11,3736,588,20,746
04.12,3736,588,20,0
04.13,4123,852,25,387
04.14,4521,852,25,398
04.15,4933,933,28,412
04.16,5365,1034,33,432
04.17,5825,1095,35,460
04.18,6302,1188,37,477
04.19,6781,1286,41,479
04.20,7265,1360,43,484
04.21,7755,1443,46,490
04.22,8238,1546,52,483
04.23,8756,1637,56,518
04.24,9281,1760,64,525
04.25,9281,1760,64,0
04.26,10349,1978,76,1068
04.27,10349,1978,76,0
04.28,11380,2181,89,1031
04.29,11380,2181,89,0
04.30,12481,2429,105,1101
05.01,13038,2543,111,557
05.02,13038,2543,111,0
05.03,13599,2664,119,561
05.04,14163,2763,126,564
05.05,15192,3153,146,1029
05.06,15192,3153,146,0
05.07,16240,3572,165,1048
05.08,16793,3837,174,553
05.09,16793,3837,174,0
05.10,18198,4804,198,1405
05.11,18198,4804,198,0
05.12,19661,6012,203,1463
05.13,19661,6012,203,0
05.14,21084,6930,208,1423
05.15,21831,7328,210,747
05.16,21831,7328,210,0
05.17,23358,8512,220,1527
05.18,23358,8512,220,0
05.19,25063,10791,227,1705
05.20,25063,10791,227,0
05.21,26004,11809,233,941
05.22,26898,12755,237,894
05.23,27892,13798,241,994
05.24,29485,15056,245,1593
05.25,29485,15056,245,0
05.26,31086,15982,253,1601
05.27,31086,15982,253,0
05.28,32532,16685,258,1446
05.29,33170,17097,260,638
05.30,33170,17097,260,0
05.31,34557,17932,264,1387
06.01,34557,17932,264,0
06.02,35788,18726,269,1231
06.03,35788,18726,269,0
06.04,37018,19572,273,1230
06.05,37018,19572,273,0
06.06,37642,20337,274,624
06.07,38808,21806,276,1166
06.08,38808,21806,276,0
06.09,39904,22740,283,1096
06.10,39904,22740,283,0
06.11,40986,25234,286,1082
06.12,41499,25946,287,513
06.13,41990,26761,288,491
06.14,42294,27462,289,304
06.15,42294,27462,289,0
06.16,42982,28861,293,688
06.17,42982,28861,293,0
06.18,43752,30241,298,770
06.19,44145,30996,300,393
06.20,44533,31754,301,388
06.21,44925,32415,302,392
06.22,44925,32415,302,0
06.23,45683,33703,305,758
06.24,45683,33703,305,0
06.25,46563,35165,308,880
06.26,46973,35469,310,410
06.27,46973,35469,310,0
06.28,47797,36411,313,824
06.29,47797,36411,313,0
06.30,48667,37566,315,870
07.01,48667,37566,315,0
07.02,49069,38160,316,402
07.03,49469,38664,317,400
07.04,50857,39857,321,1388
07.05,51540,40297,323,683
07.06,51540,40297,323,0
07.07,52600,41714,326,1060
07.08,53045,42282,327,445
07.09,53577,43570,328,532
07.10,54050,43969,330,473
07.11,54050,43969,330,0
07.12,54453,44648,331,403
07.13,54854,45140,333,401
07.14,55198,45513,334,344
07.15,55573,46025,335,375
07.16,55848,46418,335,275
07.17,56422,48448,337,574
07.18,56711,48917,338,289
07.19,56922,49269,339,211
07.20,57193,49621,340,271
07.21,57498,49964,341,305
07.22,57498,49964,341,0
07.23,57988,50848,342,490
07.24,58249,51235,343,261
07.25,58562,51628,343,313
07.26,58913,52182,344,351
07.27,58913,52182,344,0
07.28,59546,52905,347,633
07.29,59921,53202,347,375
07.30,60223,53626,349,302
07.31,60506,53909,351,283
08.01,60760,54255,351,254
08.02,60999,54615,351,239
08.03,60999,54615,351,0
08.04,61352,55090,351,353
08.05,61606,55385,353,254
08.06,61606,55385,353,0
08.07,62061,56015,356,455
08.08,62300,56245,356,239
08.09,62525,56568,357,225
08.10,62525,56568,357,0
08.11,62966,56961,358,441
08.12,63212,57193,358,246
08.13,63489,57372,358,277
08.14,63819,57473,359,330
08.15,64102,57571,361,283
08.16,64312,57694,364,210
08.17,64541,57794,364,229
08.18,64541,57794,364,0
08.19,65341,58022,367,800
08.20,65802,58153,369,461
08.21,66193,58296,370,391
08.22,66617,58408,372,424
08.23,67007,58488,375,390
08.24,67282,58582,376,275
08.25,67621,58754,377,339
08.26,68020,59070,378,399
08.27,68511,59472,378,491
08.28,68901,59861,379,390
08.29,69328,60202,379,427
08.30,69690,60600,382,362
08.31,69690,60600,382,0
09.01,70805,61491,384,1115
09.02,71540,62029,387,735
09.03,72154,62668,387,614
09.04,72766,63158,387,612
09.05,73471,63652,388,705
09.06,73984,66095,388,513
09.07,74454,66533,390,470
09.08,75098,66943,391,644
09.09,75981,67359,393,883
09.10,76911,67945,398,930
09.11,77842,68462,398,931
09.12,78849,68983,399,1007
09.13,79489,69451,399,640
09.14,79489,69451,399,0
09.15,80940,70635,401,1451
09.16,81782,71456,402,842
09.17,82568,72117,402,786
09.18,83433,72790,403,865
09.19,84242,73512,404,809
09.20,84916,74273,404,674
09.21,85595,75086,405,679
09.22,86447,76025,405,852
09.23,87530,76995,406,1083
09.24,88532,77937,407,1002
09.25,89540,78819,409,1008
09.26,90618,79676,411,1078
09.27,91469,80544,412,851
09.28,92095,81462,413,626
09.29,93090,82538,416,995
09.30,93090,82538,416,0
10.01,95348,84903,421,2258
10.02,96529,86071,424,1181
10.03,97760,87122,426,1231
10.04,98801,88123,426,1041
10.05,99733,89410,429,932
10.06,100794,90556,435,1061
10.07,101840,91710,436,1046
10.08,102929,93479,438,1089
10.09,104004,94903,442,1075
10.10,105133,95973,443,1129
10.11,106229,97284,445,1096
10.12,107293,98555,446,1064
10.13,108608,100007,448,1315
10.14,110039,101659,450,1431
10.15,111437,103325,452,1398
10.16,112849,104943,455,1412
10.17,114387,106354,459,1538
10.18,115602,107516,463,1215
10.19,116517,108811,466,915
10.20,117594,110313,470,1077
10.21,119132,111814,472,1538
10.22,120710,113364,474,1578
10.23,122273,115068,475,1563
10.24,123764,116894,475,1491
10.25,125123,118931,477,1359
10.26,126234,120750,480,1111
10.27,127624,122458,482,1390
10.28,129024,124647,485,1400
10.29,130336,126147,488,1312
10.30,131508,127607,490,1172
10.31,132629,128902,495,1121
11.01,133907,130508,496,1278
11.02,135141,132024,497,1234
11.03,136149,133490,503,1008
11.04,137310,134983,505,1161
11.05,138599,136118,508,1289
11.06,139891,136936,510,1292
11.07,141032,137608,514,1141
11.08,142143,138291,514,1111
11.09,143289,138959,515,1146
11.10,143289,138959,515,0
11.11,144385,139701,518,1096
11.12,146735,141215,523,2350
11.13,147961,141883,528,1226
11.14,149135,142561,528,1174
11.15,150345,143252,530,1210
11.16,151554,143932,534,1209
11.17,152809,144647,538,1255
11.18,154101,145537,542,1292
11.19,155254,146469,544,1153
11.20,156523,147309,547,1269
11.21,157785,148080,548,1262
11.22,158990,148871,552,1205
11.23,160055,149578,554,1065
11.24,161365,150261,559,1310
11.25,162662,151044,563,1297
11.26,162662,151044,563,0
11.27,165250,152708,567,2588
11.28,166502,153449,569,1252
11.29,167753,154185,570,1251
11.30,168860,154899,572,1107
12.01,170149,155667,576,1289
12.02,171434,156380,580,1285
12.03,172751,157035,585,1317
12.04,174062,157828,586,1311
12.05,175276,158498,589,1214
12.06,176429,159132,592,1153
12.07,177577,159711,594,1148
12.08,178837,160295,596,1260
12.09,180150,161084,598,1313
12.10,181405,161741,602,1255
12.11,182601,162435,607,1196
12.12,183755,163048,609,1154
12.13,183755,163048,609,0
12.14,186041,164349,618,2286
12.15,187267,165023,622,1226
12.16,188545,165749,626,1278
12.17,188545,165749,626,0
12.18,191150,167306,630,2605
12.19,192404,168129,634,1254
12.20,193575,168995,637,1171
12.21,194652,169840,639,1077
12.22,195878,171451,642,1226
12.23,197124,172984,645,1246
12.24,198435,174479,647,1311
12.25,199665,175865,653,1230
12.26,200892,177407,655,1227
12.27,200892,177407,655,0
12.28,202863,179925,660,1971
12.29,204369,181400,662,1506
12.30,206092,183007,665,1723
12.31,207822,184442,669,1730
01.01,209678,186019,671,1856
01.02,211641,188100,674,1963
01.03,213231,189709,679,1590
01.04,214732,191455,682,1501
01.05,214732,191455,682,0
01.06,216699,193321,685,1967
01.07,218766,195520,689,2067
01.08,221754,199178,694,2988
01.09,227702,203660,702,5948
01.10,230578,206114,708,2876
01.11,232982,208366,711,2404
01.12,232982,208366,711,0
01.13,239587,213149,723,6605
01.14,242969,215820,726,3382
01.15,246376,218988,733,3407
01.16,249808,222106,740,3432
01.17,253261,225374,745,3453
01.18,256732,228364,751,3471
01.19,260223,231675,756,3491
01.20,263729,235421,762,3506
01.21,267258,239322,766,3529
01.22,270810,243267,776,3552
01.23,274376,247318,783,3566
01.24,277955,251484,792,3579
01.25,281546,255304,798,3591
01.26,285147,259194,805,3601
01.27,285147,259194,805,0
01.28,293052,267024,819,7905
01.29,297014,269999,826,3962
01.30,300661,272769,838,3647
01.31,303609,276958,850,2948
02.01,306339,281410,859,2730
02.02,309649,285201,866,3310
02.03,313626,289276,878,3977
02.04,316875,293180,888,3249
02.05,320126,297040,902,3251
02.06,323402,301081,914,3276
02.07,326495,305759,921,3093
02.08,329293,309692,930,2798
02.09,332603,313060,947,3310
02.10,336142,316053,956,3539
02.11,339667,319787,974,3525
02.12,342974,323191,986,3307
02.13,345605,326780,1001,2631
02.14,348772,331839,1014,3167
02.15,351895,336731,1027,3123
02.16,355131,340365,1041,3236
02.17,358583,343935,1055,3452
02.18,361877,347366,1073,3294
02.19,365017,351715,1093,3140
02.20,368175,356013,1108,3158
02.21,370425,359697,1125,2250
02.22,372530,363052,1140,2105
02.23,375535,366567,1145,3005
02.24,378637,370381,1164,3102
02.25,381662,375059,1182,3025
02.26,385160,377537,1198,3498
02.27,388594,379708,1213,3434
02.28,391524,381225,1221,2930
03.01,394050,382332,1238,2526
03.02,396771,383998,1253,2721
03.03,399463,385587,1269,2692
03.04,402205,387278,1286,2742
03.05,405277,389304,1296,3072
03.06,408236,391205,1310,2959
03.07,410849,392792,1322,2613
03.08,410849,392792,1322,0
03.09,415705,396433,1345,4856
03.10,417909,398126,1353,2204
03.11,419996,399803,1369,2087
03.12,422246,401539,1378,2250
03.13,424405,403478,1388,2159
03.14,426397,405647,1395,1992
03.15,428295,408085,1402,1898
03.16,430313,410736,1406,2018
03.17,432364,413477,1414,2051
03.18,434465,416105,1424,2101
03.19,436625,418496,1428,2160
03.20,438638,420736,1433,2013
03.21,440355,422696,1438,1717
03.22,442226,424840,1445,1871
03.23,444398,427188,1451,2172
03.24,446594,429573,1456,2196
03.25,448637,431773,1466,2043
03.26,450765,434035,1472,2128
03.27,453069,436463,1477,2304
03.28,455197,438706,1481,2128
03.29,455197,438706,1481,0
03.30,455197,438706,1481,0
03.31,461444,445355,1497,6247
04.01,463759,447790,1499,2315
04.02,465939,450111,1502,2180
04.03,468023,452321,1504,2084
04.04,470136,454600,1510,2113
04.05,472148,456747,1512,2012
04.06,474136,458885,1516,1988
04.07,476019,460841,1520,1883
04.08,478131,463032,1523,2112
04.09,480006,464971,1526,1875
04.10,480006,464971,1526,0
04.11,483747,468456,1531,3741
04.12,485675,470175,1533,1928
04.13,487697,471906,1537,2022
04.14,489495,473398,1541,1798
04.15,491423,475012,1545,1928
04.16,493266,476518,1547,1843
04.17,495224,478063,1550,1958
04.18,497154,479566,1554,1930
04.19,498957,481326,1556,1803
04.20,500860,483180,1559,1903
04.21,502791,485078,1561,1931
04.22,504872,486920,1565,2081
04.23,506845,488664,1567,1973
04.24,508925,490457,1569,2080
04.25,510738,492109,1571,1813
04.26,510738,492109,1571,0
04.27,514591,495589,1578,3853
04.28,516301,497140,1580,1710
04.29,518262,498943,1584,1961
04.30,520236,500779,1587,1974
05.01,520236,500779,1587,0
05.02,523795,504251,1593,3559
05.03,525567,506020,1596,1772
05.04,527266,507706,1598,1699
05.05,529220,509658,1601,1954
05.06,530944,511340,1604,1724
05.07,532710,513068,1607,1766
05.08,534445,514769,1610,1735
05.09,536017,516329,1613,1572
05.10,537524,517805,1615,1507
05.11,539138,519405,1617,1614
05.12,540646,520882,1619,1508
05.13,542158,522356,1623,1512
05.14,543610,523778,1626,1452
05.15,544931,525080,1629,1321
05.16,546182,526302,1631,1251
05.17,547411,527519,1633,1229
05.18,548681,528769,1637,1270
05.19,550029,530085,1639,1348
05.20,551430,531459,1642,1401
05.21,552920,532910,1644,1490
05.22,554516,534481,1648,1596
05.23,556107,536050,1651,1591
05.24,557619,537531,1654,1512
05.25,559291,539161,1658,1672
05.26,561048,540886,1661,1757
05.27,563215,543023,1664,2167
05.28,565451,545229,1668,2236
05.29,567263,547008,1673,1812
05.30,569073,548785,1677,1810
05.31,570836,550525,1680,1763
06.01,572804,552479,1684,1968
06.02,574958,554589,1686,2154
06.03,576947,556549,1689,1989
06.04,579009,558584,1691,2062
06.05,581197,560734,1696,2188
06.06,583071,562576,1699,1874
06.07,585039,564509,1702,1968
06.08,587244,566677,1704,2205
06.09,587244,566677,1704,0
06.10,589423,568828,1710,2179
06.11,593894,573194,1720,4471
06.12,596017,575288,1724,2123
06.13,597986,577234,1726,1969
06.14,599823,579045,1730,1837
06.15,601950,581139,1734,2127
06.16,603961,583115,1738,2011
06.17,606128,585242,1741,2167
06.18,608070,587160,1747,1942
06.19,610179,589235,1752,2109
06.20,612029,591061,1757,1850
06.21,613993,592984,1763,1964
06.22,616160,595086,1767,2167
06.23,618148,597008,1773,1988
06.24,618148,597008,1773,0
06.25,622532,601308,1782,4384
06.26,624814,603541,1792,2282
06.27,626936,605618,1796,2122
06.28,628976,607606,1802,2040
06.29,631160,609711,1807,2184
06.30,632907,611442,1811,1747
07.01,634582,612998,1819,1675
07.02,634582,612998,1819,0
