,confirm,heal,dead,confirm_add
01.31,2,0,0,0
02.01,2,0,0,0
02.02,2,0,0,0
02.03,2,0,0,0
02.04,2,0,0,0
02.05,2,0,0,0
02.06,3,0,0,1
02.07,3,0,0,0
02.08,3,0,0,0
02.09,3,0,0,0
02.10,8,0,0,5
02.11,8,0,0,0
02.12,8,0,0,0
02.13,9,0,0,1
02.14,9,0,0,0
02.15,9,0,0,0
02.16,9,8,0,0
02.17,9,8,0,0
02.18,9,8,0,0
02.19,9,8,0,0
02.20,9,8,0,0
02.21,9,8,0,0
02.22,9,8,0,0
02.23,9,8,0,0
02.24,13,8,0,4
02.25,13,8,0,0
02.26,13,8,0,0
02.27,15,8,0,2
02.28,19,8,0,4
02.29,23,8,0,3
03.01,35,8,0,12
03.02,40,8,0,5
03.03,51,8,0,11
03.04,85,8,0,34
03.05,90,8,0,5
03.06,163,8,2,73
03.07,163,8,2,0
03.08,319,18,3,46
03.09,373,18,6,55
03.10,456,18,6,83
03.11,590,18,10,134
03.12,798,18,10,208
03.13,1140,18,21,342
03.14,1140,18,21,342
03.15,1543,18,35,403
03.16,1543,18,35,403
03.17,2626,52,71,676
03.18,2626,65,104,676
03.19,3269,79,144,643
03.20,3983,79,177,714
03.21,5027,98,234,1044
03.22,5683,98,281,656
03.23,6650,98,335,967
03.24,8077,98,422,1427
03.25,9529,140,465,1452
03.26,11658,140,578,2129
03.27,14579,140,759,2921
03.28,17089,151,1019,2510
03.29,19522,151,1228,2433
03.30,22141,151,1408,2619
03.31,22472,179,1793,331
04.01,29842,179,2356,7370
04.02,34123,191,2926,4281
04.03,38681,205,3611,4558
04.04,42433,209,4320,3752
04.05,48388,215,4941,5955
04.06,48451,229,4943,63
04.07,52302,312,5385,3851
04.08,55957,332,6171,3655
04.09,61497,353,7111,5540
04.10,65872,367,7993,4375
04.11,79841,599,9891,13969
04.12,85173,625,10629,5332
04.13,89554,303,11346,4381
04.14,94823,323,12125,5269
04.15,99455,365,12892,4632
04.16,104133,370,13755,4678
04.17,104145,375,13759,4617
04.18,115299,414,15497,11154
04.19,121168,427,16095,5869
04.20,121174,444,16095,6
04.21,125856,603,16550,4682
04.22,134635,644,18141,8779
04.23,139243,701,18790,4608
04.24,144632,712,19559,5389
04.25,149554,737,20380,4922
04.26,149569,778,20381,15
04.27,154038,781,20795,4469
04.28,158353,809,21158,4315
04.29,162350,813,21745,3997
04.30,166443,857,26166,4093
05.01,172481,861,26842,6038
05.02,178689,892,27583,6208
05.03,183500,896,28205,4811
05.04,187842,902,28520,4342
05.05,191832,910,28809,3990
05.06,196244,926,29501,4412
05.07,202359,957,30150,6115
05.08,207977,987,30689,5618
05.09,216525,1001,31662,8548
05.10,216526,1002,31662,1
05.11,224327,1007,32140,7801
05.12,227735,1015,32768,3408
05.13,230984,1025,33263,3249
05.14,234431,1032,33692,3447
05.15,238001,1045,34077,3570
05.16,241454,1049,34546,3453
05.17,241461,1058,34546,7
05.18,244995,1058,34716,3534
05.19,247709,1090,34876,2714
05.20,250141,1101,35422,2432
05.21,252234,1116,36124,2093
05.22,252246,1134,36124,12
05.23,255544,1142,36475,3298
05.24,258511,1142,36757,2967
05.25,260916,1151,36875,2405
05.26,266590,1161,37130,5674
05.27,268615,1162,37542,2025
05.28,268620,1166,37542,5
05.29,270511,1171,37919,1891
05.30,272615,1173,38243,2104
05.31,276156,1187,38571,3541
06.01,276156,1181,38571,0
06.02,277738,1221,39127,1582
06.03,279392,1224,39452,1654
06.04,281270,1212,39811,1878
06.05,284730,1219,40344,3460
06.06,286292,1230,40548,1562
06.07,287621,1239,40625,1329
06.08,288827,1240,40680,1206
06.09,288834,1255,40680,7
06.10,290581,1257,40968,1747
06.11,292854,1269,41364,2273
06.12,294401,1279,41566,1547
06.13,294402,1283,41566,1
06.14,297342,1283,41783,2940
06.15,297342,1284,41783,0
06.16,299594,1284,42054,2252
06.17,299600,1295,42054,6
06.18,301935,1304,42373,2335
06.19,303281,1313,42546,1346
06.20,304580,1319,42674,1299
06.21,305801,1319,42717,1221
06.22,305803,1319,42717,2
06.23,306761,1322,42731,958
06.24,307682,1330,43011,921
06.25,308337,1345,43165,655
06.26,310836,1361,43498,2499
06.27,310837,1363,43498,1
06.28,312640,1364,43634,1803
06.29,313467,1364,43659,827
06.30,313470,1368,43660,3
07.01,314991,1370,43991,1521
07.02,314992,1372,43991,1
07.03,285268,1373,44080,-29724
07.04,285788,1375,44216,520
07.05,286931,1375,44305,1143
07.06,287290,1375,44321,359
07.07,287291,1375,44321,1
07.08,288510,1375,44602,1219
07.09,288512,1378,44602,2
07.10,293015,1378,44735,4503
07.11,289679,1378,44735,-3336
07.12,290504,1378,44883,825
07.13,291155,1378,44904,651
07.14,291691,1384,44915,536
07.15,293469,1386,45138,1778
07.16,293469,1386,45138,0
07.17,294803,1403,45318,1334
07.18,295631,1403,45358,828
07.19,295632,1413,45358,1
07.20,296364,1413,45385,732
07.21,297389,1413,45507,1025
07.22,297391,1414,45507,2
07.23,298721,1416,45639,1330
07.24,299499,1425,45762,778
07.25,300270,1427,45823,771
07.26,300275,1434,45823,5
07.27,301020,1434,45837,745
07.28,301709,1437,45844,689
07.29,303092,1438,46046,1383
07.30,303064,1438,46046,-28
07.31,303913,1439,46084,849
08.01,305572,1441,46278,1659
08.02,306315,1442,46286,743
08.03,306319,1444,46286,4
08.04,307252,1445,46295,933
08.05,307258,1445,46295,6
08.06,307272,1447,46295,14
08.07,309796,1447,46498,2524
08.08,310703,1448,46596,907
08.09,311488,1449,46651,785
08.10,313390,1451,46659,1902
08.11,313393,1464,46611,3
08.12,315560,1465,46791,2167
08.13,315583,1473,46791,23
08.14,315600,1479,46791,17
08.15,318193,1483,46791,2593
08.16,319238,1486,46791,1045
08.17,320345,1490,46791,1107
08.18,321071,1492,41454,726
08.19,322990,1495,41482,1919
08.20,324190,1495,41489,1200
08.21,325239,1544,41491,1049
08.22,326559,1545,41509,1320
08.23,327636,1547,41515,1077
08.24,328617,1549,41519,981
08.25,328628,1550,41519,11
08.26,329883,1551,41535,1255
08.27,332491,1564,41564,2608
08.28,332511,1569,41564,20
08.29,334915,1620,41585,2404
08.30,336641,1624,41586,1726
08.31,338079,1680,41588,1438
09.01,338085,1687,41589,6
09.02,339420,1712,41592,1335
09.03,342684,1750,41615,3264
09.04,342715,1752,41616,31
09.05,346506,1763,41638,3791
09.06,349504,1824,41640,2998
09.07,352448,1824,41643,2944
09.08,354876,1827,41673,2428
09.09,357593,1828,41683,2717
09.10,357614,1841,41697,21
09.11,360544,1847,41697,2930
09.12,367590,1873,41712,7046
09.13,370928,1890,41717,3338
09.14,370930,2152,41717,2
09.15,373559,2156,41726,2629
09.16,376676,2186,41753,3117
09.17,380680,2194,41773,4004
09.18,384090,2203,41794,3410
09.19,388420,2220,41821,4330
09.20,392845,2228,41848,4425
09.21,396744,2228,41877,3899
09.22,401127,2228,41877,4383
09.23,406060,2239,41914,4933
09.24,412249,2254,41951,6189
09.25,425765,2284,41991,13516
09.26,431816,2330,42060,6051
09.27,431824,2339,42060,8
09.28,437520,2339,42077,5696
09.29,441582,2353,42090,4062
09.30,448734,2370,42162,7152
10.01,462774,2378,42292,14040
10.02,462781,2385,42358,7
10.03,469781,2396,42358,7000
10.04,482658,2398,42407,12877
10.05,505619,2406,42440,22961
10.06,518227,2414,42459,12608
10.07,532787,2425,42535,14560
10.08,546959,2435,42605,14172
10.09,564518,2486,42769,17559
10.10,578398,2495,42769,13880
10.11,593574,2503,42915,15176
10.12,606448,2509,42965,12874
10.13,620471,2517,42965,14023
10.14,657449,2546,43245,36978
10.15,657474,2555,43245,25
10.16,676468,2563,43383,18994
10.17,692126,2573,43669,15658
10.18,708311,2578,43669,16185
10.19,744101,2596,43736,35790
10.20,744122,2613,43816,21
10.21,765500,2636,44057,21378
10.22,792212,2650,44248,26712
10.23,813465,2657,44437,21253
10.24,834029,2664,44661,20564
10.25,857050,2685,44835,23021
10.26,876844,2701,44986,19794
10.27,897766,2702,45088,20922
10.28,920667,2734,45455,22901
10.29,945384,2798,45765,24717
10.30,968461,2805,46045,23077
10.31,992878,2839,46319,24417
11.01,1014800,2841,46645,21922
11.02,1038062,2850,46807,23262
11.03,1057021,2850,46943,18959
11.04,1077112,2918,47340,20091
11.05,1102316,2931,47832,25204
11.06,1126485,2949,48210,24169
11.07,1149808,2962,48565,23323
11.08,1174778,2968,48978,24970
11.09,1195362,2990,49134,20584
11.10,1216747,2998,49329,21385
11.11,1237198,3008,49861,20451
11.12,1260220,3025,50457,23022
11.13,1293728,3041,51020,33508
11.14,1321042,3102,51396,27314
11.15,1347922,3120,51858,26880
11.16,1372889,3135,52026,24967
11.17,1394299,3135,52240,21410
11.18,1414371,3182,52839,20072
11.19,1434004,3206,53369,19633
11.20,1456958,3260,53870,22954
11.21,1477240,3292,54381,20282
11.22,1497140,3322,54722,19900
11.23,1515812,3333,55121,18672
11.24,1531281,3347,55327,15469
11.25,1542633,3420,55935,11352
11.26,1560872,3453,56630,18239
11.27,1578437,3456,57128,17565
11.28,1593260,3477,57648,14823
11.29,1609150,3514,58127,15890
11.30,1621313,3521,58342,12163
12.01,1633744,3582,58545,12431
12.02,1647235,3593,59148,13491
12.03,1663471,3621,59796,16236
12.04,1678423,3632,60210,14952
12.05,1694806,3648,60714,16383
12.06,1710384,3660,61111,15578
12.07,1727755,3736,61342,17371
12.08,1742528,3761,61531,14773
12.09,1754918,3770,62130,12390
12.10,1771555,3779,62663,16637
12.11,1792612,3794,63179,21057
12.12,1814397,3805,63603,21785
12.13,1835952,3809,64123,21555
12.14,1854490,4013,64267,18538
12.15,1874889,4052,64500,20399
12.16,1893447,4096,65006,18558
12.17,1918768,4111,65618,25321
12.18,1954311,4133,66150,35543
12.19,1983017,4340,66643,28706
12.20,2010121,4370,67177,27104
12.21,2046199,4379,67503,36078
12.22,2079726,4392,67718,33527
12.23,2116609,4614,68412,36883
12.24,2156077,4723,69157,39468
12.25,2195222,4822,69732,39145
12.26,2228021,4854,70302,32799
12.27,2262735,4910,70513,34714
12.28,2295273,5100,70860,32538
12.29,2336791,5129,71217,41518
12.30,2390143,5334,71675,53352
12.31,2440202,5414,72657,50059
01.01,2496403,5490,73622,56201
01.02,2549781,5704,74237,53378
01.03,2662534,5745,75136,112753
01.04,2662806,6145,75137,272
01.05,2721622,6260,75547,58816
01.06,2782709,6383,76428,61087
01.07,2845269,6457,77470,62560
01.08,2898057,6527,78633,52788
01.09,2966337,6850,79965,68280
01.10,3026348,6862,81000,60011
01.11,3081368,7009,81567,55020
01.12,3127643,7149,82096,46275
01.13,3173406,7398,83345,45763
01.14,3220956,7438,84910,47550
01.15,3269760,7585,86163,48804
01.16,3325645,7703,87452,55885
01.17,3367070,7862,88747,41425
01.18,3405740,8042,89429,38670
01.19,3443431,8320,90033,37691
01.20,3476827,8394,91643,33396
01.21,3515835,8496,93469,39008
01.22,3553802,8600,94765,37967
01.23,3594145,8684,96166,40343
01.24,3627789,8864,97518,33644
01.25,3657883,9019,98131,30094
01.26,3680102,9036,98723,22219
01.27,3700268,9160,100359,20166
01.28,3725713,9277,102085,25445
01.29,3754498,9350,103324,28785
01.30,3783593,9404,104572,29095
01.31,3806993,9580,105777,23400
02.01,3828183,9652,106367,21190
02.02,3846851,9735,106774,18668
02.03,3863757,9818,108225,16906
02.04,3882972,9936,109547,19215
02.05,3903706,10011,110462,20734
02.06,3922910,10094,111477,19204
02.07,3941273,10182,112305,18363
02.08,3957182,10296,112681,15909
02.09,3971319,10344,113014,14137
02.10,3983756,10427,114066,12437
02.11,3996839,10506,115070,13083
02.12,4010376,10600,115748,13537
02.13,4025577,10677,116507,15201
02.14,4038933,10860,117128,13356
02.15,4049924,10919,117390,10991
02.16,4059696,10959,117622,9772
02.17,4070334,11032,118421,10638
02.18,4083092,11099,119159,12758
02.19,4095187,11160,119614,12095
02.20,4107286,11254,120147,12099
02.21,4117739,11298,120595,10453
02.22,4127574,11311,120810,9835
02.23,4138233,11342,120988,10659
02.24,4146756,11453,121536,8523
02.25,4156726,11497,121979,9970
02.26,4166747,11535,122303,10021
02.27,4175318,11579,122649,8571
02.28,4182788,11607,122939,7470
03.01,4188827,11644,123083,6039
03.02,4194295,11646,123187,5468
03.03,4200717,11726,123530,6422
03.04,4207125,11744,124017,6408
03.05,4213765,11798,124259,6640
03.06,4219791,11836,124495,6026
03.07,4225906,11849,124654,6115
03.08,4231166,11851,124736,5260
03.09,4235995,11855,124801,4829
03.10,4241858,11868,125032,5863
03.11,4247879,11923,125222,6021
03.12,4254714,11944,125403,6835
03.13,4261398,11949,125580,6684
03.14,4267048,11966,125701,5650
03.15,4271710,11972,125753,4662
03.16,4276840,11997,125817,5130
03.17,4282203,12013,125927,5363
03.18,4287996,12058,126068,5793
03.19,4294349,12095,126163,6353
03.20,4299216,12136,126263,4867
03.21,4304859,12170,126360,5643
03.22,4310195,12176,126393,5336
03.23,4315603,12233,126411,5408
03.24,4321019,12383,126523,5416
03.25,4326685,12405,126621,5666
03.26,4332959,12567,126684,6274
03.27,4339164,12582,126755,6205
03.28,4343148,12717,126832,3984
03.29,4347014,12776,126834,3866
03.30,4347014,12776,126834,0
03.31,4359919,12953,126955,12905
04.01,4359985,13074,127006,66
04.02,4364547,13090,127006,4562
04.03,4371392,13190,127068,6845
04.04,4371501,13238,127068,109
04.05,4373798,13255,127078,2297
04.06,4379008,13296,127126,5210
04.07,4379061,13364,127126,53
04.08,4381919,13413,127171,2858
04.09,4385025,13467,127224,3106
04.10,4380167,13467,127284,-4858
04.11,4382880,13494,127324,2713
04.12,4384610,13495,127331,1730
04.13,4388317,13647,127346,3707
04.14,4393292,13660,127407,4975
04.15,4396008,13675,127437,2716
04.16,4396106,13877,127438,98
04.17,4401113,13940,127507,5007
04.18,4403058,13983,127518,1945
04.19,4406023,13987,127522,2965
04.20,4406114,14040,127524,91
04.21,4411052,14077,127557,4938
04.22,4411104,14193,127579,52
04.23,4413834,14195,127597,2730
04.24,4416648,14388,127638,2814
04.25,4420442,14452,127681,3794
04.26,4420458,14452,127681,16
04.27,4422562,14552,127688,2104
04.28,4427428,14575,127734,4866
04.29,4427396,14620,127734,-32
04.30,4432234,14659,127774,4838
05.01,4434155,14684,127782,1921
05.02,4434160,14684,127782,5
05.03,4435834,14684,127796,1674
05.04,4439480,14830,127803,3646
05.05,4439494,14853,127803,14
05.06,4444257,14897,127843,4763
05.07,4446752,14961,127858,2495
05.08,4448808,15011,127863,2056
05.09,4448808,15011,127863,0
05.10,4450578,15011,127865,1770
05.11,4452966,15128,127870,2388
05.12,4455446,15149,127890,2480
05.13,4457748,15201,127901,2302
05.14,4462599,15213,127930,4851
05.15,4464634,15236,127937,2035
05.16,4466589,15257,127941,1955
05.17,4466589,15258,127941,0
05.18,4468582,15292,127946,1993
05.19,4466220,15319,127953,-2362
05.20,4468367,15352,127956,2147
05.21,4473767,15407,127972,5400
05.22,4476297,15427,127978,2530
05.23,4478390,15427,127983,2093
05.24,4480752,15427,127986,2362
05.25,4480763,15445,127986,11
05.26,4486164,15453,128010,5401
05.27,4489548,15479,128020,3384
05.28,4493581,15480,128030,4033
05.29,4496823,15481,128037,3242
05.30,4496823,15486,128037,0
05.31,4499941,15487,128043,3118
06.01,4503232,15507,128045,3291
06.02,4506335,15509,128045,3103
06.03,4510598,15514,128057,4263
06.04,4515779,15517,128075,5181
06.05,4521922,15524,128086,6143
06.06,4527577,15531,128099,5655
06.07,4532802,15534,128103,5225
06.08,4538399,15538,128104,5597
06.09,4544374,15539,128118,5975
06.10,4551694,15540,128124,7320
06.11,4558933,15543,128131,7239
06.12,4566895,15544,128148,7962
06.13,4574447,15546,128160,7552
06.14,4581779,15553,128168,7332
06.15,4589400,15562,128171,7621
06.16,4596994,15562,128181,7594
06.17,4605807,15563,128190,8813
06.18,4616629,15601,128209,10822
06.19,4626915,15607,128220,10286
06.20,4636993,15610,128234,10078
06.21,4646068,15612,128240,9075
06.22,4656538,15615,128245,10470
06.23,4668043,15616,128272,11505
06.24,4683989,15705,128291,15946
06.25,4700694,15713,128312,16705
06.26,4716066,15718,128330,15372
06.27,4734011,15718,128353,17945
06.28,4748645,15724,128364,14634
06.29,4771369,15732,128367,22724
06.30,4791628,15734,128390,20259
07.01,4817316,15745,128404,25688
07.02,4844872,15745,128426,27556
