,confirm,heal,dead,confirm_add
03.14,4,0,0,4
03.15,6,0,0,2
03.16,6,0,0,0
03.17,6,0,0,0
03.18,50,0,0,21
03.19,79,0,0,29
03.20,94,0,0,15
03.21,110,0,0,16
03.22,135,0,0,25
03.23,158,0,0,23
03.24,162,0,0,4
03.25,189,0,0,31
03.26,217,6,0,28
03.27,238,6,0,21
03.28,274,6,0,36
03.29,304,6,1,30
03.30,309,6,1,6
03.31,320,25,1,11
04.01,338,41,2,18
04.02,350,62,4,12
04.03,369,68,4,19
04.04,386,86,4,17
04.05,400,93,5,14
04.06,406,104,6,6
04.07,415,123,6,9
04.08,424,150,7,9
04.09,456,192,7,32
04.10,473,206,7,17
04.11,494,214,7,21
04.12,501,224,7,7
04.13,480,231,8,-21
04.14,483,248,8,3
04.15,492,260,8,9
04.16,493,272,9,1
04.17,502,286,9,9
04.18,508,294,9,6
04.19,517,298,10,9
04.20,528,298,10,11
04.21,535,313,11,7
04.22,543,324,12,8
04.23,549,337,12,6
04.24,557,354,12,8
04.25,563,369,12,6
04.26,596,370,14,33
04.27,606,375,15,10
04.28,620,386,15,14
04.29,625,394,15,5
04.30,630,412,15,5
05.01,643,417,17,13
05.02,648,435,17,5
05.03,652,440,17,4
05.04,655,442,17,3
05.05,657,447,17,2
05.06,670,468,17,13
05.07,673,486,17,3
05.08,684,492,17,11
05.09,694,506,18,10
05.10,702,513,18,8
05.11,707,517,19,5
05.12,711,523,19,4
05.13,717,532,19,6
05.14,719,545,19,2
05.15,724,547,19,5
05.16,732,553,19,8
05.17,733,558,19,1
05.18,734,564,20,1
05.19,737,569,20,3
05.20,738,579,20,1
05.21,746,588,20,8
05.22,749,594,20,3
05.23,753,603,20,4
05.24,764,616,22,11
05.25,769,618,22,5
05.26,787,629,22,18
05.27,789,638,22,2
05.28,803,650,22,14
05.29,811,654,22,8
05.30,816,680,22,5
05.31,821,682,22,5
06.01,823,685,22,2
06.02,825,689,23,2
06.03,826,691,23,1
06.04,828,698,23,2
06.05,832,709,23,4
06.06,834,721,23,2
06.07,845,726,23,11
06.08,845,730,23,0
06.09,845,738,23,0
06.10,846,754,23,1
06.11,847,758,23,1
06.12,847,772,23,0
06.13,847,780,23,0
06.14,847,784,23,0
06.15,848,788,23,1
06.16,848,792,23,0
06.17,849,801,24,1
06.18,849,810,24,0
06.19,850,814,24,1
06.20,853,814,24,3
06.21,859,815,25,6
06.22,876,814,25,17
06.23,882,815,25,6
06.24,885,815,25,3
06.25,902,815,26,17
06.26,907,818,26,5
06.27,919,818,26,12
06.28,924,818,26,5
06.29,929,818,27,5
06.30,932,822,27,3
07.01,936,824,27,4
07.02,943,825,28,7
07.03,947,828,28,4
07.04,952,837,28,5
07.05,955,840,28,3
07.06,956,849,28,1
07.07,960,858,29,4
07.08,965,865,29,5
07.09,974,871,29,9
07.10,977,878,29,3
07.11,985,886,29,8
07.12,986,896,30,1
07.13,987,896,31,1
07.14,989,903,31,2
07.15,997,905,31,8
07.16,1009,909,31,12
07.17,1026,916,32,17
07.18,1037,917,32,11
07.19,1044,921,33,7
07.20,1054,922,33,10
07.21,1064,927,33,10
07.22,1096,929,33,32
07.23,1117,934,34,21
07.24,1141,940,34,24
07.25,1166,946,34,25
07.26,1174,947,34,8
07.27,1192,948,34,18
07.28,1202,951,35,10
07.29,1218,958,35,16
07.30,1237,967,35,19
07.31,1243,978,35,6
08.01,1264,994,35,21
08.02,1278,1004,35,14
08.03,1286,1011,36,8
08.04,1291,1023,36,5
08.05,1300,1048,37,9
08.06,1309,1065,37,9
08.07,1318,1079,37,9
08.08,1325,1095,37,7
08.09,1335,1112,37,10
08.10,1353,1125,37,18
08.11,1364,1146,37,11
08.12,1385,1157,37,21
08.13,1393,1163,37,8
08.14,1409,1180,37,16
08.15,1421,1182,38,12
08.16,1434,1194,38,13
08.17,1440,1200,38,6
08.18,1457,1205,40,17
08.19,1485,1219,40,28
08.20,1493,1228,40,8
08.21,1506,1242,41,13
08.22,1516,1249,42,10
08.23,1521,1264,42,5
08.24,1527,1276,42,6
08.25,1533,1295,42,6
08.26,1536,1309,43,3
08.27,1543,1322,43,7
08.28,1551,1333,43,8
08.29,1556,1352,43,5
08.30,1570,1364,44,14
08.31,1585,1378,44,15
09.01,1595,1409,44,10
09.02,1611,1419,44,16
09.03,1626,1433,44,15
09.04,1636,1437,44,10
09.05,1653,1446,45,17
09.06,1669,1459,45,16
09.07,1679,1459,45,10
09.08,1693,1466,45,14
09.09,1712,1476,45,19
09.10,1741,1478,45,29
09.11,1759,1484,45,18
09.12,1773,1490,45,14
09.13,1780,1502,45,7
09.14,1808,1513,45,28
09.15,1812,1528,45,4
09.16,1827,1545,45,15
09.17,1856,1559,45,29
09.18,1876,1582,46,20
09.19,1890,1603,46,14
09.20,1904,1612,46,14
09.21,1917,1621,46,13
09.22,1927,1634,46,10
09.23,1934,1645,46,7
09.24,1946,1661,47,12
09.25,1959,1679,47,13
09.26,1967,1710,47,8
09.27,1998,1716,47,31
09.28,2008,1728,47,10
09.29,2010,1755,47,2
09.30,2033,1771,48,23
10.01,2046,1791,48,13
10.02,2061,1809,48,15
10.03,2097,1824,48,36
10.04,2122,1831,48,25
10.05,2145,1844,48,23
10.06,2155,1862,48,10
10.07,2177,1878,49,22
10.08,2206,1890,49,29
10.09,2226,1904,49,20
10.10,2251,1917,49,25
10.11,2268,1930,50,17
10.12,2294,1942,50,26
10.13,2313,1950,51,19
10.14,2337,1987,51,24
10.15,2388,2007,51,51
10.16,2417,2025,51,29
10.17,2450,2042,51,33
10.18,2501,2052,51,51
10.19,2531,2105,51,30
10.20,2560,2121,51,29
10.21,2623,2142,52,63
10.22,2663,2172,53,40
10.23,2701,2204,53,38
10.24,2759,2241,53,58
10.25,2807,2301,53,48
10.26,2851,2351,53,44
10.27,2872,2411,54,21
10.28,2916,2455,54,44
10.29,2981,2481,55,65
10.30,3044,2504,57,63
10.31,3082,2532,58,38
11.01,3124,2560,58,42
11.02,3149,2601,59,25
11.03,3165,2658,60,16
11.04,3196,2727,61,31
11.05,3245,2770,61,49
11.06,3309,2814,61,64
11.07,3370,2853,61,61
11.08,3441,2903,61,71
11.09,3514,2943,62,73
11.10,3560,2993,62,46
11.11,3620,3034,62,60
11.12,3700,3078,63,80
11.13,3795,3103,63,95
11.14,3883,3135,64,88
11.15,3957,3175,64,74
11.16,4030,3233,65,73
11.17,4104,3284,67,74
11.18,4208,3348,68,104
11.19,4296,3404,68,88
11.20,4377,3479,69,81
11.21,4477,3547,69,100
11.22,4564,3621,69,87
11.23,4699,3679,71,135
11.24,4763,3764,71,64
11.25,4870,3827,72,107
11.26,4988,3923,73,118
11.27,5117,4021,74,129
11.28,5303,4107,74,186
11.29,5511,4185,75,208
11.30,5716,4267,76,205
12.01,5857,4357,77,141
12.02,6024,4483,78,167
12.03,6225,4584,80,201
12.04,6455,4707,80,230
12.05,6731,4826,80,276
12.06,6965,4946,81,234
12.07,7303,5062,82,338
12.08,7505,5240,83,202
12.09,7806,5415,86,301
12.10,8104,5564,87,298
12.11,8487,5747,90,383
12.12,8849,5941,90,362
12.13,9180,6155,91,331
12.14,9708,6358,92,528
12.15,10029,6593,95,321
12.16,10418,6895,98,389
12.17,10893,7142,102,475
12.18,11436,7406,105,543
12.19,11950,7699,109,514
12.20,12557,8002,114,607
12.21,13048,8327,119,491
12.22,13477,8688,119,429
12.23,14001,9127,120,524
12.24,14710,9574,128,709
12.25,15457,10040,135,747
12.26,15848,10479,143,391
12.27,16218,10847,147,370
12.28,16728,11366,158,510
12.29,17306,11966,160,578
12.30,17962,12506,168,656
12.31,18480,12996,174,518
01.01,19119,13468,181,639
01.02,19753,13990,193,634
01.03,20275,14592,201,522
01.04,20823,15125,204,548
01.05,21426,15539,211,603
01.06,22104,15919,217,678
01.07,23048,16540,221,944
01.08,23807,17098,231,759
01.09,24339,17677,240,532
01.10,24974,18372,248,635
01.11,26186,19013,256,1212
01.12,26901,19555,262,715
01.13,27846,20099,269,945
01.14,28475,20733,275,629
01.15,29989,21685,280,1514
01.16,30946,22423,291,957
01.17,31669,23136,298,723
01.18,32378,23910,311,709
01.19,32863,24618,319,485
01.20,33446,25410,330,583
01.21,34294,26118,336,848
01.22,34992,26927,347,698
01.23,36170,27715,364,1178
01.24,36967,28547,367,797
01.25,37633,29270,376,666
01.26,38041,30143,390,408
01.27,38680,30861,401,639
01.28,39328,31598,407,648
01.29,39887,32306,415,559
01.30,40529,33146,425,642
01.31,41181,33914,431,652
02.01,41738,34683,436,557
02.02,42128,35535,444,390
02.03,42667,36178,453,539
02.04,43215,36820,464,548
02.05,43804,37411,476,589
02.06,44303,37967,478,499
02.07,44812,38469,481,509
02.08,45311,38976,490,499
02.09,45650,39677,497,339
02.10,46153,40272,506,503
02.11,46778,40769,516,625
02.12,47254,41426,524,476
02.13,47828,41966,527,574
02.14,48459,42505,533,631
02.15,48909,42889,535,450
02.16,49360,43486,541,451
02.17,49725,44060,546,365
02.18,50208,44481,553,483
02.19,50752,44976,558,544
02.20,51377,45398,563,625
02.21,52163,45881,569,786
02.22,52815,46265,574,652
02.23,53310,46845,583,495
02.24,53973,47512,588,663
02.25,54874,48035,591,901
02.26,55695,48496,595,821
02.27,56542,49012,601,847
02.28,57362,49466,603,820
03.01,57994,50039,608,632
03.02,58589,50624,611,595
03.03,59171,51365,617,582
03.04,60074,51978,624,903
03.05,60945,52612,631,871
03.06,61929,53419,637,984
03.07,63010,54175,645,1081
03.08,63837,54861,651,827
03.09,64700,55638,658,863
03.10,65527,56399,666,827
03.11,66484,57134,678,957
03.12,67717,57773,683,1233
03.13,69074,58627,689,1357
03.14,70133,59539,698,1059
03.15,71691,60517,712,1558
03.16,72862,61609,717,1171
03.17,73770,62584,725,908
03.18,75138,63475,740,1368
03.19,76816,64492,749,1678
03.20,78401,65515,760,1585
03.21,79923,66668,776,1522
03.22,81537,67730,792,1614
03.23,84230,68983,811,2693
03.24,86007,70372,827,1777
03.25,87812,71588,843,1805
03.26,89458,72919,856,1646
03.27,92343,74339,875,2885
03.28,95278,76030,901,2935
03.29,97406,77567,915,2128
03.30,97406,77567,915,0
03.31,97406,77567,915,0
04.01,105549,83380,974,8143
04.02,108188,85200,1009,2639
04.03,111568,87039,1041,3380
04.04,113904,89035,1071,2336
04.05,117757,89035,1101,3853
04.06,119958,94042,1146,2201
04.07,123063,96563,1191,3105
04.08,126987,98837,1231,3924
04.09,130657,101241,1275,3670
04.10,137946,104241,1363,7289
04.11,141380,104434,1414,3434
04.12,144642,110277,1462,3262
04.13,147173,113125,1533,2531
04.14,149430,116533,1595,2257
04.15,152089,119388,1647,2659
04.16,156499,122637,1726,4410
04.17,159569,126119,1788,3070
04.18,162400,129336,1848,2831
04.19,164744,132917,1908,2344
04.20,167033,136304,1971,2289
04.21,169327,139590,2022,2294
04.22,172601,142549,2083,3274
04.23,175891,145464,2160,3290
04.24,179537,148561,2227,3646
04.25,182326,151669,2283,2789
04.26,184865,154489,2326,2539
04.27,187349,157560,2391,2484
04.28,190096,160632,2452,2747
04.29,193027,162407,2497,2931
04.30,195734,164965,2563,2707
05.01,198428,167823,2616,2694
05.02,200908,170750,2669,2480
05.03,202492,173769,2724,1584
05.04,204120,176783,2796,1628
05.05,206946,179480,2861,2826
05.06,209867,181719,2918,2921
05.07,213449,184506,2972,3582
05.08,216146,187153,3032,2697
05.09,218800,189739,3082,2654
05.10,220683,192114,3122,1883
05.11,222870,194964,3171,2187
05.12,225847,197085,3208,2977
05.13,228102,198922,3252,2255
05.14,231901,201367,3318,3799
05.15,235206,204051,3369,3305
05.16,238079,206670,3419,2873
05.17,240512,209338,3459,2433
05.18,242906,212051,3521,2394
05.19,246026,214578,3578,3120
05.20,249365,216589,3638,3339
05.21,253941,219277,3691,4576
05.22,258540,222003,3760,4599
05.23,262009,224787,3811,3469
05.24,265098,227531,3871,3089
05.25,267888,230641,3922,2790
05.26,271859,233629,3973,3971
05.27,276435,236292,4022,4576
05.28,280372,239309,4066,3937
05.29,282198,242661,4118,1826
05.30,288172,246321,4176,5974
05.31,291488,250049,4213,3316
06.01,294503,253573,4276,3015
06.02,298006,257030,4342,3503
06.03,301524,259959,4394,3518
06.04,304411,263733,4460,2887
06.05,308490,267776,4516,4079
06.06,312703,271481,4583,4213
06.07,316535,275138,4640,3832
06.08,318783,279387,4692,2248
06.09,322978,283397,4749,4195
06.10,326405,286472,4816,3427
06.11,330027,289754,4862,3622
06.12,333484,293332,4906,3457
06.13,336470,296855,4956,2986
06.14,338513,300119,4995,2043
06.15,340818,303880,5036,2305
06.16,343615,307189,5089,2797
06.17,346515,309965,5120,2900
06.18,348662,313388,5152,2147
06.19,351378,317016,5207,2716
06.20,353377,320347,5241,1999
06.21,354865,323494,5271,1488
06.22,356382,326871,5316,1517
06.23,358461,329662,5350,2079
06.24,360247,332112,5374,1786
06.25,361994,334971,5413,1747
06.26,363580,337748,5447,1586
06.27,364859,340352,5474,1279
06.28,365866,342494,5494,1007
06.29,366915,344803,5524,1049
06.30,368178,346857,5558,1263
07.01,369350,348489,5593,1172
07.02,369350,348489,5593,0
