,confirm,heal,dead,confirm_add
03.18,2,0,0,2
03.19,2,0,0,0
03.20,2,0,0,0
03.21,2,0,0,0
03.22,3,0,0,1
03.23,3,0,0,0
03.24,3,0,0,0
03.25,12,0,0,9
03.26,16,0,0,4
03.27,22,0,0,6
03.28,28,0,0,6
03.29,29,0,0,1
03.30,35,0,0,7
03.31,35,0,0,0
04.01,36,0,0,1
04.02,39,0,1,3
04.03,39,2,1,0
04.04,39,2,1,0
04.05,39,3,1,0
04.06,39,3,1,0
04.07,39,7,1,0
04.08,39,7,1,0
04.09,39,7,1,0
04.10,40,25,2,1
04.11,40,28,2,0
04.12,43,30,2,3
04.13,43,30,2,0
04.14,45,30,2,2
04.15,48,30,2,3
04.16,48,30,2,0
04.17,52,30,2,4
04.18,57,33,2,5
04.19,61,33,3,4
04.20,65,35,3,4
04.21,70,35,3,5
04.22,74,35,3,4
04.23,74,35,3,0
04.24,76,37,3,2
04.25,84,37,3,8
04.26,88,42,3,4
04.27,88,42,3,0
04.28,95,42,3,7
04.29,97,54,3,2
04.30,97,54,3,0
05.01,106,55,3,9
05.02,119,75,3,13
05.03,119,75,3,0
05.04,137,78,3,18
05.05,137,78,3,0
05.06,139,92,4,2
05.07,146,101,4,7
05.08,167,111,4,21
05.09,252,112,7,85
05.10,267,117,7,15
05.11,267,117,7,0
05.12,441,117,7,174
05.13,446,124,7,5
05.14,654,124,7,208
05.15,654,124,7,0
05.16,679,183,7,25
05.17,753,188,7,74
05.18,761,192,7,8
05.19,772,192,7,11
05.20,832,197,7,60
05.21,832,197,7,0
05.22,866,302,7,34
05.23,920,336,7,54
05.24,920,336,7,0
05.25,920,336,7,0
05.26,920,336,7,0
05.27,920,336,7,0
05.28,1057,779,7,137
05.29,1057,779,7,0
05.30,1057,779,7,0
05.31,1057,779,7,0
06.01,1089,912,7,32
06.02,1089,912,7,0
06.03,1089,912,7,0
06.04,1089,912,7,0
06.05,1089,912,7,0
06.06,1089,912,7,0
06.07,1089,912,7,0
06.08,1200,912,10,111
06.09,1200,912,10,0
06.10,1200,912,10,0
06.11,1200,912,10,0
06.12,1200,912,10,0
06.13,1321,1104,10,121
06.14,1357,1114,10,36
06.15,1382,1142,11,25
06.16,1382,1142,11,0
06.17,1405,1142,11,23
06.18,1416,1144,11,11
06.19,1416,1144,11,0
06.20,1430,1194,11,14
06.21,1430,1194,11,0
06.22,1430,1194,11,0
06.23,1430,1194,11,0
06.24,1477,1213,18,47
06.25,1497,1223,18,20
06.26,1497,1223,18,0
06.27,1531,1233,21,34
06.28,1531,1233,21,0
06.29,1557,1311,22,26
06.30,1568,1311,22,11
07.01,1632,1348,30,64
07.02,1632,1348,30,0
07.03,1632,1348,30,0
07.04,1632,1348,30,0
07.05,1632,1348,30,0
07.06,1632,1348,30,0
07.07,1632,1348,30,0
07.08,1895,1348,42,263
07.09,1895,1348,42,0
07.10,1895,1348,42,0
07.11,1895,1348,42,0
07.12,1895,1348,42,0
07.13,1895,1412,42,0
07.14,1895,1412,42,0
07.15,1895,1412,42,0
07.16,1895,1412,42,0
07.17,1895,1412,42,0
07.18,2980,1462,120,1085
07.19,2980,1462,120,0
07.20,3326,1620,128,346
07.21,3326,1620,128,0
07.22,3583,1677,128,257
07.23,3583,1677,128,0
07.24,3789,1677,134,206
07.25,4328,1953,139,539
07.26,4328,1953,139,0
07.27,4481,2350,139,153
07.28,4552,2815,140,71
07.29,5249,3285,146,697
07.30,5555,3289,149,306
07.31,5963,3803,151,408
08.01,6228,4130,165,265
08.02,6347,4493,170,119
08.03,6580,4701,171,233
08.04,6793,5109,173,213
08.05,7022,5667,176,229
08.06,7022,5667,176,0
08.07,7486,6264,200,464
08.08,7903,6431,203,417
08.09,8085,6698,235,182
08.10,8085,6698,235,0
08.11,8275,7004,241,190
08.12,8275,7004,241,0
08.13,8663,7401,246,388
08.14,8663,7401,246,0
08.15,9186,8065,260,523
08.16,9186,8065,260,0
08.17,9343,8412,260,157
08.18,9981,8776,264,638
08.19,10218,9126,269,237
08.20,10372,9126,274,154
08.21,10372,9126,274,0
08.22,10627,9126,277,255
08.23,11082,9942,280,455
08.24,11082,9942,280,0
08.25,11148,10208,280,66
08.26,11285,10400,282,137
08.27,11376,10693,282,91
08.28,11779,10945,283,403
08.29,11902,11092,284,123
08.30,12025,11454,287,123
08.31,12097,11469,288,72
09.01,12097,11469,288,0
09.02,12415,11494,292,318
09.03,12523,11562,292,108
09.04,12639,11572,292,116
09.05,12709,11668,292,70
09.06,12776,11674,295,67
09.07,12776,11674,295,0
09.08,12836,11748,295,60
09.09,13112,11839,300,276
09.10,13214,11899,300,102
09.11,13323,11899,306,109
09.12,13466,12007,312,143
09.13,13539,12260,312,73
09.14,13720,12380,320,181
09.15,13819,12590,324,99
09.16,13887,12869,326,68
09.17,13887,12869,326,0
09.18,13928,13029,326,41
09.19,14022,13207,329,94
09.20,14131,13365,330,109
09.21,14175,13365,330,44
09.22,14389,13629,331,214
09.23,14389,13629,331,0
09.24,14491,13643,332,102
09.25,14515,13643,332,24
09.26,14515,13643,332,0
09.27,14612,13727,332,97
09.28,14660,13821,332,48
09.29,14715,13937,332,55
09.30,14759,13959,332,44
10.01,14802,13961,333,43
10.02,14830,13980,333,28
10.03,14830,13980,333,0
10.04,14974,14094,333,144
10.05,15089,14306,334,115
10.06,15170,14313,335,81
10.07,15170,14313,335,0
10.08,15224,14342,335,54
10.09,15301,14365,335,77
10.10,15415,14541,337,114
10.11,15415,14541,337,0
10.12,15549,14682,345,134
10.13,15549,14682,345,0
10.14,15616,14850,345,67
10.15,15616,14850,345,0
10.16,15659,14899,346,43
10.17,15659,14899,346,0
10.18,15853,15005,346,194
10.19,15897,15031,346,44
10.20,15982,15038,346,85
10.21,16000,15168,346,18
10.22,16000,15168,346,0
10.23,16095,15179,346,95
10.24,16095,15179,346,0
10.25,16117,15179,348,22
10.26,16200,15445,348,83
10.27,16200,15445,348,0
10.28,16243,15481,348,43
10.29,16325,15585,348,82
10.30,16325,15585,348,0
10.31,16415,15600,349,90
11.01,16480,15733,349,65
11.02,16543,15733,349,63
11.03,16661,15763,349,118
11.04,16698,15819,349,37
11.05,16698,15819,349,0
11.06,16819,15862,349,121
11.07,16908,15873,349,89
11.08,16954,15950,349,46
11.09,16971,16011,349,17
11.10,16971,16011,349,0
11.11,16997,16019,350,26
11.12,17056,16102,350,59
11.13,17093,16134,350,37
11.14,17093,16134,350,0
11.15,17123,16137,353,30
11.16,17187,16400,353,64
11.17,17187,16400,353,0
11.18,17280,16495,356,93
11.19,17350,16591,356,70
11.20,17373,16606,356,23
11.21,17394,16659,356,21
11.22,17424,16701,357,30
11.23,17454,16701,357,30
11.24,17466,16707,357,12
11.25,17466,16707,357,0
11.26,17535,16755,357,69
11.27,17569,16845,357,34
11.28,17589,16925,357,20
11.29,17608,16983,357,19
11.30,17647,16998,357,39
12.01,17665,17059,357,18
12.02,17700,17086,357,35
12.03,17730,17102,357,30
12.04,17730,17102,357,0
12.05,17857,17145,364,127
12.06,17916,17173,364,59
12.07,17931,17211,364,15
12.08,17963,17268,364,32
12.09,17963,17268,364,0
12.10,18091,17307,364,128
12.11,18161,17329,365,70
12.12,18217,17339,366,56
12.13,18274,17388,367,57
12.14,18322,17409,367,48
12.15,18322,17409,367,0
12.16,18428,17487,368,106
12.17,18504,17680,369,76
12.18,18575,17729,373,71
12.19,18575,17729,373,0
12.20,18716,17762,373,141
12.21,18768,17818,375,52
12.22,18881,17890,379,113
12.23,18881,17890,379,0
12.24,19234,18036,381,353
12.25,19571,18127,381,337
12.26,19571,18127,381,0
12.27,19834,18210,383,263
12.28,19943,18296,384,109
12.29,20177,18380,385,234
12.30,20462,18530,386,285
12.31,20725,18660,388,263
01.01,20997,18773,390,272
01.02,21230,18942,392,233
01.03,21582,19083,394,352
01.04,21993,19229,398,411
01.05,22645,19526,412,652
01.06,23495,19672,417,850
01.07,24297,19980,423,802
01.08,25326,20349,441,1029
01.09,25326,20349,441,0
01.10,26567,20512,464,1241
01.11,28596,20781,471,2029
01.12,29757,21074,495,1161
01.13,31100,21568,509,1343
01.14,32800,22504,514,1700
01.15,34278,24105,527,1478
01.16,36074,25106,537,1796
01.17,37605,26159,546,1531
01.18,38207,27327,559,602
01.19,39515,28066,578,1308
01.20,39515,28066,578,0
01.21,42213,31522,597,2698
01.22,42213,31522,597,0
01.23,44592,34293,627,2379
01.24,45337,35960,639,745
01.25,46146,38639,660,809
01.26,47622,40362,672,1476
01.27,48911,41282,688,1289
01.28,48911,41282,688,0
01.29,51624,44133,728,2713
01.30,53352,45443,745,1728
01.31,54217,48000,763,865
02.01,55042,49394,780,825
02.02,56233,49696,794,1191
02.03,57489,50479,804,1256
02.04,59003,51305,812,1514
02.05,60427,52045,828,1424
02.06,61427,53410,839,1000
02.07,62633,54835,853,1206
02.08,63573,56329,869,940
02.09,64610,58319,881,1037
02.10,65573,58875,901,963
02.11,66598,59989,914,1025
02.12,67681,61302,931,1083
02.13,68454,62575,940,773
02.14,69437,62870,951,983
02.15,70248,63262,959,811
02.16,70823,63609,974,575
02.17,71677,64040,983,854
02.18,72467,65051,991,790
02.19,73203,66013,1002,736
02.20,73894,66943,1016,691
02.21,74503,67944,1020,609
02.22,75027,68928,1031,524
02.23,75582,69436,1040,555
02.24,76484,69803,1051,902
02.25,77171,70800,1059,687
02.26,77639,72635,1066,468
02.27,78202,73609,1081,563
02.28,78534,74498,1091,332
03.01,79002,75087,1098,468
03.02,79557,75563,1104,555
03.03,80090,76299,1108,533
03.04,80687,76498,1109,597
03.05,81341,77081,1113,654
03.06,82011,77609,1116,670
03.07,82421,77943,1124,410
03.08,82421,77943,1124,0
03.09,82655,78721,1132,234
03.10,83333,79556,1140,678
03.11,83333,79556,1140,0
03.12,83913,80027,1148,580
03.13,84474,80599,1153,561
03.14,84474,81756,1158,0
03.15,84950,82375,1164,476
03.16,85240,82432,1167,290
03.17,85502,82457,1170,262
03.18,85889,82527,1175,387
03.19,85889,82527,1175,0
03.20,86059,82714,1178,170
03.21,86449,83258,1179,390
03.22,86535,83319,1182,86
03.23,86779,83478,1185,244
03.24,86993,83617,1187,214
03.25,86993,83617,1187,0
03.26,87318,84018,1194,325
03.27,87583,84264,1198,265
03.28,87872,84347,1200,289
03.29,87872,84347,1200,0
03.30,87872,84347,1200,0
03.31,88418,84592,1208,546
04.01,88418,84592,1208,0
04.02,88730,84825,1215,312
04.03,88730,84825,1215,0
04.04,88800,85017,1215,70
04.05,89009,85178,1222,209
04.06,89071,85338,1224,62
04.07,89386,85409,1224,315
04.08,89592,85446,1225,206
04.09,89783,85559,1226,191
04.10,89783,85559,1226,0
04.11,90029,88018,1226,246
04.12,90064,88077,1227,35
04.13,90064,88077,1227,0
04.14,90389,88241,1229,325
04.15,90532,88283,1230,143
04.16,90750,88414,1233,218
04.17,90844,88555,1234,94
04.18,90918,88718,1235,74
04.19,90942,88860,1236,24
04.20,90942,88860,1236,0
04.21,91119,88956,1238,177
04.22,91189,89117,1240,70
04.23,91189,89117,1240,0
04.24,91317,89403,1245,128
04.25,91358,89574,1246,41
04.26,91378,89678,1248,20
04.27,91378,89678,1248,0
04.28,91484,89743,1249,106
04.29,91533,89852,1250,49
04.30,91533,89852,1250,0
05.01,91586,89933,1251,53
05.02,91693,90082,1253,107
05.03,91722,90130,1253,29
05.04,91722,90130,1253,0
05.05,91804,90166,1254,82
05.06,91946,90264,1256,142
05.07,91946,90264,1256,0
05.08,92057,90363,1257,111
05.09,92057,90363,1257,0
05.10,92112,90501,1257,55
05.11,92112,90501,1257,0
05.12,92152,90539,1258,40
05.13,92211,90574,1259,59
05.14,92262,90635,1260,51
05.15,92409,90777,1260,147
05.16,92409,90777,1260,0
05.17,92460,90862,1261,51
05.18,92460,90862,1261,0
05.19,92520,90892,1263,60
05.20,92754,90955,1265,234
05.21,92920,91019,1266,166
05.22,93106,91102,1267,186
05.23,93106,91102,1267,0
05.24,93201,91156,1268,95
05.25,93428,91221,1271,227
05.26,93627,91239,1273,199
05.27,93627,91239,1273,0
05.28,94430,91443,1275,803
05.29,94430,91443,1275,0
05.30,95050,91752,1278,620
05.31,95263,91956,1281,213
06.01,95821,92039,1282,558
06.02,96563,92108,1284,742
06.03,96563,92108,1284,0
06.04,97388,92320,1288,825
06.05,99540,93036,1303,2152
06.06,100278,93374,1308,738
06.07,100278,93374,1308,0
06.08,101996,93992,1321,1718
06.09,103763,94189,1324,1767
06.10,103763,94189,1324,0
06.11,107974,95674,1348,4211
06.12,110332,96646,1365,2358
06.13,111746,97756,1389,1414
06.14,113134,98994,1416,1388
06.15,115824,99895,1444,2690
06.16,115824,99895,1444,0
06.17,122244,101885,1525,6420
06.18,125157,103884,1554,2913
06.19,126973,105960,1595,1816
06.20,129033,108960,1644,2060
06.21,130631,110450,1691,1598
06.22,133659,111844,1744,3028
06.23,137026,113109,1794,3367
06.24,140620,115898,1855,3594
06.25,143215,119411,1915,2595
06.26,146031,121965,1967,2816
06.27,148568,124582,2022,2537
06.28,148568,124582,2022,0
06.29,152056,128312,2138,3488
06.30,152056,128312,2138,0
07.01,157832,134419,2271,5776
07.02,157832,134419,2271,0
