,confirm,heal,dead,confirm_add
2020.01.30,1,0,0,0
2020.01.31,1,0,0,0
2020.02.01,1,0,0,0
2020.02.02,2,0,0,1
2020.02.03,3,0,0,1
2020.02.04,3,0,0,0
2020.02.05,3,0,0,0
2020.02.06,3,0,0,0
2020.02.07,3,0,0,0
2020.02.08,3,0,0,0
2020.02.09,3,0,0,0
2020.02.10,3,0,0,0
2020.02.11,3,0,0,0
2020.02.12,3,0,0,0
2020.02.13,3,0,0,0
2020.02.14,3,0,0,0
2020.02.15,3,0,0,0
2020.02.16,3,0,0,0
2020.02.17,3,0,0,0
2020.02.18,3,3,0,0
2020.02.19,3,3,0,0
2020.02.20,3,3,0,0
2020.02.21,3,3,0,0
2020.02.22,3,3,0,0
2020.02.23,3,3,0,0
2020.02.24,3,3,0,0
2020.02.25,3,3,0,0
2020.02.26,3,3,0,0
2020.02.27,3,3,0,0
2020.02.28,3,3,0,0
2020.03.01,3,3,0,0
2020.03.02,5,3,0,2
2020.03.03,11,3,0,6
2020.03.04,28,3,0,17
2020.03.05,30,3,0,2
2020.03.06,31,3,0,1
2020.03.07,33,3,0,3
2020.03.08,40,3,0,6
2020.03.09,43,3,0,3
2020.03.10,59,4,0,16
2020.03.11,62,4,0,3
2020.03.12,74,4,0,11
2020.03.13,81,4,1,7
2020.03.14,84,10,2,1
2020.03.15,107,10,2,23
2020.03.16,117,13,2,10
2020.03.17,137,13,3,20
2020.03.18,151,13,3,14
2020.03.19,173,13,4,22
2020.03.20,223,20,5,40
2020.03.21,283,23,5,60
2020.03.22,341,23,6,58
2020.03.23,425,24,8,84
2020.03.24,519,40,9,94
2020.03.25,606,42,10,87
2020.03.26,649,42,13,43
2020.03.27,694,44,16,45
2020.03.28,918,80,20,224
2020.03.29,1024,95,27,106
2020.03.30,1071,99,29,71
2020.03.31,1251,102,32,180
2020.04.01,1637,148,45,386
2020.04.02,2032,150,58,395
2020.04.03,2567,192,72,535
2020.04.04,3082,229,86,515
2020.04.05,3588,229,99,506
2020.04.06,4314,328,118,726
2020.04.07,4911,382,137,597
2020.04.08,5480,468,164,569
2020.04.09,6237,569,186,757
2020.04.10,6725,641,229,488
2020.04.11,7997,774,249,1272
2020.04.12,8504,972,289,507
2020.04.13,9240,1096,331,736
2020.04.14,10541,1205,358,1301
2020.04.15,11555,1362,396,1014
2020.04.16,12759,1514,423,1204
2020.04.17,13835,1777,452,1076
2020.04.18,14792,2045,488,957
2020.04.19,16402,2601,538,1610
2020.04.20,17615,2854,559,1213
2020.04.21,18985,3273,603,1370
2020.04.22,20471,3976,652,1486
2020.04.23,21797,4376,686,1326
2020.04.24,23502,5012,722,1705
2020.04.25,24942,5498,780,1440
2020.04.26,26917,5939,826,1975
2020.04.27,28380,6523,886,1463
2020.04.28,29451,7137,939,1071
2020.04.29,31787,7796,1008,2336
2020.04.30,33610,8437,1079,1823
2020.05.01,35043,9068,1154,1433
2020.05.02,37336,10007,1223,2293
2020.05.03,39699,10819,1323,2363
2020.05.04,42836,11782,1395,3137
2020.05.05,46476,12849,1571,3640
2020.05.06,49852,14367,1704,3376
2020.05.07,53045,15331,1787,3193
2020.05.08,57306,17041,1899,4261
2020.05.09,61356,18672,2041,4050
2020.05.10,65021,19665,2153,3665
2020.05.11,69149,21664,2249,4128
2020.05.12,72593,23203,2331,3444
2020.05.13,77729,25977,2535,5136
2020.05.14,79333,26675,2564,1604
2020.05.15,83072,28792,2662,3739
2020.05.16,88506,30786,2760,5434
2020.05.17,92239,35603,2911,3733
2020.05.18,97577,36824,3041,5338
2020.05.19,102335,39674,3169,4758
2020.05.20,107819,43070,3317,5484
2020.05.21,113461,46002,3457,5642
2020.05.22,119574,49026,3600,6113
2020.05.23,130506,53947,3850,10932
2020.05.24,133725,54865,3909,3219
2020.05.25,144069,58727,4117,10344
2020.05.26,147144,61923,4197,3075
2020.05.27,154820,65944,4406,7676
2020.05.28,163120,69534,4653,8300
2020.05.29,169011,72543,4820,5891
2020.05.30,175957,83878,4996,6946
2020.05.31,188989,90056,5358,13032
2020.06.01,194700,93343,5495,5711
2020.06.02,201997,96788,5638,7297
2020.06.03,207191,100285,5829,5194
2020.06.04,221222,106071,6186,14031
2020.06.05,233576,112189,6440,12354
2020.06.06,239644,114073,6672,6068
2020.06.07,254242,122738,7117,14598
2020.06.08,260093,125641,7263,5851
2020.06.09,270876,131380,7554,10783
2020.06.10,276583,135206,7745,5707
2020.06.11,286577,141029,8102,9994
2020.06.12,297535,147195,8498,10958
2020.06.13,308916,154303,8884,11381
2020.06.14,320922,162379,9195,12006
2020.06.15,332424,169798,9520,11502
2020.06.16,343091,180013,9900,10667
2020.06.17,354065,186935,11903,10974
2020.06.18,366946,194325,12237,12881
2020.06.19,380532,204711,12573,13586
2020.06.20,395048,213831,12948,14516
2020.06.21,410451,227728,13254,15403
2020.06.22,425282,237196,13699,14831
2020.06.23,440215,248190,14011,14933
2020.06.24,456183,258685,14476,15968
2020.06.25,473105,271697,14894,16922
2020.06.26,490401,285637,15301,17296
2020.06.27,508953,295881,15685,18552
2020.06.28,528859,309713,16095,19906
2020.06.29,548318,321723,16475,19459
2020.06.30,566840,334822,16893,18522
2020.07.01,585481,347912,17400,18641
2020.07.02,604641,359860,17834,19160
2020.07.03,625544,379892,18213,20903
2020.07.04,648315,394227,18655,22771
2020.07.05,673165,409083,19268,24850
2020.07.06,697413,424433,19693,24248
2020.07.07,719664,439934,20159,22251
2020.07.08,742417,456831,20642,22753
2020.07.09,767296,476378,21129,24879
2020.07.10,793802,495516,21604,26506
2020.07.11,820916,515386,22123,27114
2020.07.12,849553,534621,22674,28637
2020.07.13,878254,553471,23174,28701
2020.07.14,906752,571460,23727,28498
2020.07.15,936181,592032,24309,29429
2020.07.16,968876,612815,24915,32695
2020.07.17,1003832,635757,25602,34956
2020.07.18,1038716,653751,26273,34884
2020.07.19,1077781,677423,26816,39065
2020.07.20,1118206,700087,27497,40425
2020.07.21,1155354,724578,28084,37148
2020.07.22,1193078,753050,28732,37724
2020.07.23,1238798,782607,29861,45720
2020.07.24,1288108,817209,30601,49310
2020.07.25,1337024,849432,31358,48916
2020.07.26,1385685,885577,32063,48661
2020.07.27,1435616,917568,32771,49931
2020.07.28,1480073,951166,33408,44457
2020.07.29,1531669,988029,34193,51596
2020.07.30,1582028,1019740,34956,50359
2020.07.31,1638827,1057805,35745,56799
2020.08.01,1695988,1094374,36511,57161
2020.08.02,1750723,1145629,37364,54735
2020.08.03,1803695,1186203,38135,52972
2020.08.04,1855745,1230509,38938,52050
2020.08.05,1908254,1282215,39795,52509
2020.08.06,1964536,1328336,40699,56282
2020.08.07,2027074,1378105,41585,62538
2020.08.08,2088611,1427005,42518,61537
2020.08.09,2153010,1480884,43379,64399
2020.08.10,2215074,1535743,44386,62064
2020.08.11,2268675,1583489,45257,53601
2020.08.12,2329638,1639599,46091,60963
2020.08.13,2396637,1695982,47033,66999
2020.08.14,2461190,1751555,48040,64553
2020.08.15,2525922,1808936,49036,64732
2020.08.16,2589682,1862258,49980,63760
2020.08.17,2647663,1919842,50921,57981
2020.08.18,2702742,1977779,51797,55079
2020.08.19,2767273,2037870,52889,64531
2020.08.20,2836925,2096664,53866,69652
2020.08.21,2905825,2158946,54849,68900
2020.08.22,2975701,2222577,55794,69876
2020.08.23,3044940,2280566,56706,69239
2020.08.24,3106348,2338035,57542,61408
2020.08.25,3167323,2404585,58390,60975
2020.08.26,3234474,2467758,59449,67151
2020.08.27,3310234,2523771,60472,75760
2020.08.28,3387500,2583948,61529,77266
2020.08.29,3463972,2648998,62550,76472
2020.08.30,3542733,2713933,63498,78761
2020.08.31,3621245,2774801,64469,78512
2020.09.01,3691166,2839882,65288,69921
2020.09.02,3769523,2901908,66333,78357
2020.09.03,3853406,2970492,67376,83883
2020.09.04,3936747,3037151,68472,83341
2020.09.05,4023179,3107223,69561,86432
2020.09.06,4113811,3180865,70626,90632
2020.09.07,4204613,3250429,71642,90802
2020.09.08,4280422,3323950,72775,75809
2020.09.09,4370128,3398844,73890,89706
2020.09.10,4465863,3471783,75062,95735
2020.09.11,4562414,3542663,76271,96551
2020.09.12,4659984,3624196,77472,97570
2020.09.13,4754356,3702595,78586,94372
2020.09.14,4846427,3780107,79722,92071
2020.09.15,4930236,3859399,80776,83809
2020.09.16,5020359,3942360,82066,90123
2020.09.17,5118253,4025079,83198,97894
2020.09.18,5214677,4112551,84372,96424
2020.09.19,5308014,4208431,85619,93337
2020.09.20,5400619,4303043,86752,92605
2020.09.21,5487580,4396399,87882,86961
2020.09.22,5562663,4497867,88935,75083
2020.09.23,5646010,4587613,90020,83347
2020.09.24,5732518,4674987,91149,86508
2020.09.25,5818570,4756164,92290,86052
2020.09.26,5903932,4849584,93379,85362
2020.09.27,5992532,4941627,94503,88600
2020.09.28,6074702,5016520,95542,82170
2020.09.29,6145291,5101397,96318,70589
2020.09.30,6225763,5187825,97497,80472
2020.10.01,6312584,5273201,98678,86821
2020.10.02,6394068,5352078,99773,81484
2020.10.03,6473544,5427706,100842,79476
2020.10.04,6549373,5509966,101782,75829
2020.10.05,6623815,5586703,102685,74442
2020.10.06,6685082,5662490,103569,61267
2020.10.07,6757131,5744693,104555,72049
2020.10.08,6835655,5827704,105526,78524
2020.10.09,6906151,5906069,106490,70496
2020.10.10,6979423,5988822,107416,73272
2020.10.11,7053806,6077976,108334,74383
2020.10.12,7120538,6149535,109150,66732
2020.10.13,7175880,6227295,109856,55342
2020.10.14,7239389,6301927,110586,63509
2020.10.15,7307097,6383441,111266,67708
2020.10.16,7370468,6453779,112161,63371
2020.10.17,7432680,6524595,112998,62212
2020.10.18,7494551,6597209,114031,61871
2020.10.19,7550273,6663608,114610,55722
2020.10.20,7597063,6733328,115197,46790
2020.10.21,7651107,6795103,115914,54044
2020.10.22,7706946,6874518,116616,55839
2020.10.23,7761312,6948497,117306,54366
2020.10.24,7814682,7016046,117956,53370
2020.10.25,7864811,7078123,118534,50129
2020.10.26,7909959,7137228,119014,45148
2020.10.27,7946429,7201070,119502,36470
2020.10.28,7990322,7259509,120010,43893
2020.10.29,8040203,7315989,120527,49881
2020.10.30,8088851,7373375,121090,48648
2020.10.31,8137119,7432829,121641,48268
2020.11.01,8184082,7491513,122111,46963
2020.11.02,8229313,7544798,122607,45231
2020.11.03,8267623,7603121,123097,38310
2020.11.04,8313876,7656478,123611,46253
2020.11.05,8364086,7711809,124315,50210
2020.11.06,8411724,7765966,124985,47638
2020.11.07,8462080,7819886,125562,50356
2020.11.08,8507754,7868968,126121,45674
2020.11.09,8553657,7917373,126611,45903
2020.11.10,8591730,7959406,127059,38073
2020.11.11,8635754,8011844,127615,44024
2020.11.12,8683916,8066501,128121,48162
2020.11.13,8728795,8115580,128668,44879
2020.11.14,8773479,8163572,129188,44684
2020.11.15,8814579,8205728,129635,41100
2020.11.16,8845127,8249579,130070,30548
2020.11.17,8874290,8290370,130519,29163
2020.11.18,8912907,8335109,130993,38617
2020.11.19,8958483,8383602,131578,45576
2020.11.20,9004365,8428409,132162,45882
2020.11.21,9050597,8478124,132726,46232
2020.11.22,9095806,8521617,133227,45209
2020.11.23,9139865,8562641,133738,44059
2020.11.24,9177840,8604955,134218,37975
2020.11.25,9222216,8642771,134699,44376
2020.11.26,9266705,8679138,135223,44489
2020.11.27,9309787,8718517,135715,43082
2020.11.28,9351109,8759969,136200,41322
2020.11.29,9392919,8802267,136696,41810
2020.11.30,9431691,8847600,137139,38772
2020.12.01,9462809,8889585,137621,31118
2020.12.02,9499413,8932647,138122,36604
2020.12.03,9534964,8973373,138648,35551
2020.12.04,9571559,9016289,139188,36595
2020.12.05,9608211,9058822,139700,36652
2020.12.06,9644222,9100792,140182,36011
2020.12.07,9677203,9139901,140573,32981
2020.12.08,9703770,9178946,140958,26567
2020.12.09,9735850,9215581,141360,32080
2020.12.10,9767371,9253306,141772,31521
2020.12.11,9796769,9290834,142186,29398
2020.12.12,9826775,9324328,142628,30006
2020.12.13,9857029,9357464,143019,30254
2020.12.14,9884100,9388159,143355,27071
2020.12.15,9906165,9422636,143709,22065
2020.12.16,9932547,9456449,144096,26382
2020.12.17,9956557,9489740,144451,24010
2020.12.18,9979447,9520827,144789,22890
2020.12.19,10004599,9550712,145136,25152
2020.12.20,10031223,9580402,145477,26624
2020.12.21,10055560,9606111,145810,24337
2020.12.22,10075116,9636487,146111,19556
2020.12.23,10099066,9663382,146444,23950
2020.12.24,10123778,9693173,146756,24712
2020.12.25,10146845,9717834,147092,23067
2020.12.26,10169118,9740108,147343,22273
2020.12.27,10187850,9761538,147622,18732
2020.12.28,10207871,9782669,147901,20021
2020.12.29,10224303,9807569,148153,16432
2020.12.30,10244852,9834141,148439,20549
2020.12.31,10266674,9860280,148738,21822
2021.01.01,10286709,9883461,148994,20035
2021.01.02,10305788,9906387,149218,19079
2021.01.03,10323965,9927310,149435,18177
2021.01.04,10340469,9946867,149649,16504
2021.01.05,10356844,9975958,149850,16375
2021.01.06,10374932,9997272,150114,18088
2021.01.07,10395278,10016859,150336,20346
2021.01.08,10413417,10037398,150570,18139
2021.01.09,10431639,10056651,150798,18222
2021.01.10,10450284,10075950,150999,18645
2021.01.11,10466595,10092909,151160,16311
2021.01.12,10479179,10111294,151327,12584
2021.01.13,10495147,10129111,151529,15968
2021.01.14,10512093,10146763,151727,16946
2021.01.15,10527683,10162738,151918,15590
2021.01.16,10542841,10179715,152093,15158
2021.01.17,10557985,10196885,152274,15144
2021.01.18,10571773,10211342,152419,13788
2021.01.19,10581823,10228753,152556,10050
2021.01.20,10595660,10245741,152718,13837
2021.01.21,10610883,10265706,152869,15223
2021.01.22,10625428,10283708,153032,14545
2021.01.23,10639684,10300838,153184,14256
2021.01.24,10654533,10316786,153339,14849
2021.01.25,10667736,10330084,153470,13203
2021.01.26,10676838,10345985,153587,9102
2021.01.27,10689527,10359305,153724,12689
2021.01.28,10701193,10373606,153847,11666
2021.01.29,10720048,10394352,154010,18855
2021.01.30,10733130,10409146,154147,13082
2021.01.31,10746174,10423109,154274,13044
2021.02.01,10757610,10434983,154392,11436
2021.02.02,10766245,10448406,154486,8635
2021.02.03,10777284,10462631,154596,11039
2021.02.04,10790183,10480455,154703,12899
2021.02.05,10802591,10496308,154823,12408
2021.02.06,10814304,10510796,154918,11713
2021.02.07,10826363,10522601,154996,12059
2021.02.08,10838194,10534505,155080,11831
2021.02.09,10847304,10548521,155158,9110
2021.02.10,10858371,10561608,155252,11067
2021.02.11,10871294,10573372,155360,12923
2021.02.12,10880603,10589230,155447,9309
2021.02.13,10892746,10600625,155550,12143
2021.02.14,10904940,10611731,155642,12194
2021.02.15,10916589,10621220,155732,11649
2021.02.16,10925710,10633025,155813,9121
2021.02.17,10937320,10644858,155913,11610
2021.02.18,10950201,10656845,156014,12881
2021.02.19,10963394,10667741,156111,13193
2021.02.20,10977387,10678048,156212,13993
2021.02.21,10991651,10689715,156302,14264
2021.02.22,11005850,10699410,156385,14199
2021.02.23,11016434,10712665,156463,10584
2021.02.24,11030176,10726702,156567,13742
2021.02.25,11046914,10738501,156705,16738
2021.02.26,11063491,10750680,156825,16577
2021.02.27,11079979,10763451,156938,16488
2021.02.28,11096731,10775169,157051,16752
2021.03.01,11112241,10786452,157157,15510
2021.03.02,11124527,10798921,157248,12286
2021.03.03,11139516,10812044,157346,14989
2021.03.04,11156923,10826075,157435,17407
2021.03.05,11173761,10839894,157548,16838
2021.03.06,11192045,10854126,157656,18284
2021.03.07,11210799,10868520,157756,18754
2021.03.08,11229398,10882798,157853,18599
2021.03.09,11244786,10899394,157930,15388
2021.03.10,11262707,10920046,158063,17921
2021.03.11,11285561,10938146,158189,22854
2021.03.12,11308846,10953303,158306,23285
2021.03.13,11333728,10973260,158446,24882
2021.03.14,11359048,10989897,158607,25320
2021.03.15,11385339,11007352,158725,26291
2021.03.16,11409831,11027543,158856,24492
2021.03.17,11438734,11045284,159044,28903
2021.03.18,11474605,11063025,159216,35871
2021.03.19,11514331,11083679,159370,39726
2021.03.20,11555284,11107332,159558,40953
2021.03.21,11599130,11130288,159755,43846
2021.03.22,11646081,11151468,159967,46951
2021.03.23,11686796,11181253,160166,40715
2021.03.24,11734058,11205160,160441,47262
2021.03.25,11787534,11231650,160692,53476
2021.03.26,11846652,11264637,160949,59118
2021.03.27,11908910,11295023,161240,62258
2021.03.28,11971624,11323762,161552,62714
2021.03.29,12039644,11355993,161843,68020
2021.03.30,12095855,11393021,162114,56211
2021.03.31,12149335,11434301,162468,53480
2021.04.01,12221665,11474683,162927,72330
2021.04.02,12303131,11525039,163396,81466
2021.04.03,12392260,11569241,164110,89129
2021.04.04,12485509,11629289,164623,93249
2021.04.05,12589067,11682136,165101,103558
2021.04.06,12686049,11732279,165547,96982
2021.04.07,12801785,11792135,166177,115736
2021.04.08,12928574,11851393,166862,126789
2021.04.09,13060542,11913292,167642,131968
2021.04.10,13205926,11990859,168436,145384
2021.04.11,13358805,12081443,169275,152879
2021.04.12,13527717,12156529,170179,168912
2021.04.13,13689453,12253697,171058,161736
2021.04.14,13873825,12336036,172085,184372
2021.04.15,14074564,12429564,173123,200739
2021.04.16,14291917,12547866,174308,217353
2021.04.17,14526609,12671220,175649,234692
2021.04.18,14788109,12809643,177150,261500
2021.04.19,15061919,12953821,178769,273810
2021.04.20,15321089,13108582,180530,259170
2021.04.21,15616130,13276039,182553,295041
2021.04.22,15930774,13454880,184657,314644
