,confirm,heal,dead,confirm_add
2020.02.26,1,0,0,1
2020.02.27,1,0,0,0
2020.02.28,1,0,0,0
2020.03.01,2,0,0,1
2020.03.02,2,0,0,0
2020.03.03,2,0,0,0
2020.03.04,2,0,0,0
2020.03.05,3,0,0,1
2020.03.06,8,0,0,5
2020.03.07,13,0,0,5
2020.03.08,19,0,0,6
2020.03.09,25,0,0,6
2020.03.10,30,0,0,5
2020.03.11,34,0,0,4
2020.03.12,52,0,0,18
2020.03.13,77,0,0,25
2020.03.14,98,0,0,21
2020.03.15,121,0,0,23
2020.03.16,200,0,0,79
2020.03.17,234,0,1,34
2020.03.18,291,0,1,57
2020.03.19,514,0,4,223
2020.03.20,647,0,4,133
2020.03.21,970,2,11,323
2020.03.22,1128,2,18,158
2020.03.23,1546,2,25,418
2020.03.24,1891,2,34,345
2020.03.25,2201,2,46,310
2020.03.26,2433,2,57,232
2020.03.27,2915,2,77,482
2020.03.28,3477,6,93,562
2020.03.29,3904,6,117,487
2020.03.30,4256,6,136,352
2020.03.31,4681,127,167,425
2020.04.01,5861,127,203,1180
2020.04.02,7011,127,250,1150
2020.04.03,8165,127,332,1154
2020.04.04,9216,127,365,1051
2020.04.05,10431,127,446,1215
2020.04.06,11298,127,489,867
2020.04.07,12341,127,581,1043
2020.04.08,14152,127,699,1811
2020.04.09,16238,173,823,2086
2020.04.10,18176,173,957,1938
2020.04.11,19943,173,1074,1767
2020.04.12,21042,173,1144,1099
2020.04.13,22625,173,1245,1583
2020.04.14,23955,2979,1361,1330
2020.04.15,25758,14026,1557,1803
2020.04.16,29015,14026,1760,3257
2020.04.17,30891,14026,1952,1876
2020.04.18,34485,14026,2181,3594
2020.04.19,36925,14026,2372,2440
2020.04.20,39144,22130,2484,2219
2020.04.21,40814,22991,2588,1670
2020.04.22,43592,24325,2769,2778
2020.04.23,46348,25318,2934,2756
2020.04.24,50512,26573,3365,4164
2020.04.25,54043,27655,3704,3531
2020.04.26,59479,29160,4062,5436
2020.04.27,63328,30152,4298,3849
2020.04.28,67446,31142,4603,4118
2020.04.29,73235,32544,5083,5789
2020.04.30,80246,34132,5541,7011
2020.05.01,87187,35935,6006,6941
2020.05.02,92630,38039,6434,5443
2020.05.03,96559,40937,6750,3929
2020.05.04,101826,42991,7051,5267
2020.05.05,108620,45815,7367,6794
2020.05.06,116299,48221,7966,7679
2020.05.07,127389,51370,8605,11090
2020.05.08,137309,55350,9307,9920
2020.05.09,147003,59297,10037,9694
2020.05.10,156604,61685,10697,9601
2020.05.11,163510,64957,11207,6906
2020.05.12,170021,67384,11701,6511
2020.05.13,179457,72597,12531,9436
2020.05.14,192081,78424,13276,12624
2020.05.15,206507,79479,14131,14426
2020.05.16,220291,84970,14962,13784
2020.05.17,233511,89672,15662,13220
2020.05.18,244052,94122,16201,10541
2020.05.19,257396,100459,16941,13344
2020.05.20,271885,106794,17983,14489
2020.05.21,291579,116683,18859,19694
2020.05.22,310087,125960,20047,18508
2020.05.23,330890,135430,21048,20803
2020.05.24,347398,142587,22013,16508
2020.05.25,363211,149911,22666,15813
2020.05.26,374898,153833,23473,11687
2020.05.27,391222,158593,24512,16324
2020.05.28,411821,166647,25598,20599
2020.05.29,438238,177604,26754,26417
2020.05.30,465166,189476,27878,26928
2020.05.31,498440,200892,28834,33274
2020.06.01,514849,206555,29314,16409
2020.06.02,526447,211080,29937,11598
2020.06.03,555383,223638,31199,28936
2020.06.04,584016,238617,32548,28633
2020.06.05,614941,254963,34021,30925
2020.06.06,646006,254963,34021,31065
2020.06.07,673587,277149,35930,27581
2020.06.08,691758,283952,36455,18171
2020.06.09,707412,378257,37134,15654
2020.06.10,739503,396737,38406,32091
2020.06.11,772416,413916,39680,32913
2020.06.12,802828,431071,40919,30412
2020.06.13,828810,445123,41828,25982
2020.06.14,850514,459436,42720,21704
2020.06.15,867624,469141,43332,17110
2020.06.16,888271,477709,43959,20647
2020.06.17,923189,490005,45241,34918
2020.06.18,955377,521046,46510,32188
2020.06.19,978142,534580,47748,22765
2020.06.20,1032913,556126,48954,54771
2020.06.21,1032913,576779,49976,0
2020.06.22,1083341,588338,50591,50428
2020.06.23,1106470,601741,51271,23129
2020.06.24,1145906,628326,52645,39436
2020.06.25,1188631,660469,53830,42725
2020.06.26,1228114,679524,54971,39483
2020.06.27,1274974,702399,55961,46860
2020.06.28,1313667,727715,57070,38693
2020.06.29,1344143,746018,57622,30476
2020.06.30,1368195,757811,58314,24052
2020.07.01,1402041,788318,59594,33846
2020.07.02,1448753,817642,60632,46712
2020.07.03,1496858,957692,61884,48105
2020.07.04,1539081,984615,61884,42223
2020.07.05,1577004,1013951,64265,37923
2020.07.06,1603055,1038259,64867,26051
2020.07.07,1623284,1062542,65487,20229
2020.07.08,1668589,1107012,66741,45305
2020.07.09,1713160,1140655,67964,44571
2020.07.10,1755779,1175420,69184,42619
2020.07.11,1800827,1217361,70398,45048
2020.07.12,1839850,1244088,71469,39023
2020.07.13,1864681,1264843,72100,24831
2020.07.14,1884967,1291251,72833,20286
2020.07.15,1926824,1328535,74133,41857
2020.07.16,1966748,1367648,75366,39924
2020.07.17,2012151,1397531,76688,45403
2020.07.18,2046328,1428733,77851,34177
2020.07.19,2074860,1447408,78772,28532
2020.07.20,2098389,1489635,79488,23529
2020.07.21,2118646,1521443,80120,20257
2020.07.22,2159654,1563382,81487,41008
2020.07.23,2227514,1620313,82771,67860
2020.07.24,2287475,1664391,84082,59961
2020.07.25,2287475,1751922,85238,0
2020.07.26,2394513,1785359,86449,107038
2020.07.27,2419091,1812913,87004,24578
2020.07.28,2442375,1848324,87618,23284
2020.07.29,2483191,1885035,88539,40816
2020.07.30,2552265,1930579,90134,69074
2020.07.31,2610102,1964853,91263,57837
2020.08.01,2662485,2008854,92475,52383
2020.08.02,2707877,2046101,93563,45392
2020.08.03,2733677,2062876,94104,25800
2020.08.04,2750318,2098976,94665,16641
2020.08.05,2801921,2157553,95819,51603
2020.08.06,2859073,2190361,97256,57152
2020.08.07,2912212,2250192,98493,53139
2020.08.08,2962442,2281074,99572,50230
2020.08.09,3012412,2321537,100477,49970
2020.08.10,3035422,2356983,101049,23010
2020.08.11,3057470,2390830,101752,22048
2020.08.12,3109630,2450664,103026,52160
2020.08.13,3164785,2506448,104201,55155
2020.08.14,3224876,2529245,105463,60091
2020.08.15,3275520,2587612,106523,50644
2020.08.16,3317096,2622878,107232,41576
2020.08.17,3340197,2661233,107852,23101
2020.08.18,3359570,2699080,108536,19373
2020.08.19,3407354,2751246,109888,47784
2020.08.20,3456652,2801931,111100,49298
2020.08.21,3501975,2844318,112304,45323
2020.08.22,3532330,2879361,113358,30355
2020.08.23,3582362,2919647,114250,50032
2020.08.24,3605783,2948815,114744,23421
2020.08.25,3622861,2987729,115309,17078
2020.08.26,3669995,3032551,116580,47134
2020.08.27,3717156,3082447,117665,47161
2020.08.28,3761391,3124465,118649,44235
2020.08.29,3804803,3158783,119504,43412
2020.08.30,3846153,3202185,120462,41350
2020.08.31,3862311,3237615,120828,16158
2020.09.01,3908272,3268591,121381,45961
2020.09.02,3950931,3353637,122596,42659
2020.09.03,3997865,3393078,123780,46934
2020.09.04,4041638,3429435,124614,43773
2020.09.05,4091801,3467525,125502,50163
2020.09.06,4123000,3498999,126203,31199
2020.09.07,4137521,3522155,126650,14521
2020.09.08,4147794,3549201,126960,10273
2020.09.09,4162073,3572421,127464,14279
2020.09.10,4197889,3611632,128539,35816
2020.09.11,4238446,3657701,129522,40557
2020.09.12,4282164,3695158,130396,43718
2020.09.13,4315687,3723206,131210,33523
2020.09.14,4330455,3723206,131625,14768
2020.09.15,4345610,3770138,132006,15155
2020.09.16,4382263,3811505,133119,36653
2020.09.17,4419083,3845464,134106,36820
2020.09.18,4455386,3873934,134935,36303
2020.09.19,4495183,3897539,135793,39797
2020.09.20,4528240,3937914,136532,33057
2020.09.21,4544629,3963446,136895,16389
2020.09.22,4558040,3993432,137272,13411
2020.09.23,4591364,4016831,138105,33324
2020.09.24,4591364,4046827,138105,0
2020.09.25,4657702,4102954,139808,66338
2020.09.26,4689613,4130667,140537,31911
2020.09.27,4717991,4153307,141406,28378
2020.09.28,4732309,4172711,141741,14318
2020.09.29,4745464,4197372,142058,13155
2020.09.30,4777522,4237152,142921,32058
2020.10.01,4810935,4274774,143952,33413
2020.10.02,4847092,4299659,144680,36157
2020.10.03,4880523,4324676,145388,33431
2020.10.04,4906833,4361108,145987,26310
2020.10.05,4915289,4375354,146352,8456
2020.10.06,4927235,4397882,146675,11946
2020.10.07,4969141,4430340,147494,41906
2020.10.08,5000694,4457172,148228,31553
2020.10.09,5028444,4488092,148957,27750
2020.10.10,5055888,4502854,149639,27444
2020.10.11,5082637,4526393,150198,26749
2020.10.12,5094979,4526393,150488,12342
2020.10.13,5103408,4526393,150689,8429
2020.10.14,5113628,4526393,150998,10220
2020.10.15,5140863,4526393,151747,27235
2020.10.16,5169386,4526393,152460,28523
2020.10.17,5200300,4526393,153214,30914
2020.10.18,5224362,4526393,153675,24062
2020.10.19,5235344,4526393,153905,10982
2020.10.20,5250727,4526393,154176,15383
2020.10.21,5273954,4526393,154837,23227
2020.10.22,5298772,4526393,155403,24818
2020.10.23,5323630,4526393,155900,24858
2020.10.24,5353656,4526393,156471,30026
2020.10.25,5380635,4526393,156903,26979
2020.10.26,5394128,4526393,157134,13493
2020.10.27,5409854,4526393,157397,15726
2020.10.28,5439641,4914733,157946,29787
2020.10.29,5468270,4947777,158456,28629
2020.10.30,5494376,4962574,158969,26106
2020.10.31,5516658,4987435,159477,22282
2020.11.01,5535605,5005161,159884,18947
2020.11.02,5545705,5022338,160074,10100
2020.11.03,5554206,5039438,160253,8501
2020.11.04,5566049,5060697,160496,11843
2020.11.05,5590025,5078162,161106,23976
2020.11.06,5612319,5102762,161736,22294
2020.11.07,5631181,5118156,162015,18862
2020.11.08,5653561,5138641,162269,22380
2020.11.09,5664115,5147172,162397,10554
2020.11.10,5675032,5163226,162628,10917
2020.11.11,5699005,5183970,162802,23973
2020.11.12,5747660,5222937,163368,48655
2020.11.13,5781582,5254457,164281,33922
2020.11.14,5810652,5274812,164737,29070
2020.11.15,5848959,5279452,165658,38307
2020.11.16,5863093,5279452,165798,14134
2020.11.17,5876464,5335498,166014,13371
2020.11.18,5911758,5358299,166699,35294
2020.11.19,5945849,5383385,167455,34091
2020.11.20,5981767,5406066,168061,35918
2020.11.21,6020164,5430896,168613,38397
2020.11.22,6052786,5437189,168989,32622
2020.11.23,6071401,5457973,169183,18615
2020.11.24,6087608,5481184,169485,16207
2020.11.25,6118708,5509645,170115,31100
2020.11.26,6166606,5534010,170769,47898
2020.11.27,6204220,5556887,171460,37614
2020.11.28,6238350,5581436,171974,34130
2020.11.29,6290272,5581436,172561,51922
2020.11.30,6314740,5581436,172833,24468
2020.12.01,6335878,5681648,173120,21138
2020.12.02,6386787,5712305,173817,50909
2020.12.03,6436650,5759294,174515,49863
2020.12.04,6487084,5792539,175270,50434
2020.12.05,6533968,5825745,175964,46884
2020.12.06,6577177,5864838,176628,43209
2020.12.07,6603540,5866657,176941,26363
2020.12.08,6623911,5897526,177317,20371
2020.12.09,6674999,5965492,178159,51088
2020.12.10,6728452,5966118,178995,53453
2020.12.11,6781799,6043219,179765,53347
2020.12.12,6836227,6078287,180437,54428
2020.12.13,6880127,6078287,181123,43900
2020.12.14,6901952,6138349,181402,21825
2020.12.15,6927145,6158049,181835,25193
2020.12.16,6970034,6206483,182799,42889
2020.12.17,7040608,6239192,183735,70574
2020.12.18,7110434,6301547,184827,69826
2020.12.19,7162978,6322955,185650,52544
2020.12.20,7213155,6388938,186356,50177
2020.12.21,7238600,6409986,186764,25445
2020.12.22,7263619,6469310,187291,25019
2020.12.23,7318821,6501341,188259,55202
2020.12.24,7365517,6512717,189220,46696
2020.12.25,7425593,6512717,190006,60076
2020.12.26,7448560,6512717,190488,22967
2020.12.27,7465806,6654189,190795,17246
2020.12.28,7484285,6677235,191139,18479
2020.12.29,7504833,6714031,191570,20548
2020.12.30,7563551,6754111,192681,58718
2020.12.31,7619200,6814092,193875,55649
2021.01.01,7675973,6848844,194949,56773
2021.01.02,7700578,6855372,195411,24605
2021.01.03,7716405,6893256,195725,15827
2021.01.04,7733746,6904382,196018,17341
2021.01.05,7753752,6950045,196561,20006
2021.01.06,7810400,6995541,197732,56648
2021.01.07,7873830,7033286,198974,63430
2021.01.08,7961673,7081521,200498,87843
2021.01.09,8013708,7136817,201460,52035
2021.01.10,8075998,7205410,202631,62290
2021.01.11,8105790,7231336,203100,29792
2021.01.12,8131612,7273237,203580,25822
2021.01.13,8195637,7284945,204690,64025
2021.01.14,8256536,7347080,205964,60899
2021.01.15,8324294,7394739,207095,67758
2021.01.16,8393492,7438075,208246,69198
2021.01.17,8455059,7485823,209296,61567
2021.01.18,8488099,7522851,209847,33040
2021.01.19,8511770,7560460,210299,23671
2021.01.20,8573864,7618080,211491,62094
2021.01.21,8638249,7618080,212831,64385
2021.01.22,8697368,7673092,214147,59119
2021.01.23,8753920,7754675,215243,56552
2021.01.24,8816254,7791551,216445,62334
2021.01.25,8844577,7821376,217037,28323
2021.01.26,8871393,7864969,217664,26816
2021.01.27,8933356,7930380,218878,61963
2021.01.28,8996876,7964176,220161,63520
2021.01.29,9058687,7992906,221547,61811
2021.01.30,9118513,8066603,222666,59826
2021.01.31,9176975,8148671,223945,58462
2021.02.01,9204731,8176373,224504,27756
2021.02.02,9229322,8222431,225099,24591
2021.02.03,9283418,8258074,226309,54096
2021.02.04,9339420,8313044,227563,56002
2021.02.05,9396293,8366197,228795,56873
2021.02.06,9447165,8396148,230034,50872
2021.02.07,9447165,8429889,230034,0
2021.02.08,9524640,8468459,231534,77475
2021.02.09,9524640,8478818,231534,0
2021.02.10,9599565,8577207,233520,74925
2021.02.11,9659167,8616282,234850,59602
2021.02.12,9713909,8637050,236201,54742
2021.02.13,9765455,8719379,237489,51546
2021.02.14,9809754,8740445,238532,44299
2021.02.15,9834513,8765048,239245,24759
2021.02.16,9866710,8821887,239773,32197
2021.02.17,9921981,8847264,240940,55271
2021.02.18,9978747,8933402,242090,56766
2021.02.19,10030626,8960755,243457,51879
2021.02.20,10084208,9021456,244737,53582
2021.02.21,10139148,9070505,245977,54940
2021.02.22,10168174,9095692,246504,29026
2021.02.23,10195160,9108205,247143,26986
2021.02.24,10257875,9189903,248529,62715
2021.02.25,10324463,9214337,249957,66588
2021.02.26,10390461,9270500,251498,65998
2021.02.27,10455630,9309568,252835,65169
2021.02.28,10517232,9372546,254221,61602
2021.03.01,10551259,9382316,254942,34027
2021.03.02,10587001,9437611,255720,35742
2021.03.03,10646926,9506263,257361,59925
2021.03.04,10718630,9548315,259271,71704
2021.03.05,10793732,9605983,260970,75102
2021.03.06,10869227,9647550,262770,75495
2021.03.07,10938836,9686024,264325,69609
2021.03.08,11019344,9739464,265411,80508
2021.03.09,11051665,9827355,266398,32321
2021.03.10,11122429,9878566,268370,70764
2021.03.11,11202305,9921994,270656,79876
2021.03.12,11277717,9984822,272889,75412
2021.03.13,11363380,10047968,275105,85663
2021.03.14,11439558,10084820,277102,76178
2021.03.15,11483370,10140570,278229,43812
2021.03.16,11519609,10195598,279286,36239
