,confirm,heal,dead,confirm_add
01.28,7,1,0,0
01.29,8,1,0,1
01.30,13,1,0,5
01.31,17,1,0,4
02.01,20,1,0,3
02.02,20,1,0,0
02.03,20,1,0,0
02.04,22,1,0,2
02.05,24,1,0,2
02.06,25,1,0,1
02.07,25,1,0,0
02.08,25,1,0,0
02.09,25,1,0,0
02.10,26,1,0,1
02.11,26,1,0,0
02.12,29,1,0,3
02.13,34,1,1,5
02.14,35,1,1,1
02.15,49,1,1,14
02.16,56,1,1,0
02.17,65,1,1,0
02.18,74,1,1,9
02.19,84,1,1,0
02.20,93,1,3,9
02.21,103,1,1,10
02.22,122,1,1,14
02.23,136,1,1,14
02.24,159,1,1,23
02.25,162,1,1,3
02.26,178,1,1,7
02.27,207,1,4,29
02.28,233,32,5,22
02.29,241,32,5,8
03.01,256,32,6,14
03.02,274,32,6,18
03.03,293,32,6,19
03.04,326,32,6,33
03.05,331,32,6,5
03.06,416,32,6,85
03.07,441,32,7,25
03.08,494,32,7,33
03.09,514,80,9,20
03.10,581,101,12,67
03.11,628,102,14,47
03.12,690,118,17,62
03.13,725,135,21,35
03.14,748,135,21,23
03.15,818,135,24,70
03.16,835,135,28,48
03.17,880,135,29,45
03.18,919,135,31,84
03.19,956,135,33,73
03.20,1016,135,35,97
03.21,1054,135,36,135
03.22,1101,232,41,47
03.23,1140,285,42,39
03.24,1209,285,42,69
03.25,1307,310,45,98
03.26,1399,359,47,92
03.27,1516,372,49,117
03.28,1724,372,52,208
03.29,1726,424,52,2
03.30,1866,424,54,140
03.31,1953,424,56,87
04.01,2178,472,57,225
04.02,2384,472,57,206
04.03,2617,514,63,233
04.04,2935,514,69,318
04.05,3139,514,77,204
04.06,3654,575,85,515
04.07,3906,592,92,252
04.08,4257,622,93,351
04.09,4667,632,94,410
04.10,5530,685,99,863
04.11,6005,762,99,475
04.12,6748,762,108,743
04.13,7370,784,123,622
04.14,7645,799,143,275
04.15,8100,853,146,455
04.16,8626,901,178,526
04.17,9231,935,190,605
04.18,9787,935,190,556
04.19,10296,1069,222,509
04.20,10797,1159,236,501
04.21,11135,1239,263,338
04.22,11512,1356,281,377
04.23,11950,1424,299,438
04.24,12368,1494,328,418
04.25,12829,1530,345,461
04.26,13231,1656,360,402
04.27,13441,1809,372,210
04.28,13614,1899,385,173
04.29,13736,1899,394,122
04.30,13965,2368,425,229
05.01,14088,2460,430,123
05.02,14305,2975,455,217
05.03,14305,2975,455,0
05.04,14877,3981,487,572
05.05,15078,4156,536,201
05.06,15253,4496,556,175
05.07,15253,4496,556,0
05.08,15477,4918,577,224
05.09,15575,5146,590,98
05.10,15663,5906,607,88
05.11,15777,8127,624,114
05.12,15847,8293,633,70
05.13,15968,8531,657,121
05.14,16049,8920,678,81
05.15,16120,9868,697,71
05.16,16203,10338,713,83
05.17,16237,10338,725,34
05.18,16285,11153,744,48
05.19,16305,11564,749,20
05.20,16367,11564,768,62
05.21,16385,12286,771,18
05.22,16424,12672,777,39
05.23,16513,13005,796,89
05.24,16536,13244,808,23
05.25,16550,13413,820,14
05.26,16581,13612,830,31
05.27,16623,13810,846,42
05.28,16651,13973,858,28
05.29,16673,14213,887,22
05.30,16716,14231,891,43
05.31,16751,14342,898,35
06.01,16787,14463,899,36
06.02,16837,14585,902,50
06.03,16837,14585,902,0
06.04,16911,14785,911,74
06.05,16957,14854,915,46
06.06,17000,14927,915,43
06.07,17039,14990,917,39
06.08,17060,15043,920,21
06.09,17111,15141,920,51
06.10,17134,15142,920,23
06.11,17187,15233,922,53
06.12,17250,15362,924,63
06.13,17292,15459,927,42
06.14,17369,15514,927,77
06.15,17439,15567,929,70
06.16,17481,15652,934,42
06.17,17530,15709,935,49
06.18,17588,15753,935,58
06.19,17655,15796,951,67
06.20,17725,15857,951,70
06.21,17780,15948,955,55
06.22,17813,15957,955,33
06.23,17875,16079,956,62
06.24,17963,16101,967,88
06.25,18056,16142,971,93
06.26,18161,16142,971,105
06.27,18162,16224,971,1
06.28,18366,16327,972,204
06.29,18476,16388,972,110
06.30,18615,16458,972,139
07.01,18741,16563,976,126
07.02,18934,16615,977,193
07.03,19178,16721,977,244
07.04,19459,16798,977,281
07.05,19667,16870,977,208
07.06,19841,17007,978,174
07.07,20054,17057,980,213
07.08,20261,17057,982,207
07.09,20615,17411,982,354
07.10,21044,17494,982,429
07.11,21427,17494,982,383
07.12,21839,17845,983,412
07.13,22097,18058,984,258
07.14,22431,18126,984,334
07.15,22862,18126,984,431
07.16,23496,18126,984,634
07.17,24093,18942,985,597
07.18,24760,19211,985,667
07.19,25274,19211,986,514
07.20,25692,19603,988,418
07.21,26328,20001,988,636
07.22,27090,20482,988,762
07.23,28092,20878,992,1002
07.24,28874,21173,994,782
07.25,29667,21411,995,793
07.26,30508,21606,998,841
07.27,31087,21606,998,579
07.28,32096,22636,1001,1009
07.29,33351,23351,1001,1255
07.30,34627,24024,1007,1276
07.31,36209,24774,1008,1582
08.01,37778,25347,1011,1569
08.02,39112,25748,1012,1334
08.03,40067,26476,1017,955
08.04,41311,27187,1022,1244
08.05,42660,28018,1028,1349
08.06,44155,28858,1034,1495
08.07,45741,28858,1037,1586
08.08,47331,31248,1042,1590
08.09,48682,32435,1047,1351
08.10,49605,33450,1052,923
08.11,50296,34046,1058,691
08.12,51278,35058,1066,982
08.13,52470,36191,1073,1192
08.14,53818,36191,1080,1348
08.15,55048,39438,1093,1230
08.16,56074,40560,1103,1026
08.17,56702,41564,1111,628
08.18,57617,42965,1135,915
08.19,58711,43786,1148,1094
08.20,59895,45110,1157,1184
08.21,60940,46264,1175,1045
08.22,61914,46264,1179,974
08.23,62655,48319,1188,741
08.24,63144,49089,1201,489
08.25,63861,50092,1215,717
08.26,64758,51407,1230,897
08.27,65625,52539,1240,867
08.28,66499,53691,1251,874
08.29,67353,54883,1271,854
08.30,67952,55700,1285,599
08.31,68388,56338,1298,436
09.01,69019,57353,1312,631
09.02,69619,58108,1327,600
09.03,70275,58200,1334,656
09.04,70866,58200,1339,591
09.05,71467,61099,1361,601
09.06,71918,61730,1366,451
09.07,72211,62189,1376,293
09.08,72724,62936,1397,513
09.09,73266,63720,1412,542
09.10,73955,64408,1416,689
09.11,74558,65244,1428,603
09.12,75206,65934,1441,648
09.13,75646,66524,1448,440
09.14,75914,66901,1455,268
09.15,76445,66901,1463,531
09.16,76996,68110,1481,551
09.17,77488,68827,1490,492
09.18,78061,69468,1500,573
09.19,78662,70051,1504,601
09.20,79142,70604,1508,480
09.21,79453,70970,1517,311
09.22,79771,71214,1519,318
09.23,80004,71547,1525,233
09.24,80467,72066,1540,463
09.25,81054,73016,1544,587
09.26,81696,73677,1547,642
09.27,82180,73677,1549,484
09.28,82469,74495,1561,289
09.29,83003,74962,1568,534
09.30,83591,75522,1575,588
10.01,84233,76081,1581,642
10.02,84768,76700,1591,535
10.03,85345,76700,1594,577
10.04,85746,77851,1598,401
10.05,86027,78071,1600,281
10.06,86527,78521,1609,500
10.07,87038,79123,1614,511
10.08,87656,79674,1617,618
10.09,88267,80140,1623,611
10.10,88948,80798,1626,681
10.11,89385,80798,1627,437
10.12,89652,81552,1631,267
10.13,90153,82063,1635,501
10.14,90694,82576,1646,541
10.15,91402,83272,1649,708
10.16,92044,83882,1664,642
10.17,92667,84461,1670,623
10.18,93098,84461,1672,431
10.19,93408,85310,1676,310
10.20,93890,85867,1679,482
10.21,94511,86429,1686,621
10.22,95125,87022,1697,614
10.23,95868,87600,1706,743
10.24,96599,88138,1710,731
10.25,97093,88610,1716,494
10.26,97499,89031,1721,406
10.27,98146,89465,1726,647
10.28,98877,90118,1731,731
10.29,99674,90624,1748,797
10.30,100450,91184,1756,776
10.31,101327,89765,1769,877
11.01,101941,92250,1775,614
11.02,102427,92673,1787,486
11.03,103293,93133,1794,866
11.04,103917,93564,1798,624
11.05,104964,94376,1806,1047
11.06,106108,95010,1810,1144
11.07,107439,95703,1815,1331
11.08,108386,96430,1821,947
11.09,109159,96684,1833,773
11.10,109191,96684,1834,32
11.11,110475,98487,1840,1284
11.12,113655,99282,1854,3180
11.13,115360,100197,1864,1705
11.14,117103,101162,1865,1743
11.15,118601,91954,1872,1498
11.16,119555,102810,1880,954
11.17,121247,103778,1895,1692
11.18,123455,104837,1908,2208
11.19,125845,106074,1920,2390
11.20,128262,107521,1930,2417
11.21,130866,108981,1932,2604
11.22,133034,110273,1943,2168
11.23,134554,111343,1949,1520
11.24,135776,112385,1963,1222
11.25,137708,113767,1983,1932
11.26,140225,116222,1996,2517
11.27,140225,116222,1996,0
