,confirm,heal,dead,confirm_add
01.20,0,0,0,0
01.21,0,0,0,0
01.22,1,0,0,1
01.23,2,0,0,1
01.24,5,0,0,3
01.25,5,0,0,0
01.26,8,0,0,3
01.27,8,0,0,0
01.28,8,0,0,0
01.29,10,0,0,2
01.30,12,0,0,2
01.31,13,0,0,1
02.01,14,0,0,1
02.02,15,0,0,1
02.03,15,0,0,0
02.04,18,0,1,3
02.05,21,0,1,4
02.06,24,0,1,3
02.07,26,0,1,1
02.08,26,0,1,2
02.09,36,0,1,10
02.10,38,0,1,9
02.11,50,1,1,8
02.12,50,1,1,8
02.13,53,1,1,3
02.14,56,1,1,3
02.15,56,1,1,0
02.16,57,2,1,1
02.17,60,2,1,3
02.18,62,4,2,0
02.19,65,5,2,3
02.20,68,5,2,3
02.21,68,6,2,0
02.22,69,11,2,0
02.23,74,11,2,5
02.24,81,19,2,7
02.25,85,18,2,4
02.26,91,24,2,9
02.27,93,26,2,2
02.28,94,30,2,1
02.29,95,33,2,1
03.01,98,36,2,2
03.02,100,36,2,2
03.03,100,37,2,0
03.04,104,43,2,4
03.05,104,46,2,0
03.06,108,51,2,1
03.07,114,58,3,6
03.08,115,59,3,1
03.09,115,60,3,1
03.10,120,65,3,5
03.11,129,67,3,9
03.12,131,75,4,2
03.13,137,78,4,6
03.14,141,81,4,4
03.15,148,84,4,7
03.16,157,88,4,9
03.17,167,92,4,10
03.18,192,95,4,25
03.19,208,98,4,16
03.20,256,98,4,48
03.21,273,100,4,17
03.22,317,100,4,83
03.23,356,101,4,39
03.24,386,102,4,30
03.25,410,106,4,24
03.26,453,110,4,43
03.27,518,111,4,65
03.28,582,112,4,64
03.29,641,118,4,59
03.30,682,124,4,41
03.31,714,128,4,32
04.01,765,147,4,51
04.02,802,154,4,37
04.03,845,173,4,43
04.04,862,186,4,17
04.05,890,206,4,28
04.06,914,216,4,24
04.07,935,236,4,21
04.08,960,264,4,25
04.09,973,293,4,13
04.10,989,309,4,16
04.11,1000,336,4,11
04.12,1004,360,4,4
04.13,1009,397,4,5
04.14,1012,434,4,3
04.15,1016,485,4,4
04.16,1017,485,4,1
04.17,1021,532,4,4
04.18,1023,568,4,2
04.19,1025,602,4,2
04.20,1025,630,4,0
04.21,1029,650,4,4
04.22,1033,678,4,4
04.23,1035,699,4,2
04.24,1035,725,4,0
04.25,1037,753,4,2
04.26,1037,772,4,0
04.27,1037,787,4,0
04.28,1037,811,4,0
04.29,1037,830,4,0
04.30,1037,846,4,0
05.01,1039,859,4,2
05.02,1039,864,4,0
05.03,1039,879,4,0
05.04,1040,900,4,1
05.05,1040,920,4,0
05.06,1040,932,4,0
05.07,1044,944,4,4
05.08,1044,960,4,0
05.09,1044,967,4,0
05.10,1047,982,4,3
05.11,1047,985,4,0
05.12,1047,991,4,0
05.13,1050,1008,4,3
05.14,1051,1009,4,1
05.15,1052,1019,4,1
05.16,1052,1022,4,0
05.17,1055,1024,4,3
05.18,1055,1025,4,0
05.19,1055,1025,4,0
05.20,1055,1026,4,0
05.21,1063,1029,4,8
05.22,1065,1029,4,2
05.23,1065,1029,4,0
05.24,1065,1030,4,0
05.25,1065,1030,4,0
05.26,1065,1033,4,0
05.27,1066,1034,4,1
05.28,1066,1035,4,0
05.29,1079,1035,4,13
05.30,1082,1036,4,3
05.31,1084,1037,4,2
06.01,1087,1037,4,3
06.02,1093,1038,4,6
06.03,1093,1039,4,0
06.04,1099,1042,4,6
06.05,1102,1045,4,3
06.06,1105,1048,4,3
06.07,1106,1049,4,1
06.08,1107,1049,4,1
06.09,1107,1050,4,0
06.10,1107,1051,4,0
06.11,1107,1055,4,0
06.12,1108,1060,4,1
06.13,1109,1061,4,1
06.14,1109,1067,4,0
06.15,1112,1067,4,3
06.16,1112,1069,4,0
06.17,1120,1071,4,8
06.18,1124,1072,4,4
06.19,1127,1074,4,3
06.20,1128,1077,4,1
06.21,1131,1078,5,3
06.22,1161,1078,5,30
06.23,1177,1083,6,16
06.24,1179,1086,6,2
06.25,1193,1088,7,14
06.26,1196,1091,7,3
06.27,1197,1095,7,1
06.28,1199,1104,7,2
06.29,1203,1105,7,4
06.30,1205,1107,7,2
07.01,1233,1117,7,28
07.02,1242,1120,7,9
07.03,1247,1125,7,5
07.04,1258,1145,7,11
07.05,1268,1156,7,10
07.06,1285,1157,7,17
07.07,1299,1161,7,14
07.08,1323,1167,7,24
07.09,1365,1176,7,42
07.10,1403,1187,7,38
07.11,1431,1197,7,28
07.12,1469,1214,7,38
07.13,1521,1217,8,52
07.14,1569,1229,8,48
07.15,1588,1241,10,19
07.16,1655,1254,10,67
07.17,1713,1264,11,58
07.18,1777,1274,12,64
07.19,1885,1294,12,108
07.20,1958,1302,12,73
07.21,2018,1324,14,60
07.22,2131,1344,14,113
07.23,2249,1379,15,118
07.24,2372,1407,16,123
07.25,2505,1455,18,133
07.26,2633,1495,18,128
07.27,2778,1486,22,145
07.28,2884,1527,23,106
07.29,3002,1591,24,118
07.30,3151,1660,25,149
07.31,3272,1751,27,121
08.01,3396,1858,31,124
08.02,3511,1959,35,115
08.03,3589,2037,38,78
08.04,3669,2141,42,80
08.05,3754,2314,43,85
08.06,3849,2458,46,95
08.07,3938,2620,47,89
08.08,4007,2755,47,69
08.09,4079,2847,52,72
08.10,4148,2917,55,69
08.11,4181,3052,58,33
08.12,4243,3189,63,62
08.13,4312,3295,66,69
08.14,4360,3392,67,48
08.15,4406,3488,69,46
08.16,4480,3549,69,74
08.17,4524,3599,69,44
08.18,4560,3677,71,36
08.19,4586,3779,72,26
08.20,4604,3827,75,18
08.21,4631,3900,75,27
08.22,4657,3974,76,26
08.23,4682,4018,77,25
08.24,4691,4052,77,9
08.25,4710,4108,78,19
08.26,4734,4161,79,24
08.27,4755,4200,81,21
08.28,4768,4249,84,13
08.29,4786,4287,87,18
08.30,4801,4320,88,15
08.31,4810,4342,89,9
09.01,4822,4380,90,12
09.02,4830,4401,93,8
09.03,4838,4431,94,8
09.04,4850,4456,94,12
09.05,4857,4493,94,7
09.06,4878,4511,96,21
09.07,4889,4524,98,11
09.08,4895,4543,99,6
09.09,4901,4557,99,6
09.10,4913,4582,99,12
09.11,4925,4598,99,12
09.12,4938,4613,100,13
09.13,4957,4630,100,19
09.14,4971,4635,101,14
09.15,4975,4646,102,4
09.16,4984,4663,102,9
09.17,4993,4682,102,9
09.18,4996,4696,103,3
09.19,5009,4708,103,13
09.20,5032,4712,103,23
09.21,5038,4717,103,6
09.22,5046,4729,103,8
09.23,5049,4749,104,3
09.24,5056,4758,104,7
09.25,5058,4765,105,2
09.26,5059,4777,105,1
09.27,5065,4786,105,6
09.28,5075,4790,105,10
09.29,5079,4807,105,4
09.30,5087,4827,105,8
10.01,5097,4837,105,10
10.02,5104,4843,105,7
10.03,5108,4849,105,4
10.04,5113,4861,105,5
10.05,5124,4864,105,11
10.06,5132,4875,105,8
10.07,5143,4885,105,11
10.08,5161,4890,105,18
10.09,5169,4906,105,8
10.10,5175,4914,105,6
10.11,5182,4919,105,7
10.12,5193,4921,105,11
10.13,5201,4931,105,8
10.14,5201,4932,105,0
10.15,5213,4943,105,12
10.16,5220,4951,105,7
10.17,5237,4963,105,17
10.18,5241,4973,105,4
10.19,5256,4982,105,15
10.20,5261,4996,105,5
10.21,5269,5004,105,8
10.22,5280,5019,105,11
10.23,5284,5029,105,4
10.24,5289,5041,105,5
10.25,5295,5047,105,6
10.26,5303,5050,105,8
10.27,5308,5053,105,5
10.28,5310,5063,105,2
10.29,5313,5073,105,3
10.30,5320,5082,105,7
10.31,5323,5089,105,3
11.01,5330,5096,105,7
11.02,5336,5102,105,6
11.03,5345,5109,105,9
11.04,5348,5118,106,3
11.05,5355,5126,107,7
11.06,5361,5131,107,6
11.07,5364,5139,107,3
11.08,5374,5144,107,10
11.09,5380,5146,107,6
11.10,5389,5153,108,9
11.11,5407,5159,108,18
11.12,5430,5170,108,23
11.13,5436,5177,108,6
11.14,5444,5187,108,8
11.15,5458,5194,108,14
11.16,5466,5198,108,8
11.17,5470,5212,108,4
11.18,5479,5224,108,9
11.19,5491,5233,108,12
11.20,5517,5239,108,26
11.21,5560,5248,108,43
11.22,5628,5259,108,68
11.23,5701,5267,108,73
11.24,5781,5274,108,80
11.25,5866,5295,108,85
11.26,5947,5300,108,81
11.27,6039,5313,108,92
11.28,6123,5328,109,84
11.29,6238,5340,109,115
11.30,6314,5344,109,76
12.01,6396,5361,109,82
12.02,6499,5394,110,103
12.03,6589,5423,111,90
12.04,6701,5465,112,112
12.05,6802,5511,112,101
12.06,6897,5567,112,95
12.07,6975,5626,112,78
12.08,7075,5696,112,100
12.09,7179,5783,114,104
12.10,7291,5900,114,112
12.11,7377,5996,114,86
12.12,7446,6114,115,69
12.13,7541,6202,117,95
12.14,7623,6266,120,82
12.15,7721,6345,123,98
12.16,7803,6439,123,82
12.17,7899,6534,125,96
12.18,7969,6628,129,70
12.19,8078,6737,130,109
12.20,8152,6837,130,74
12.21,8237,6910,131,85
12.22,8300,6995,132,63
12.23,8353,7112,133,53
12.24,8424,7203,135,71
12.25,8481,7317,136,57
12.26,8540,7394,136,59
12.27,8610,7474,137,70
12.28,8671,7526,141,61
12.29,8724,7616,143,53
12.30,8778,7722,147,54
12.31,8846,7813,148,68
01.01,8888,7912,149,42
01.02,8923,7968,150,42
